# PARASOL total downward transmittance (direct+diffuse, Rayleigh+aerosol) for aerosol model MC50
# Columns gives t_up for 7 aerosol optical thickness (total, i.e. all layers) given in file TAUA_PARASOL.txt
# (first optical thickness is zero hence gives Rayleigh transmittance)
# lambda: 443 490 565 670 763 765 865 910 1020
# thetas: 0.0 10.222899999999999 21.347999999999999 32.478999999999999 43.611400000000003 54.744399999999999 65.877600000000001 77.010999999999996 85.0
# Inner loop is on thetas, then on bands 
# Dimensions: 9 9 7
0.90229761620715931 0.89727594540746358 0.89566635670982475 0.89080405462300094 0.87612985916222386 0.86147230595582636 0.83885296210205607
0.90027279180502651 0.89567942223914698 0.89405465157654229 0.88910596335110426 0.87468752463061672 0.85959243829398302 0.8364533735262758
0.89522863195734959 0.88973841035795864 0.8878813453465344 0.88258810150799694 0.8666993466260472 0.84889492987052539 0.82531754857578077
0.88474786903274938 0.87864331789794348 0.87723813495811109 0.86974027299314549 0.85089402693069283 0.83188899375476011 0.80319322041127195
0.86739303259710598 0.85960735140898714 0.85747298586443266 0.84810228929169817 0.82527038181264267 0.80214410732673258 0.76881569096725022
0.83754976584920016 0.8274713295049505 0.82355536313785216 0.81191005541507988 0.78036289718202556 0.75049610458491978 0.71063443028179718
0.78319396932216301 0.76784044907844629 0.7628046764965728 0.74656232472201078 0.70343706549885754 0.6638780698857577 0.61813703049504964
0.6682177133891849 0.64461394613861367 0.6370772492916984 0.61371118312261996 0.56216087412033511 0.5243931453769991 0.48374424469154598
0.49223415354150812 0.47086587948210212 0.46505380261995427 0.45070765038842342 0.42190672575780658 0.40030310424980964 0.37809148444782942
0.9340718403216971 0.92929711214580979 0.92800454476868688 0.92260400497983175 0.90843749457198364 0.89343257681390387 0.87146105186494693
0.93284319981574626 0.92797308879039908 0.92680450814202497 0.92168768216224295 0.90646381821124455 0.89069738665903098 0.86687317113191575
0.92911942517802915 0.92367740652855945 0.92267649153428632 0.9163096394352872 0.89951672493899715 0.88283218684328491 0.85744458635028165
0.92151036972760325 0.91575472546187964 0.91320854780638427 0.90639571378417427 0.88762742418206297 0.86655251000946187 0.83806599243065583
0.90899349616552971 0.90080842079577728 0.89899568609631009 0.89010442888800367 0.86546611197151557 0.83989087796922468 0.80484213634779156
0.88735270808226707 0.87652147161495952 0.87274352885812467 0.86061055719336699 0.8255985242268814 0.79356018395498229 0.74963018761515865
0.84621281181216079 0.82992624169613083 0.82357781069169866 0.80401904135750213 0.75351870614013261 0.71018433536676473 0.65531683763258819
0.75129192186644123 0.72182013527712774 0.7116107250136946 0.67988907407499621 0.61059502669189791 0.56188133046163047 0.51323051078133564
0.56678967436880634 0.53122434149195763 0.52071352836014162 0.49398390530850061 0.45039400393406709 0.42505033041183216 0.39677984965888163
0.9615291286612806 0.95724720640016869 0.95587557646253862 0.95092815147767062 0.93681096244638018 0.92187981075817815 0.89855824342745871
0.96086016947814434 0.95641405786994405 0.95525477675728332 0.94995054667228107 0.93459951190820822 0.92072425721729523 0.89705974825653334
0.95864990389220772 0.95335917247822322 0.95222105181715333 0.94660680933708774 0.92967013910892404 0.9142889376825708 0.88685902660596361
0.95413743182715338 0.94834188168109701 0.94669105281717936 0.93941820000526333 0.92080392281375845 0.90012001631621885 0.87007348372325599
0.94614843969578144 0.9384948833390353 0.93640974591436632 0.92729898115739906 0.90184851964525381 0.87608142759020002 0.83887900407905469
0.93252829008658122 0.9221046105686993 0.91858591333982487 0.90487132864022746 0.86790216260954223 0.83236290841864269 0.78563120911076623
0.90617639664201699 0.888605927655991 0.881921040448433 0.85989131453459311 0.80197423942735357 0.7533655243295877 0.6918162386378589
0.84010063356930442 0.80499971904523804 0.79210281175820407 0.75035846088054947 0.66067221371615059 0.6013655773836154 0.5407795752519805
0.67880374678281019 0.61773951398721028 0.59878395305139609 0.54779578162583242 0.47933410626595441 0.44588859572620337 0.41139444680123166
0.98063664620891133 0.97680552954180588 0.97561180348448562 0.97092693688975429 0.95756145656236014 0.94362267784298748 0.92120116080216874
0.98033489370213434 0.97638821404321385 0.97510847877464013 0.97024628883859243 0.95546575463852412 0.94062843200779001 0.91957266236808155
0.97916931952522579 0.97454886788430672 0.97312150698739364 0.96823022596520769 0.95241544887754315 0.93657887754296398 0.91127774316393384
0.97689344740374251 0.97161952212016722 0.96968576766586823 0.96270123325525714 0.94421046558938859 0.92422916843434999 0.89538567515856526
0.9727062902597573 0.96595418601468541 0.96345206624207169 0.95425789822880758 0.92918739384688265 0.90367800605310922 0.86541170239755771
0.96567764028739123 0.95541867186883167 0.95149557301892251 0.93866175898097215 0.90019996123378154 0.86339183469747605 0.81388679758928328
0.95133428623312377 0.93389742340184745 0.92738990838750412 0.90324378177224507 0.84214615467010534 0.78744180040529521 0.72037842142800745
0.91393279487854318 0.87539273700555298 0.85944082919704179 0.809840033502645 0.70286570047635322 0.63230622222807054 0.56516524167697468
0.80374882872332021 0.71614000929020705 0.68422202221227979 0.60405460904808284 0.50348274250598735 0.46045222162275967 0.42131366047319518
0.98845293605820195 0.98508025123386833 0.98381158264175772 0.9791926600738492 0.96646149347420762 0.95278723423390488 0.93101276276825229
0.98822402668811449 0.98467037037984861 0.98357778163272769 0.97911468372756194 0.96489901071180495 0.95103154589990135 0.9288373984572077
0.98758752184403908 0.98341756882243259 0.98228972397908831 0.97670613033305309 0.96276114462764606 0.94679027433919494 0.92168804664936199
0.9862917203963002 0.98112899766022021 0.97929727521661236 0.97376866029320364 0.95453410492450574 0.93531829835849822 0.90612309874602415
0.98379219496947323 0.97738558728475844 0.97473565338354118 0.9668475998245164 0.94087679417248571 0.91624761901802365 0.87943779563484803
0.97936968398347535 0.97023780031440798 0.96678571184147999 0.95270734807882129 0.91455965725880173 0.87915887006909677 0.82735315596095504
0.97062083738529581 0.95370407578693361 0.94693106068804156 0.92352624366614267 0.8580503703067307 0.8040625046247214 0.73552029674989938
0.94719935893686258 0.9085605812159544 0.89169538990238728 0.83814258728475854 0.72256784981537681 0.6464852997111834 0.57506223141885715
0.87288090900449677 0.77209822023178443 0.73190248382261536 0.63384873783497242 0.51512432636273908 0.46760541582276172 0.42498145388074432
0.98840465137398015 0.98501904510519578 0.98375537973379146 0.97937917352941184 0.96664689710176066 0.95277882577286366 0.93100731379347368
0.98825572256333172 0.98464803192357209 0.98356800392872468 0.9788188929905538 0.96539518944826097 0.95146912545083695 0.92929851583297551
0.98752572382996973 0.98338360410047232 0.98212536605839396 0.97716836965435805 0.96229022364748795 0.94652815464791751 0.92151426624087585
0.98611484740231847 0.98124091346071274 0.97948985647273501 0.9735888458458567 0.95501278250322008 0.93533923029197075 0.90623802379776719
0.98369379200300544 0.97740119021039051 0.9748369620867321 0.96684297729712276 0.94112843240661226 0.91587749435380006 0.87866590545298395
0.97937143569128382 0.96997114458995282 0.96633205373550868 0.95282237377629853 0.9148862200515242 0.87823442656719619 0.82731737341133527
0.9704644523185918 0.95371426820523819 0.94682437624516946 0.92286704162730793 0.85880146288106474 0.8031678144697294 0.73611431011163586
0.94688313905109489 0.90844147180120205 0.89170566216187197 0.83780879575998279 0.72222996402962636 0.64720685703091441 0.57491628417775853
0.87268306244096183 0.7720354257406612 0.73199238279304424 0.63378404469729499 0.51470536260197519 0.46704944179905533 0.42502210047230565
0.992977503908818 0.98976411490515581 0.98860783389285412 0.98464850348624344 0.9724048590712745 0.95904837353272643 0.93850386889614079
0.99292346154568512 0.98958039354634242 0.98841280987651459 0.98384962217109639 0.97122304055545161 0.95823833622875387 0.93642786550380352
0.99246332199032772 0.98848903240914676 0.9874594691637717 0.98272035821438664 0.96801197965771446 0.95281173620762549 0.92930358742604968
0.99158932903324304 0.98701911263968445 0.98533491717532207 0.97948986327354703 0.96199448445863489 0.94373859396422211 0.91445078159921134
0.99010044889191506 0.98437505808057146 0.9819500447812004 0.97345409742698852 0.94920654367781077 0.92425333791905362 0.88788348808573592
0.98739109017278626 0.97850329344304632 0.97468236847356526 0.96160991904169457 0.92462098376608148 0.88902368175415547 0.83826224417785744
0.9818901139308861 0.96603086450605713 0.95901124828622408 0.93498367147149997 0.87107422550239488 0.81542898687670229 0.74640946194478364
0.96720071510235728 0.92948530872617163 0.91211372249741784 0.85572297688750154 0.73648579285613736 0.6581712199150157 0.58376378030801035
0.91841133680392539 0.81152806713071668 0.76657811971781409 0.65509369777678661 0.52227369132078161 0.47088240628228017 0.42707021502018988
0.99423553207966653 0.99113620503937006 0.98993664948587323 0.9859266002408521 0.97435029924965233 0.96137691998147312 0.94071900811486808
0.99416070295507186 0.99070004857804572 0.9896963959240388 0.98563447205187604 0.97320011396016692 0.95983860490968043 0.93943255383047708
0.99380349973135707 0.99019101949050492 0.98924710434460417 0.98402460335340436 0.96974365074571567 0.95574946790180626 0.93133103961093089
0.99305319911069923 0.98881475635016225 0.98711202767948114 0.98166901272811491 0.96382448327929593 0.94509606554886538 0.91785236696618822
0.99188375412691043 0.98602342208429805 0.98388987144048179 0.97583318384437245 0.95130152974525228 0.92742797684112988 0.89005401906438175
0.98966545934228822 0.98113787479388603 0.97737663053265411 0.96422223853635947 0.92743343270032419 0.89141189843446011 0.84177265639648002
0.98518881774895783 0.96977679838814257 0.96290621107920327 0.93848175510884657 0.87469721661880484 0.81951164087077355 0.74955939722093567
0.97285663225567387 0.93568248435386769 0.91769184822603078 0.86151693119036588 0.74018747058823542 0.66170990918017591 0.58603560031496071
0.93215172900416865 0.82372942630847601 0.77714993585919401 0.66228405419175551 0.52428133365446972 0.47169664090782781 0.42781930384437239
0.99639559426462287 0.99357943199886423 0.99253039402328225 0.98880671046280555 0.97755855964887406 0.96526877967064195 0.94627866276263528
0.99636875799735025 0.99336561726291894 0.99246847305035035 0.98859553191841754 0.97649165398447857 0.96401210905262191 0.94417220856994144
0.99609765902422887 0.99268223071644912 0.99144399947946271 0.98723459357845922 0.97376797129945125 0.95963743176225658 0.93718233286011754
0.99570653272288512 0.99172780759038459 0.99015223913969341 0.98442698140261231 0.9684351845305702 0.95132657947662347 0.92448561943971241
0.99490860325572628 0.98957600572591342 0.98717981258281295 0.98028662069373473 0.95651766616979028 0.9335539362814691 0.89923830718815079
0.99352682155025573 0.98547754190327486 0.98192223062180595 0.96963103726575828 0.93395926781658178 0.89962802212284698 0.85084863955139145
0.99072418722790101 0.97612255210107901 0.96926085429680153 0.94601426710675773 0.88314126197236431 0.82773543176225639 0.75960887374597785
0.98290698156823819 0.94685810964414185 0.92906575511073286 0.87203409175657809 0.75035003442646231 0.67041178953719494 0.59391143900246091
0.95640230356804856 0.84761094823017247 0.7978023971465078 0.67604087755536646 0.53119489461480229 0.47605326457505209 0.43060353899299653
