# PARASOL total upward transmittance (direct+diffuse, Rayleigh+aerosol) for aerosol model MAR99V
# Columns gives t_up for 7 aerosol optical thickness (total, i.e. all layers) given in file TAUA_PARASOL.txt
# (first optical thickness is zero hence gives Rayleigh transmittance)
# lambda: 443 490 565 670 763 765 865 910 1020
# thetav: 0.0 10.222899999999999 21.347999999999999 32.478999999999999 43.611400000000003 54.744399999999999 65.877600000000001 77.010999999999996 85.0
# Inner loop is on thetav, then on bands 
# Dimensions: 9 9 7
0.90239652667174386 0.8954501151256663 0.89439713998476766 0.89094964438690016 0.88187861303884252 0.8717368052399086 0.85580240600152335
0.90067495896420413 0.89406079134805783 0.89290050044173641 0.88809206644325955 0.87657386821020544 0.86824730690022844 0.85318515993907063
0.89539860932216297 0.88780344344249806 0.88666338613861384 0.88257291128712856 0.87216945864432593 0.86059752003046464 0.84226936246763118
0.88483937398324453 0.8762780812185833 0.87469989437928397 0.86943048807311496 0.85535377410510272 0.84368993325209451 0.82408487189642032
0.86719738577303873 0.85666118641279521 0.85489422035034268 0.84868687716679359 0.83212542260472211 0.81549417288651938 0.79563364545316062
0.83755943564356428 0.82355604164508733 0.82071351043412011 0.81206652231530851 0.79008525218583381 0.76688696859101302 0.73719617876618415
0.78327351326732664 0.76273482135567383 0.75968316389946666 0.74614369864432584 0.71116544460015241 0.68508826501142417 0.64597217453160705
0.66794891019040359 0.6378562754303122 0.63241313672505717 0.61469506854531597 0.57048370297029705 0.54102686577303871 0.50759013413556742
0.49179244027418123 0.46492591649657261 0.45950289684691542 0.44857878958111191 0.42434320731150038 0.40825892042650413 0.38901166181264279
0.93401143981873436 0.92782517543947007 0.92666360811214588 0.92351054865295568 0.91292753622827572 0.90375143735371766 0.88799905848812311
0.93301352265823423 0.92670517855186518 0.92556023903192097 0.92160816570389947 0.9105379164633236 0.89942984998257069 0.88539267514068032
0.92905653924107368 0.92238432650266433 0.92115061583088498 0.91705271433195568 0.90540351563667165 0.89308498832229488 0.87438975080922277
0.92178879582690132 0.91408536175987265 0.91235469929286406 0.90723628096210363 0.89473585297046976 0.88067854559035907 0.86001760499975122
0.90912655866241721 0.89927873930581159 0.89744550866490724 0.89119910582142337 0.87380016640107583 0.85467477645535606 0.83048317083312595
0.88730617840247017 0.87348650000000005 0.8708514874508243 0.86134016035058025 0.83770942099497037 0.81261401962053703 0.77742672277277036
0.84625978748568298 0.82516264190030375 0.82149092776754151 0.80562707081320661 0.76716020243015814 0.73266339589661877 0.69069095936457359
0.75108076427966741 0.71535770922762831 0.70698681666749674 0.68400499160898354 0.62756709635974328 0.58598048254568991 0.54014796100791795
0.56722642029779391 0.52345902616901552 0.51560541315173558 0.49536700425775615 0.45597052875852806 0.43555730474079979 0.40959960288332264
0.96157080475801981 0.95605061527934943 0.95502987744414347 0.95170723608516039 0.9423897161767415 0.93200549680254752 0.91656629666570189
0.96091740966867567 0.95503967264928014 0.95406448448643388 0.95139570336061485 0.93928998239427353 0.92978913110871364 0.91444048851285564
0.95849583233769309 0.95256459891049772 0.9511287474670389 0.94705425366457008 0.9346066609647623 0.92282782991657697 0.90538743248506548
0.95413277404668539 0.94697432300850015 0.94551066859654209 0.94026311934524609 0.92820203736940443 0.91348559909471316 0.89292666191215564
0.94637866835969353 0.93691544406431781 0.93545709908155494 0.92862305955419899 0.91054431282402182 0.89125251432932451 0.86548992389273405
0.93268725666464924 0.91968524248006533 0.91685640569488669 0.90740649996052536 0.87954649235506221 0.8535431336614121 0.81671839353667208
0.90618120247901268 0.88553536535171973 0.87996107458091011 0.86232282639016822 0.81897547290718176 0.77921616003052729 0.72666236385168037
0.8402305591726098 0.80012957269928164 0.79002774001947429 0.75854006705439614 0.68014689176030962 0.62685239327350739 0.57242820882128476
0.67827702607963369 0.6112689706571226 0.59692523255875163 0.55318316855706717 0.4911952476644123 0.45977862925340152 0.42943272917708369
0.98061756541305889 0.9759296055478065 0.97503439971576711 0.97187679027291618 0.96175711511435114 0.95230434092165162 0.93558918072479424
0.98030313877411401 0.97539403908203282 0.97409154159538891 0.97141368318551435 0.96087151640919022 0.95058352627839038 0.93395176140221603
0.97910421556965022 0.97384217151354058 0.97252100671105612 0.96846874026896856 0.95789687538489887 0.94468971037187155 0.92803457096612885
0.97679728252230447 0.97065281322209629 0.96858978874647983 0.96480568186962135 0.95047459020448977 0.93573056449193337 0.91437928641734878
0.97267608755954404 0.96439555709661273 0.96327306082059105 0.95600275832302528 0.93816118406716298 0.9208016579993159 0.89063434102692318
0.96561864055057001 0.95394122191225617 0.95097556212332546 0.94015342203331842 0.9118341570913493 0.88385438897807711 0.84565624465089362
0.95129357038713591 0.93189889541279558 0.92671034305339894 0.90869993309998132 0.85876969423901894 0.81052988009579707 0.75943202147537969
0.91351979166776298 0.87266878048266971 0.86106008487512176 0.82027923672921532 0.72906380632681522 0.66783118598836755 0.59949297997210316
0.80407256070216082 0.71503561765402524 0.68996707637445054 0.61896045414111667 0.52174606318919925 0.47729102376503402 0.44205097118193548
0.98850287134866377 0.98427274584140678 0.9833206865791686 0.97967103454831272 0.96975143289584331 0.9590697808649874 0.94333049226775845
0.9883016280481115 0.98382789390560477 0.98227812137608306 0.97941398756991915 0.96957071933608741 0.95820466091470768 0.94160997459145257
0.98751966212115661 0.98271715548568717 0.98155867952326981 0.97761224717581263 0.96529958461594711 0.95574747702263008 0.93316609435893694
0.98610040467224813 0.98016616722114569 0.97884217672650176 0.97385034639710455 0.96150190191203888 0.94709374024787052 0.92330849775161772
0.98373173476401121 0.97620110850729347 0.97468066292545608 0.96832510898256141 0.94863710682557689 0.92721844130442732 0.89899947559682669
0.97940399393119582 0.96843068621357808 0.96558221317588577 0.95524518093079358 0.92776742167221149 0.89995450685482403 0.8521299872774466
0.9706334076700911 0.95208082532080562 0.94576727148758821 0.92787179501334394 0.87577479409936754 0.83172934617775018 0.77010924088765398
0.94706474671882412 0.90694183296164943 0.89487786213578024 0.84947875267795125 0.75313943965926955 0.68095925309838046 0.6088799179249077
0.87281919039959066 0.77518150941395814 0.74418678488648404 0.65370676053814936 0.5356723391584105 0.48543668277702628 0.44319854271926296
0.98846486011163581 0.9841147799806782 0.98311618844997817 0.97987670936024018 0.97002800226492025 0.95933019677973363 0.94330386977243452
0.98827694280807221 0.98382408517604125 0.98273416354658638 0.97912619372048082 0.96984454112279939 0.9581784961893518 0.94157629153069955
0.98750327215543143 0.9827730523507946 0.9818544524474021 0.97797535487333576 0.96586083913696852 0.95437211168956626 0.93460237053456419
0.98610807915414356 0.98022982219836818 0.97917206030485171 0.97419005610777143 0.96085937740446525 0.94631972835981082 0.92400387600901646
0.98364572579433174 0.97631557018033488 0.97450348444611401 0.96776603954486895 0.94835249446114234 0.92798266876341806 0.89922242208029179
0.97933302407685696 0.9684058909188491 0.96561723755903806 0.95530709538428504 0.92604716938600251 0.89807952915414324 0.85410008851438379
0.97057969629669394 0.95217859571704566 0.94651445340274765 0.92756835656934267 0.87559744693001273 0.8315855678295403 0.7706891251288106
0.94677450578574518 0.90728002158651799 0.89431738477887501 0.84883126806569331 0.75157753324388143 0.68230245290897373 0.60916237919708005
0.87254827112494626 0.77618672861743254 0.74275514266852705 0.6556584005045083 0.53646688323314728 0.48551289418205235 0.44421248765564608
0.99298947927035408 0.98894625362710131 0.98800692344351593 0.98458400653817257 0.97482466287914415 0.96429278215090664 0.94788989033007809
0.99285504674147795 0.98878216451075218 0.988005891562588 0.98475086747581919 0.97359855950089236 0.96335335954080215 0.94583128921729731
0.99244907256549919 0.98791683857639201 0.98673184649967172 0.98265893852709185 0.97062997354211666 0.95929283531317522 0.93941067246924648
0.99153281641468727 0.98608238979012142 0.98467991843130809 0.97987318832754255 0.96626080161282768 0.95061356311625467 0.92808890722133564
0.99004791877171572 0.98303708802469758 0.98156930779885476 0.97504889756080382 0.95531049476476693 0.93452882702601203 0.90461481348013906
0.98734249217062642 0.97754291467508692 0.97430420581744737 0.9639551841487467 0.93386486325007068 0.90314912558690963 0.86199393244670885
0.98198398024462441 0.96530010726359305 0.95921169710770982 0.93957869559348317 0.8859074903746833 0.83917718741196357 0.77594417509860081
0.96717334053667059 0.92975659120574727 0.91641706117945354 0.86964469038172609 0.76478273243966566 0.69106991890083602 0.61438154629542707
0.91843465616489839 0.82216958044182575 0.78394912661987048 0.67988904351347557 0.54421857805897267 0.48819728963987236 0.44358934847168763
0.99424806901343243 0.99034440794812428 0.98947400822603071 0.98614113443260765 0.97606530604909669 0.9655827488281612 0.9489202584159333
0.99412619560907822 0.99000812024085216 0.98872018371468295 0.98520810260305702 0.97534504407596101 0.96502457984251977 0.9482039431773972
0.9938093537563687 0.98912395260768882 0.98826909478462255 0.98479087212598426 0.97283692705882352 0.95976978276980107 0.94183990958777208
0.99312613124594729 0.98798742415933294 0.98641580061139411 0.98185656704029656 0.96717583238536364 0.95353400981936065 0.92986991373784145
0.99184452188976402 0.98508858697545143 0.9828477235572024 0.97605762097267257 0.95719909317276519 0.93609296854099122 0.90675519799907356
0.9896304508568784 0.98006955186660494 0.97697021015284879 0.96702866412227895 0.93586186832792961 0.90638580605836028 0.86361312561371018
0.98523394858730895 0.96889524855951814 0.96324857328392766 0.94351705285780441 0.88763630630847612 0.8425016499119965 0.77925670777211675
0.97297371523853637 0.93664903045854553 0.92332295551644283 0.87703745411764711 0.76698706321445109 0.69317114104678101 0.61859749971282996
0.93229189661880496 0.83687694580824445 0.79556306430754986 0.68819175199629457 0.54732858499305226 0.48934589661880507 0.44539030351088471
0.99639238231118699 0.9927325848949462 0.99170505699886458 0.98861301724872241 0.97838635810619023 0.96839131606095052 0.95206056241718751
0.99634396003691095 0.99269535945485532 0.99192630825288686 0.98828436172629208 0.97832257493374997 0.96591350189286418 0.94924299564641312
0.99611530721181196 0.99191183250520554 0.99078066311754698 0.98752341572023516 0.97622007050918069 0.96452316425326545 0.94470185637895154
0.99568882836456563 0.99099849207363311 0.98964305361537019 0.98454170835699462 0.97084055562653837 0.95562643994889285 0.9326697229793679
0.99490227841661916 0.98850925764243847 0.9871558360306647 0.98025151078932471 0.96107041091709255 0.94058666373272781 0.91037645154268432
0.99352226952015921 0.98468889700454321 0.98144051739068738 0.97059854670641699 0.94081150196384666 0.91120495930342615 0.86746013224020446
0.99070684400435394 0.97575879254211639 0.97008977545901953 0.94917299957410595 0.89287678565682393 0.84778363498485731 0.78626195135339783
0.98292452018266163 0.95021327238311581 0.93587135410751476 0.88579943294529628 0.77694645809672547 0.69786843147832689 0.62148171242665162
0.95640722740393713 0.86350865481260652 0.81878500977191015 0.70383923727049047 0.55224259601552173 0.49290816671398829 0.44652979202157878
