# PARASOL total downward transmittance (direct+diffuse, Rayleigh+aerosol) for aerosol model MAR99V
# Columns gives t_up for 7 aerosol optical thickness (total, i.e. all layers) given in file TAUA_PARASOL.txt
# (first optical thickness is zero hence gives Rayleigh transmittance)
# lambda: 443 490 565 670 763 765 865 910 1020
# thetas: 0.0 10.222899999999999 21.347999999999999 32.478999999999999 43.611400000000003 54.744399999999999 65.877600000000001 77.010999999999996 85.0
# Inner loop is on thetas, then on bands 
# Dimensions: 9 9 7
0.90230878440213247 0.89548770811881195 0.89443874044173644 0.89082490644325962 0.88180250936785953 0.87149871603960372 0.85586978330540764
0.90076351960396039 0.89418223597867463 0.89259944581873563 0.889290459009901 0.87821584709824818 0.86853119186595584 0.8534298127646609
0.89522577154607763 0.88804460252856043 0.88660138708301606 0.88194689897943646 0.87107338546839297 0.85852568718964206 0.84446916865194199
0.88492674860624509 0.87659140124904811 0.87517627086062455 0.87025612386900209 0.85552480511805029 0.84182051369383071 0.82652521163747139
0.86753223646610789 0.8569963669763897 0.85525729596344258 0.84775500539223148 0.83227300325971043 0.81699299204874309 0.7899583927798931
0.83757285791317582 0.82343622683929929 0.82068362647372417 0.81284309961919254 0.78993473380045698 0.76672202333587203 0.7370661273724296
0.78352635360243728 0.76338015472962673 0.75936621849200281 0.74670046257425737 0.71425748027418123 0.68419668417364832 0.64724329632901745
0.66850840514851495 0.63811133657273422 0.6326612035643564 0.61474503570449346 0.57312685791317586 0.54128278702208688 0.50611726604722007
0.49253107594821027 0.46472851771515605 0.46091137739527788 0.44964211128712861 0.42523591302361008 0.40903354821020571 0.3900694753389185
0.93405052970469615 0.92790779771923715 0.92666706737712279 0.9231893084507744 0.914089416836811 0.9033338638763011 0.88763176644589425
0.93288285008216754 0.92659922182660237 0.92585602024301605 0.92133790667795434 0.91013581564663115 0.90118696934913611 0.88621127737662464
0.92901158328768496 0.92228270586624195 0.92150601862457049 0.91675238372093037 0.90496128549375043 0.89401894905632184 0.87628649444748785
0.92166897876101805 0.91363664055574934 0.91268928656441428 0.90786679530401881 0.8940572551914745 0.87985976542502886 0.86100186235745235
0.90904914852347996 0.89932763350928735 0.89764077737662473 0.89136055873711484 0.87220138040934214 0.85385795976296019 0.82997388152980434
0.8871887283999802 0.87377962377371654 0.87118094350380981 0.86234265733778215 0.83607283730889903 0.81249370648872077 0.77889422685623244
0.84631247599721149 0.82526317616154576 0.82115965430008486 0.80593855076938403 0.76714612626363232 0.73320133086001704 0.68849013099447243
0.75115855500224105 0.71553782884318529 0.70823146638613632 0.68348959264976838 0.62569362524276684 0.5842076113988347 0.54165528957721232
0.5669884632986405 0.52421519852098997 0.51649036400079684 0.49478687612668693 0.45675645211891847 0.43461046964792588 0.40865303986355261
0.96151252659280528 0.95605125258559454 0.95498487036500967 0.95140539232611387 0.94171796681491604 0.93191662314797763 0.91667438511539812
0.96078625440143162 0.95536689468143898 0.95388830792915613 0.95051064043790645 0.94038271912418769 0.929355908655491 0.91479128190215531
0.95857091807679162 0.95237656059370002 0.95141965396457817 0.94676898199952664 0.93602573378246801 0.92382718797863084 0.90626739535250922
0.95408021013710897 0.94712059588410213 0.94590099268401817 0.93999551122397973 0.92681572567699144 0.9127884169320245 0.89267045832785075
0.94625855235664091 0.93702415576725717 0.9353309502355327 0.92915439969472891 0.91185579720518972 0.89116096899918429 0.86444946527540201
0.93282946122266386 0.91978452069791328 0.91677979270507126 0.90713895602515882 0.88058855501460598 0.85398733974578289 0.8154339758151532
0.90630992560330537 0.88520337961525331 0.88010561622674277 0.86333206481749525 0.82001654056685724 0.77954427569146589 0.72863213716150432
0.84011898721018974 0.79976678904708021 0.79001713876680968 0.75699088178636298 0.68375926361220052 0.62948868336008845 0.57348916274112471
0.67837033966683358 0.61122230877128358 0.59609072791389262 0.55473620779494215 0.49116343427458631 0.45836541287928645 0.42794437464143803
0.98063393273153143 0.97606178974655877 0.97499989543911358 0.97189024949338099 0.96182158367765869 0.95158044058741487 0.93566100231597238
0.98035412722057014 0.97537157444008726 0.9743197710608732 0.97100153627917996 0.96028936026528411 0.95088962118061948 0.93497860889017548
0.97913629944469294 0.97356592094112693 0.97270800331605123 0.96756930686633158 0.95693913787930629 0.94570816303918737 0.92755765570966131
0.97681547640603217 0.97043268805432004 0.9691297375055925 0.96458401834355345 0.95064194004789848 0.93556113564228782 0.91381441232202532
0.97279203668710679 0.96443920951654083 0.96256515390688724 0.95613803895044336 0.937861554464826 0.91778702966023629 0.89056588612258847
0.9656423366318394 0.95392859404689834 0.95116687317419801 0.94058396544464029 0.9123702154117429 0.88400617030291861 0.84529276782377538
0.95133964360344225 0.93185896541832247 0.92658380724794065 0.90762576713951093 0.85843555012237815 0.81499578056162336 0.75884041955943893
0.91370073911098237 0.87286697226096788 0.8604354836697633 0.82082249269679175 0.72967429676027051 0.66559707340053154 0.59967305987314812
0.80390277837724033 0.71531261370634502 0.68891086985814676 0.61939301684343495 0.52199199994736423 0.47818450053951622 0.44076225615180153
0.98849303085584772 0.98402453529777367 0.98319218480605419 0.98002161046320324 0.97014913249003765 0.96011013077176188 0.94388053489562385
0.98831006350308936 0.98390652663327605 0.98257736284868213 0.97880271535114993 0.96786296227104895 0.95803631232405961 0.9437250316235879
0.9875361594706249 0.98277063177713586 0.98141410386429284 0.97775968423938864 0.96553296552480528 0.95245487090995495 0.93672487847768071
0.98615360040946143 0.98053559715570482 0.97864324896720645 0.9746503027821446 0.96034674843710022 0.94466204248162922 0.92238332329177786
0.98374884491646253 0.9764289340108947 0.97436337235403792 0.96840931656491058 0.94889258227616724 0.92885685906481918 0.89840881018535446
0.97937354312141267 0.96869701977845213 0.96564039889591646 0.95490523865755139 0.92364487844112164 0.89776648989141961 0.8554701062406318
0.97067882528424654 0.95258273794464943 0.94635046484846286 0.92692119431140996 0.87424268482433365 0.82926539132819077 0.7699729244324206
0.94712908386648631 0.90779650977954895 0.89435815625342752 0.85019870975761358 0.74917372657478165 0.68075340829159503 0.60933297696779154
0.87284623485540891 0.7766104686871641 0.74354837516908567 0.65532647779037034 0.53531950959675356 0.48544711245567213 0.44372903549884835
0.98845568821382546 0.98409586737870336 0.98309314522327162 0.97986667168312558 0.97008598624946329 0.95947836767926131 0.94379698715113769
0.98826224218548719 0.98385586370759959 0.98275592317518234 0.97906643620652645 0.96842422577286391 0.95842806386861301 0.94277601763632457
0.98751548177329285 0.98258805928510107 0.98156683860025751 0.97756765387505373 0.96562956732503191 0.95333923996350356 0.9358754789501933
0.98613586619793892 0.98037024120867311 0.97888471898883622 0.97417904097252039 0.95978058967367963 0.94528834341992252 0.92275481735723486
0.98367514727350791 0.97618797023400583 0.9744331891691711 0.96802667009446119 0.94798294296908558 0.92897378548733356 0.89887685879132651
0.9793216344246457 0.96852411375053682 0.96542737263847123 0.95502578019536299 0.92501433027050239 0.89697690808286812 0.85515133759124073
0.97054518190210382 0.95231602473164445 0.94664261962215546 0.92716803074280807 0.874872036431945 0.82957568898668965 0.77062980245813661
0.94687605193215962 0.90771869042507536 0.89437507824173434 0.84979395314512651 0.75015465300558182 0.68095946577930455 0.60915374832546143
0.87252209826105609 0.77632348960927444 0.74327439161657349 0.65532401472735069 0.53533886563975952 0.48583410303778446 0.44452896159295835
0.99300695478448719 0.98901149531646182 0.98805229363085734 0.98451319137947257 0.9746806340970986 0.96443242954737529 0.94794892120152163
0.99283154229270409 0.98874954917128388 0.98773619985444661 0.98407061590290168 0.97413361706498303 0.96265246483237898 0.9463202973870789
0.99242242251619883 0.98791805434782654 0.98683749063292348 0.98305506114423913 0.97167855554512206 0.958809443069772 0.93968630820969135
0.99156499921354158 0.98628290198610236 0.98468502541318481 0.98013927668090939 0.96604169056953726 0.94992948305005187 0.92739638293501758
0.99008907419710779 0.9829783735444646 0.98121985234529085 0.97515641945253129 0.95507984027843018 0.93501962438961417 0.90449264167997023
0.9874301779861957 0.97764810057282381 0.97416055649591549 0.96367370393933716 0.9338264405812754 0.90322411625504773 0.8610400998920088
0.98198013261808625 0.96526758474974184 0.95975422874213545 0.93973902402807807 0.88670583528969893 0.83817426610479873 0.77715660985773338
0.96709647472767402 0.93054024852098804 0.91616993597990459 0.86946231999483536 0.76509218960700565 0.6901104840008454 0.61551284450417887
0.91856838110385963 0.82230817032115699 0.78334680074420138 0.68053977016621292 0.54435606367968825 0.48998196813081063 0.44434354777443902
0.99425745089393258 0.99032391184807778 0.98946046914312169 0.98610684437239493 0.97632484707735079 0.96581071066234392 0.94956367247799933
0.99416284346456718 0.99016032954145417 0.98911856088930061 0.98631288739231138 0.97686284107457166 0.96340121913848986 0.94767914588235269
0.99379219275590558 0.98920537530338137 0.98798934225104218 0.98468030428902265 0.97211116250115814 0.96055234525243172 0.94122590084298297
0.99308857182028709 0.98814884409448822 0.98629163116257546 0.98177285615562748 0.96762455227420108 0.95267572605836059 0.93028130015748034
0.99184536950440028 0.98522160772579903 0.98322148020379785 0.97643154632700313 0.95596100792959715 0.93801199827698001 0.90581303972209337
0.98965029161648921 0.98000988285317248 0.97653918258452965 0.96569832820750356 0.93605290438165822 0.90608720930060216 0.86196094464103756
0.98522374473367291 0.96904348450208422 0.96344414886521534 0.94339307168133402 0.88960142491894389 0.84190282712366837 0.77972204565076431
0.97286565009726733 0.9374304750347382 0.92272914208429846 0.87566853723019933 0.76801474217693377 0.69385182217693375 0.61753822595646135
0.93223612648448362 0.83617718788327933 0.79540488720704017 0.68857135125521074 0.5466592051320055 0.4909230577119037 0.44552958412227894
0.99641010689948917 0.99271550679064924 0.99174682933465852 0.98855026102593269 0.97865789970187433 0.96857107176320312 0.95189123594548564
0.99633529455328451 0.99259343661272037 0.99177932367972754 0.98803795807306449 0.97867841893810359 0.96734856911319345 0.95079419004353605
0.99609458215029367 0.99198417220329371 0.99060971938292675 0.98708839575052076 0.9763307761215223 0.96397969475203493 0.94391392991671419
0.9956698276547421 0.99069661186825686 0.98965549261783103 0.98458795603823601 0.97043984244274106 0.95624036870622775 0.93193508160609539
0.99488623010126864 0.98862109381506746 0.98709572068427043 0.98067183865701324 0.96046403371663824 0.93938271235566928 0.9104444579547607
0.99353684090478911 0.98443874855669167 0.98185767717206163 0.97078742322070821 0.94103964035585852 0.91068346067575257 0.86917222470660627
0.99071345646413045 0.97569087696384649 0.97022229209256128 0.9499364251135719 0.89638391986087462 0.84699095525742962 0.78429621006057182
0.98288342769259918 0.94971957765474213 0.93546908330967282 0.8859782923528301 0.77628196055744858 0.69989315807779684 0.62322506963373103
0.95652866363808486 0.86384132330115493 0.81951145253643787 0.70347616411130054 0.55227147193829274 0.49317135756199143 0.44740043542968017
