# PARASOL total upward transmittance (direct+diffuse, Rayleigh+aerosol) for aerosol model MC50
# Columns gives t_up for 7 aerosol optical thickness (total, i.e. all layers) given in file TAUA_PARASOL.txt
# (first optical thickness is zero hence gives Rayleigh transmittance)
# lambda: 443 490 565 670 763 765 865 910 1020
# thetav: 0.0 10.222899999999999 21.347999999999999 32.478999999999999 43.611400000000003 54.744399999999999 65.877600000000001 77.010999999999996 85.0
# Inner loop is on thetav, then on bands 
# Dimensions: 9 9 7
0.90216253958872794 0.89731654921553694 0.89580578324447824 0.89087132322924589 0.87644317751713641 0.8617313979893374 0.83915830293983229
0.90108548460015225 0.89591708987052554 0.89381567603960399 0.88863452280274169 0.87324123043412027 0.85899469486671742 0.83542535031226195
0.89532144743335862 0.88990381489718207 0.88782861867479046 0.88258951887281023 0.8671104060929169 0.84933727798933734 0.82533790275704488
0.88484459308453922 0.8785423020563593 0.8763060282711348 0.86978884484386898 0.85072225124143186 0.82996257593297773 0.80445091969535409
0.86705722912414318 0.85921545428789003 0.85703369188118805 0.84922528283320642 0.82424485367859857 0.80159023454683931 0.76932639073876607
0.83740273328255899 0.82691813111957335 0.82293620761614616 0.81195602510281772 0.77972983795887296 0.74991307710586441 0.71034540801218571
0.78315899993907079 0.76777077373952785 0.76253364100533116 0.74664126708301604 0.70287911948210202 0.66421399768469169 0.61936437127189636
0.66788675195734948 0.64596080456968752 0.63777813550647355 0.61445109620715888 0.56191629038842339 0.52281369532368627 0.48396945084539217
0.492794627814166 0.4709670354912413 0.46470072743335872 0.4501602801523229 0.42066441897943641 0.40126262555978676 0.37808347387661845
0.93404703685075452 0.9293396602011853 0.92778976505154143 0.92295263413176654 0.90854612078581753 0.89355069159902401 0.87092515522135372
0.93306351439171364 0.92791425715850817 0.92694191135899617 0.92156128895473333 0.90659066149594159 0.89208390550769401 0.86789607718739126
0.9291506692146807 0.9236092522782734 0.92185176042029782 0.91633839734077005 0.90073043371844053 0.88304185638165433 0.85928870681240987
0.9217532219510981 0.91532039143966937 0.91341151665753706 0.90665443190080186 0.88752093800109566 0.86713710691698631 0.83773094078980137
0.9090170556496191 0.90153910791295278 0.89902183018773962 0.88966376121707103 0.86367198595687489 0.83977443979383515 0.80446439066779563
0.88756647310890902 0.87641527822319631 0.8731778005826405 0.86066787259100641 0.82619200804242821 0.79287885899606603 0.7494970838852647
0.84648639895921529 0.82951150129475637 0.82377298807330335 0.80507516809421842 0.75472553817040999 0.70997894992779254 0.65443520083661177
0.75138064643195079 0.72160573801105532 0.71082754984811514 0.67973437052437635 0.61004841865444948 0.56334267658483161 0.51377114785120281
0.56754553981375433 0.53056363594940492 0.52070499230615996 0.49379163126836317 0.45110183852895769 0.42323420046312438 0.39579336494696482
0.96156822197952596 0.95726395155135668 0.9557872663754311 0.95123538622069004 0.93680479244190651 0.92180847919682107 0.89924754117213612
0.96071485054869876 0.95638375809889742 0.95456510192373489 0.9492281550303957 0.93500748093370889 0.9189119086028581 0.89674072944024863
0.95860970222900599 0.9538691803468512 0.95200920921603216 0.94641399207873889 0.93036032745598574 0.91332320371588738 0.8892706519118927
0.95416713005605425 0.94779714539856341 0.94637465912260865 0.93892418050475046 0.9202563040343168 0.89991350296060435 0.86992157922576907
0.94622837132556137 0.93903579128398107 0.93601788494434068 0.92666590981341612 0.90153408423905912 0.87567818429432365 0.83887322955867261
0.93268345998578928 0.92222142474801982 0.91849536435169354 0.90480074307218628 0.86817888631279772 0.83362868322850592 0.7834770413431934
0.90637314060896346 0.88847079991578726 0.88151962062159539 0.86045104073791423 0.80236989676044124 0.75364051590831349 0.69188047798626284
0.84007381788994473 0.80455638958919984 0.79295273762467444 0.75088542911655587 0.66108563999052627 0.60202474265112238 0.54171592184004835
0.67841806739651056 0.61724297634148273 0.59660664509592354 0.54817522716387279 0.47937099757888368 0.44726982981131086 0.41139505784362751
0.98069198307761141 0.97677073176829743 0.97554139324157174 0.97098238779377311 0.95744380440561105 0.94379535331736708 0.92166784056636042
0.98032195723346582 0.97616517182935492 0.9748546765007764 0.97023546777377179 0.95616160010000784 0.94140406937389787 0.91884761110087632
0.97899538129326003 0.97469670958233534 0.97346431770929276 0.96813261857515054 0.95180486675263842 0.93584859388899133 0.91162986043635019
0.97693622109640221 0.9713080521093771 0.96970392046740528 0.96359738439876841 0.94463437887201618 0.92401474395346994 0.89452386770008152
0.97257525844145587 0.96619875769139674 0.96312224375608591 0.95400323872937332 0.9298591871200359 0.9038043600021054 0.86589903684501401
0.96546945937837192 0.95564428336447615 0.95176825330947157 0.93838762507566376 0.89914874953285773 0.86366131539332058 0.81471901960681103
0.95139902237018703 0.93443966397347167 0.92704036016001257 0.90323927023186057 0.84153590920335797 0.78720136505513594 0.72111843877148196
0.91340430570834541 0.87405811524594057 0.85969403805563605 0.8088449416796063 0.70385392196752394 0.63251608453298946 0.56496764373503161
0.80406654341132189 0.71639345319367309 0.68583828907545341 0.60306201231676182 0.50375811874621679 0.46175576448140648 0.42221822654420088
0.98848649442474323 0.98514526041019279 0.98375273121778239 0.97960394315066002 0.96637050798815483 0.95283922768983298 0.93158314258033847
0.98824734084012733 0.98474308708368374 0.98354345812159549 0.97922664230614576 0.96511624904032478 0.95192520597375052 0.92850122253500544
0.98772990980879627 0.98364288838518632 0.9824663757905896 0.97747658936862514 0.96211887869703505 0.94618758903959355 0.92139930976492534
0.98625422509413962 0.98138644174313605 0.97989640182064119 0.97329473308229431 0.95537135294117659 0.9359772261543523 0.90587023547691292
0.98371455876869074 0.97731119811355238 0.97477706087083682 0.96559653738164009 0.94086102358059465 0.91624692512704276 0.87847439494753776
0.97926744287646683 0.97036571706942565 0.96655936931963593 0.95268678163272758 0.91496704599129886 0.87945819087485833 0.8269327572478341
0.97065254736226381 0.95423851259459647 0.94796027240156477 0.92290996647534085 0.85786263813841268 0.80612543911088375 0.73518911475889304
0.94692176452308707 0.90735764471904368 0.89130247029576282 0.83705067290607971 0.72305577263919862 0.64723200775052081 0.5761882501370964
0.8729590177311447 0.77308914974591447 0.73186943943991523 0.63254951175373819 0.51468881848426129 0.47003134921215228 0.42496690896793776
0.98844711325676216 0.98492773740875905 0.98378573418849258 0.9794745072992701 0.96664018095749271 0.95271809603907243 0.9313257949227135
0.98821867263847174 0.98475795916702424 0.98335955349935611 0.97874224720910274 0.96526893416702464 0.95163753495062253 0.92911047360455123
0.98763145822241283 0.98358142290682704 0.98219998276084153 0.97703658524044679 0.96190380084800353 0.94654681297767262 0.9213217264491198
0.98611211194718773 0.98148412007299268 0.97962844534134808 0.97305877415199638 0.955405003799914 0.93560966540360657 0.90622763752683533
0.9836774618505798 0.97742864041434119 0.97479159918419922 0.96629193452125361 0.94099291434091903 0.91565440353155847 0.87848953764491156
0.97922930919922724 0.97017781363246058 0.96659867539716626 0.95251120094461128 0.91478630481966505 0.87838858253542307 0.82801415613997431
0.9705562780592526 0.95411758504723032 0.94721464645770692 0.92250936402962636 0.85817027244525557 0.80434805120223263 0.73552271467367958
0.946860019021039 0.90799959370974637 0.89157413544439645 0.83713497204808929 0.72207581631601536 0.6463240863675398 0.5761124241197938
0.87254125395019344 0.77231612360455126 0.73183019779948488 0.63275727083512212 0.51526447020180333 0.46871493842851003 0.42611876420137396
0.99300966231571064 0.98976784929336104 0.98866201503662299 0.98472754319654432 0.97237443765846632 0.9590989014461454 0.93896714994365693
0.99281181877406355 0.98951122814348813 0.98858208497276745 0.98427200030519335 0.97159317391304378 0.95880945930369077 0.93646055133111128
0.99246341056672016 0.98864103031974815 0.98710945331721323 0.9821125660860176 0.96832618420743799 0.95297050737158429 0.92953452011926041
0.99159244883322384 0.98705140978026129 0.98536557457273011 0.97958223833223745 0.96206913264156313 0.94358846045403322 0.91435747929383071
0.99005228352427488 0.98402708023053809 0.98189760965818451 0.97379515773781566 0.94952157088693756 0.9250900356723637 0.88770838711381372
0.98739921794299967 0.97835428914686884 0.97463647141750398 0.9614614608413935 0.92481721260212257 0.88920188955535751 0.83874432960841416
0.98192175816978156 0.96598832517137778 0.95909186829749249 0.93528560468119093 0.87200015041318457 0.81543826947365983 0.74696262158418669
0.96700460322565529 0.92959771064184438 0.91171252631702515 0.85619272617147157 0.73506354724622025 0.65898074465912293 0.58290343291623636
0.91848437451873421 0.81313821978589562 0.76646471983284825 0.6557201939736127 0.52228948751056459 0.47236663368626186 0.42816522909428117
0.99423120253821218 0.99098043097730415 0.98991056898564167 0.98612220168596576 0.97397827998147313 0.96108417419175551 0.94025910147290415
0.99418960176007432 0.99113203119962967 0.98985931536822591 0.98569751583140353 0.97301251423807333 0.96116650562297368 0.93943580563223739
0.99375635670217688 0.99049110766095416 0.98873828841130162 0.98457935370078753 0.97059337565539605 0.95532153889763793 0.93139033152385375
0.99307300381658159 0.98866857411764719 0.9875590498934691 0.98107418312181549 0.96411787716535446 0.94584101115331154 0.91790855181102382
0.99179385393237585 0.98628992227883294 0.98372024237146827 0.97514996757758221 0.95240475649837897 0.92767898756831879 0.89229344639184804
0.98966109721167217 0.98105875051412694 0.97764738630847614 0.96425616109309875 0.9286206706993978 0.89126530701250595 0.84051178927281134
0.98518072603983342 0.97033106425196858 0.96282335911069949 0.93863270981009728 0.87345391166280695 0.82038400666975453 0.74997290480778134
0.97303801508105592 0.93531702527095872 0.91748307927744321 0.8632511791570171 0.7402933021769339 0.66085606260305696 0.58408009550717921
0.93219894069476594 0.82333212944881862 0.77781451108846678 0.66256195273737839 0.52514536902269582 0.4729706918017601 0.42791317641500698
0.99638556953908752 0.99351831371853139 0.99232530115464745 0.98900096947756999 0.97777100326519018 0.96556788053662723 0.94632424737365151
0.99636611735756231 0.99330042454571288 0.99227798421824775 0.98802603653227372 0.97726647226954377 0.96467296500567856 0.94356897174900645
0.99616546815256524 0.9928703967206135 0.99165460869771005 0.98747736671872077 0.97398093651807693 0.96005791231308013 0.93761528979746378
0.99569985349233403 0.99172249112720079 0.99033167875733497 0.98487184932803362 0.96836383763959888 0.95094939575052073 0.92298148719950812
0.99490848005394683 0.98925273242002654 0.98772355858413785 0.98005016756577712 0.95766831267745622 0.93358401828979776 0.89890416536532292
0.99352926433844446 0.98535542411981847 0.98191521176414942 0.9695029263202728 0.93436170764717041 0.89842395189759616 0.85069155645466599
0.99062135562180575 0.97583593701495386 0.96913562944823051 0.94525759973026713 0.88240581341094104 0.8295227184838162 0.76043776713041844
0.98292767220329369 0.94727218694397164 0.92997201140450547 0.87266100546564473 0.749883787265758 0.66930166231307975 0.59478849763392028
0.95647447572402045 0.84679595504448246 0.79630119477569561 0.67678260500662502 0.52896641103539666 0.47737951022146524 0.43144187897501435
