# MERIS aerosol optical thickness for aerosol MAR99V
# Columns gives tau_a corresponding to 7 reference optical thickness at 550 nm, see DIMITRI ATBD Methodology for Vicarious Calibration
# (first optical thickness is zero)
# lambda: 412.5 442.5 490.0 510.0 560.0 620.0 665.0 681.25 708.75 753.75 761.875 778.75 865.0 885.0 900.0
# Dimensions: 15 7
0.0 0.051156164581339467 0.071892614362927723 0.14446861709315431 0.35182936576651136 0.55926411681825194 0.87010415193407598
0.0 0.048437512725763285 0.068995676747804699 0.14094927659717024 0.34653139624150103 0.55218780905562537 0.86035920915447517
0.0 0.044266371531555243 0.064547402949774527 0.13553338247991731 0.33834947279092997 0.54123954303742539 0.84526296750756202
0.0 0.042780158900562699 0.062962483932571492 0.13360275882010525 0.33542989543052509 0.53733153527094368 0.83987161659439524
0.0 0.039433675186340347 0.059396469350209549 0.12926662784443754 0.32889508114539218 0.5285968292857407 0.82783865360696585
0.0 0.0359821009980653 0.055733378876057872 0.12486242361282411 0.32237398964718877 0.51995892419868484 0.81602362110150772
0.0 0.033734796344983442 0.053360995866343519 0.12205202858458633 0.31831245601746666 0.51464550230959183 0.80883283351115043
0.0 0.032916363838835158 0.052498761669844657 0.12103809090123553 0.31686550079698983 0.51276491069274421 0.8063022126318129
0.0 0.031789646498937389 0.05130820560736276 0.11962384555689255 0.31481005005820695 0.51006961331748657 0.80264533825897499
0.0 0.030126811335113579 0.049537858743294479 0.11747954408545147 0.3115970734417558 0.50578760279806001 0.79675939386644035
0.0 0.029866821012890836 0.049261780239150753 0.11714474568580849 0.31109216241265164 0.50511288321686887 0.79583070422975977
0.0 0.029265979878696637 0.048621479522551386 0.11636504509509424 0.3099176379973812 0.50354248653802225 0.79366626643293092
0.0 0.026316561539775324 0.045475950077553465 0.11253315232244175 0.3041267484236983 0.49579235924222687 0.78297634894715085
0.0 0.02584977174826221 0.044982903049577236 0.1119519482240014 0.30329143257411878 0.49470375475892026 0.78150622609312004
0.0 0.025517945737593258 0.044633514916020814 0.11154012252881954 0.3027013531071881 0.4939342682719845 0.78047062947837909
