# MERIS aerosol optical thickness for aerosol MC50
# Columns gives tau_a corresponding to 7 reference optical thickness at 550 nm, see DIMITRI ATBD Methodology for Vicarious Calibration
# (first optical thickness is zero)
# lambda: 412.5 442.5 490.0 510.0 560.0 620.0 665.0 681.25 708.75 753.75 761.875 778.75 865.0 885.0 900.0
# Dimensions: 15 7
0.0 0.046580802277988331 0.067335317908239642 0.13994229995816646 0.34735820525663191 0.55487210846985968 0.86604055438505623
0.0 0.044862447275446582 0.065416321981558709 0.13732558265508546 0.34275056445412749 0.54827511820084718 0.85645473941123929
0.0 0.04252601183365963 0.062810406205977373 0.1337713866418446 0.33648867581353553 0.53930740193146354 0.84342422816243179
0.0 0.041637277905799755 0.061822096915125843 0.13243542490578289 0.33416011872218526 0.53598675105741267 0.83861251785765434
0.0 0.039643105780795385 0.059612267705399298 0.12947116574157724 0.32904245368755203 0.5287173941133676 0.82811182298242614
0.0 0.037608246824660907 0.057340545368509091 0.12636900917598765 0.32356952812504097 0.52087507918393561 0.81671089432829191
0.0 0.03627476979832947 0.055836021296818278 0.12426626008006969 0.31975873320396447 0.51535582530162949 0.80862803469838329
0.0 0.035801259170897305 0.055297821982820947 0.12350137882532977 0.31834918058267875 0.51330194371339832 0.80560516584445629
0.0 0.035102682122382857 0.054501482648073113 0.12236132447046602 0.31622629082921933 0.51019697470390302 0.80102574486305045
0.0 0.034002058318042365 0.053229168817994651 0.12048406082547523 0.31262267375614572 0.50486679156253511 0.79310595852068122
0.0 0.033821896339973186 0.053011510715119017 0.12013992122156444 0.31191449759201473 0.50379498619458707 0.79148715482763665
0.0 0.033401186731680056 0.052505365550121919 0.11933587381950536 0.31026066397677654 0.50129147208990243 0.78770866680649021
0.0 0.0316556176167897 0.050382005182067854 0.11588639449861436 0.30302554612259852 0.49027068205539165 0.77100779202260816
0.0 0.031268118164839126 0.049908579329153518 0.11510939566486618 0.30138283508909269 0.48776127370846306 0.76719825838271849
0.0 0.030989984437455077 0.049565230473481582 0.11454149130343941 0.30017309686934129 0.4859090409304152 0.76438295322398442
