# MERIS total upward transmittance (direct+diffuse, Rayleigh+aerosol) for aerosol model MC50
# Columns gives t_up for 7 aerosol optical thickness (total, i.e. all layers) given in file TAUA_MERIS.txt
# (first optical thickness is zero hence gives Rayleigh transmittance)
# lambda: 412.5 442.5 490.0 510.0 560.0 620.0 665.0 681.25 708.75 753.75 761.875 778.75 865.0 885.0 900.0
# thetav: 0.0 10.222899999999999 21.347999999999999 32.478999999999999 43.611400000000003 54.744399999999999 65.877600000000001 77.010999999999996 85.0
# Inner loop is on thetav, then on bands 
# Dimensions: 15 9 7
0.87228778254677142 0.86683472632143599 0.86556462372009579 0.86035442509664106 0.84602011272725841 0.83149710159473966 0.81003485207576365
0.86993629290910679 0.86459268368408948 0.86292252018878923 0.85846292083029907 0.84288985803812388 0.82929594794641115 0.80512079691676541
0.86248791791735591 0.85727461626776014 0.85553351643197517 0.85036213601489608 0.83372423610676272 0.81954299428746036 0.79490255385294506
0.85051537964322566 0.84367194219041386 0.84210016317425962 0.83586029579177967 0.81631245695444876 0.79968552922563929 0.771813820660189
0.82735382493489984 0.8202633410320429 0.8185544907237472 0.80898784353735764 0.78840444465820103 0.76613443040731888 0.7348636758037389
0.79237238245356945 0.78224676789473679 0.77834977627331459 0.76911588885650828 0.73836489034651254 0.71229572310368994 0.67420938753121418
0.72761381518549784 0.71401864727898134 0.71106758857815489 0.69620705435975083 0.65753848729570064 0.62613139253389338 0.58419956520019423
0.60431508918078947 0.58437367287792485 0.58057321429349995 0.56240787048331309 0.52162172029593012 0.49057335269315333 0.45850527127791341
0.4454403901509017 0.43255110337612734 0.42991521603422228 0.41959433439790816 0.39779185622088625 0.37979662505571699 0.36072400360275308
0.90148613093544594 0.89660684310455574 0.89530359727544517 0.89020389636580377 0.87578130485285322 0.86101427798097907 0.83866276633937398
0.90054243278927493 0.89541919319701813 0.89295827591356614 0.88820852637975001 0.87238367627723357 0.85862506326403343 0.83453201535416555
0.89472939601464663 0.88924686799761432 0.88701626092759878 0.882021116082499 0.86687715850364322 0.84916946078108846 0.82404060813285351
0.88442591617868915 0.87772929441680214 0.87552963961212826 0.86900271766242543 0.84995314587744419 0.82846273746037336 0.80356862119244654
0.86628604185137426 0.85819526296627735 0.85635262192850892 0.84888116656832424 0.82395233101003829 0.80089800687017854 0.76853894599265038
0.83657473882954636 0.82618664969462552 0.82173862811348697 0.81122945011315173 0.77931366225001275 0.74929830149210741 0.70999984814092099
0.78190139337334241 0.76643887091628848 0.7612279794152772 0.74566420087268392 0.70200758958164189 0.66371486082791875 0.61897001435639587
0.66613813553165657 0.64500346441142908 0.63625072929055726 0.61323438886827275 0.56113640052739178 0.52196909308755823 0.48306739812612981
0.4918899545303887 0.46996131729258239 0.46368241771514029 0.44992708227531358 0.42059914719662622 0.4008313288147316 0.37773148452511618
0.93340730334902799 0.92862411751031859 0.92714095101791871 0.92236702199894349 0.907753793620514 0.8927049734315381 0.86982966679354579
0.93243558457100362 0.9270252743117311 0.92634200970579095 0.92090187458552097 0.90671294688478954 0.89192510726395635 0.86865636130557722
0.92839854938852562 0.9228962493872217 0.92148664386882928 0.91525392214524259 0.90008245784690732 0.88191742493808134 0.85968402572581537
0.92090587058962381 0.91462048501598681 0.91270018261623764 0.90606107089946875 0.88758418831772246 0.86608481098469536 0.837889717063796
0.90805932272940415 0.90049599504888411 0.89832414347936906 0.8884699033038298 0.86353958151377685 0.83880077228563477 0.8046346930623256
0.88672114345653008 0.87542283800004128 0.87210744125541351 0.86008473045993228 0.82599325896401932 0.79117020280130601 0.74948900530797824
0.84504162291790785 0.82779229269679144 0.82257088497532516 0.80369225946005263 0.75323734085966565 0.70971192295419139 0.65283405122518046
0.74922751215450412 0.71979062318756204 0.70866304604115382 0.67743908517946028 0.60876648486082507 0.5610046238246964 0.51433183138442773
0.56578058942409992 0.52907395164918813 0.51905838143563654 0.49295581620372975 0.45027658732572934 0.42300740524971792 0.39483153029268747
0.94306161472170758 0.93822337641374098 0.93693294126460958 0.93155815348130122 0.91745162190934459 0.90230190538524802 0.87940548902667959
0.94198724381644627 0.93709432309806628 0.93616326862143551 0.93123960671553807 0.91501730900507783 0.90088491050820918 0.8763073891889317
0.93867204062583198 0.93347521879228146 0.93218775641605334 0.92615586644403325 0.90910588079463672 0.89191970590370828 0.86526241411728222
0.93219688740321494 0.92631617331305494 0.92443156750847566 0.9174812591201954 0.8964403541530096 0.87751105187296341 0.84981490189532061
0.92079532632809824 0.91353847580605929 0.91068467414251275 0.90169193639503309 0.87481546955390999 0.84968344281089958 0.81615051099834079
0.90159360538663058 0.89086505111892211 0.886849264614329 0.87338550978420193 0.83955629815557764 0.80537356078101185 0.75973318525539524
0.8649333835321833 0.8484689576247848 0.84234579682210409 0.82244410731737927 0.76802712795206063 0.72312681025881509 0.66627362039195026
0.77783287413294155 0.74761376708013261 0.73627172683759512 0.70093089625261573 0.62759647751984216 0.57670268810497627 0.52082916036970439
0.59613479236267874 0.55453938745486953 0.54199898689493398 0.51020870614287961 0.46026131819258675 0.43045589813192753 0.40189239014935441
0.96054853163465936 0.95616629622530913 0.95482095092938535 0.95006498832184028 0.9355764865466577 0.92064131178103026 0.89762474369383249
0.95974839694557679 0.95519619743869177 0.95329784655251404 0.94803226086436654 0.93380448160053509 0.91720504902719813 0.89513124142773359
0.95753820853568161 0.9527556342264536 0.95088301021176314 0.94557690389495941 0.929036534076781 0.91185408255333 0.88843729206972721
0.95294301405215498 0.9464841195458904 0.94539472189733931 0.93775963087481429 0.91808370680792939 0.89810782318645699 0.86941016106918256
0.94467069223459921 0.93757159765232034 0.93438677967901274 0.92492711310087827 0.89949542348831502 0.87347236552536611 0.83762687018430659
0.93090369066978174 0.92031936082107191 0.91677611604442133 0.90262733042715759 0.8668661984731898 0.83213296441935614 0.78324743671883246
0.90397619348131208 0.88580537029017847 0.87922976180796508 0.85816607213020701 0.80163441422100568 0.75164350572966565 0.69002360189183909
0.836518209999077 0.80147817784793629 0.78915688410533869 0.74832502767537756 0.65909756663758845 0.6003270212810764 0.54087742633239044
0.67295349620761447 0.61327364857917521 0.59249568225747495 0.54526267341061685 0.47937452922862528 0.44598897661439846 0.4120658869650497
0.97372943868260886 0.96946514804259643 0.9683862476377828 0.96394185710814229 0.94967420558639104 0.93521059534704443 0.91297765333858194
0.97301603676185344 0.96923472055971183 0.96730847326480385 0.96269610076683798 0.94867280129364273 0.93366371438436735 0.91110052072859815
0.97137180252515432 0.96738600898627436 0.96511783616772828 0.96003517992725607 0.94432003402965337 0.92819418832740763 0.90186256272711895
0.96824887090329415 0.96331263034748904 0.96121976495265982 0.9548061847933027 0.93639951936024435 0.91714712093134587 0.88563383810574625
0.96301277528041596 0.95635177654819969 0.95327386961468341 0.94398604563378963 0.91969277086990486 0.89266086305917847 0.85691475283050733
0.95321521940747178 0.94315699334399472 0.93889913971782013 0.9249324044345526 0.88827736195886575 0.85145947414201362 0.80257966058836272
0.9341956121842836 0.91766161540399327 0.90991408275504659 0.8864188448370568 0.82674012481940273 0.77405195566233409 0.71136084933503374
0.88501854289332527 0.8484849566753031 0.83192621743290174 0.78733590083085625 0.68779580749753677 0.62057092320699692 0.55641715367588318
0.75125386096059077 0.67477429863526273 0.64820680588834578 0.58179156834555434 0.49482778459478344 0.45453596191902923 0.41971103386936337
0.98011708868244396 0.97599203587392691 0.97479163687454262 0.97026248778314317 0.95688162875850968 0.94326486507323959 0.92089262366326641
0.97981439373382551 0.97553597532255509 0.97452939435584007 0.96960633522893436 0.9560585367319272 0.94047744258045429 0.91746321995906688
0.97828494536095323 0.97393792802253754 0.97282382551792868 0.96726575406010207 0.95070509066993503 0.93536657789920119 0.91026680376710734
0.97622310585396865 0.97049971659969558 0.96895191414933435 0.96243312106490764 0.94402514740520049 0.92327537784880243 0.89394020303993282
0.97177898401497786 0.96560423263731576 0.96206992075897635 0.95244147251274569 0.92913458792549886 0.90309401141332135 0.86480472664956676
0.96433461712274748 0.95460575865929398 0.9508644657582489 0.93714862818649758 0.89764678332241077 0.86206307021545792 0.81308927110224594
0.94965899465282999 0.93240186797616942 0.92566872690688062 0.90173066463016172 0.83992255278711803 0.78592644162825531 0.72070106402464662
0.9106370377814389 0.87179878688380807 0.85718886297385244 0.80743496251157898 0.70322080219731808 0.63272849908657403 0.56173078581316871
0.79871722796152844 0.71252295529274379 0.6825138555728204 0.60107252448604176 0.50337685358370454 0.4619100495548123 0.42268049966132237
0.98190493443374049 0.97840576509976307 0.97691084924071914 0.97246175078437425 0.95892694569421211 0.94444850144078829 0.92278168072641642
0.98177554753192275 0.97723573896926863 0.97579596158112503 0.97189221086298994 0.95751595546698132 0.9434884105120469 0.92143115980919876
0.9806834331224884 0.97655667445753702 0.9751002993368183 0.9699268742943763 0.95293855680479811 0.9366037635643637 0.91397270978275114
0.97848831447290441 0.97323350147513921 0.97170873262306823 0.96397290485902187 0.94520641906037006 0.9271989972014838 0.89733258888766743
0.97478639764678543 0.96798308260979327 0.96560444608409324 0.9551608695901237 0.93038082815095369 0.90532312134913795 0.86715075239963024
0.96786387024877063 0.95762776761899537 0.95446342157556419 0.93968657684968759 0.90349223156254044 0.86793244083670551 0.81470179144334376
0.95467495458680629 0.93771522294695542 0.93061639062359414 0.90616910981027987 0.84292563843471291 0.7889873941728015 0.72304948233908872
0.9191511259074826 0.88104711038515715 0.86559740185784328 0.81508098428338105 0.70641192663986507 0.63707685918122559 0.56578634678202866
0.81403619998359256 0.72428988508573622 0.69267196626551009 0.6077527040627666 0.50581738385442421 0.46274549721596703 0.41819749317981514
0.98458820468972907 0.98072273031500801 0.97944893146699241 0.97537274993407652 0.96147918516203956 0.94801641400040659 0.92621886169057788
0.98409849967611218 0.9803482507967376 0.97927515440068136 0.97476870955537009 0.96095756723477321 0.94671274803934036 0.92250742248030404
0.9831938708778647 0.97938443127596675 0.9776278726283526 0.97214997402588543 0.95722471357749606 0.9416728388594654 0.91443530541809204
0.9814554865256605 0.97660910013737301 0.97454310797007515 0.96834079629513325 0.95084354822482531 0.92932869219241976 0.89902568582243414
0.97805580307704953 0.97190276516593843 0.96868355811130646 0.96093915973126742 0.93334189918286881 0.90960068895274448 0.8696790752144794
0.97234566367789688 0.96286564817603171 0.95913620484652395 0.94502063716740214 0.90795957625794055 0.86933312786190275 0.82030980010135812
0.96074803121288632 0.94405217267604369 0.93643270048375726 0.91360705069800485 0.85106673017068701 0.79436670786971786 0.72637825603920825
0.9295855710850921 0.89098740061614079 0.87405137361937946 0.82362873585627339 0.71199638552424838 0.64057669962660801 0.5703115232191831
0.83643039733599789 0.74239549176298192 0.70519629962422925 0.61623629704973515 0.50973790592199653 0.46228041853577784 0.42197133358189376
0.9879196053024677 0.98452259028239619 0.9834062338052586 0.97847054111140108 0.96621833755054409 0.95223215356129698 0.93009386148177398
0.98767054737267601 0.98400518641603762 0.98232603179003397 0.97800335234796787 0.96473957895570495 0.95046589057013819 0.92964025827579466
0.98705798358819652 0.98251128841849678 0.98137290012048395 0.97614699187132692 0.9606857231025554 0.94627238569354588 0.92115083077915394
0.98553840499950673 0.9808896668705781 0.97855576878760575 0.97251883456880495 0.95404173095050815 0.93450948717535454 0.90500728626905813
0.98282467377282978 0.97630670948729048 0.97381634274815432 0.96651202433298677 0.93980964407627265 0.91501037847737032 0.87793428112648164
0.97817805612378372 0.9692024314915787 0.96597655465411669 0.95223196239573649 0.91342882546735094 0.87749362304308687 0.82738093126926249
0.96925490632715494 0.95283022656831828 0.94477378182267246 0.92192325343026582 0.85583767032011571 0.80217448142958037 0.73391179222845382
0.94466478261312536 0.90642815562196288 0.88886956919538329 0.8353029029014073 0.72068346177624865 0.64321429999636048 0.57318985440023296
0.86748688671608543 0.76884986345109541 0.72902254188268822 0.63013536938009695 0.51487150293429651 0.46804497037877069 0.42602320283006229
0.98837189702228179 0.98507669038453671 0.9836136019343501 0.97956500690270631 0.96605195505278785 0.95249350168586644 0.9317868645556755
0.98822673392732141 0.98463228886753373 0.98346396889801091 0.97890845400941984 0.96560558740681846 0.95087489834708883 0.92734990452767641
0.98763867449238796 0.98355080235169745 0.98229387627435238 0.97735583345368637 0.96230698338573228 0.94626875262832499 0.91986635781497761
0.98599184794140782 0.98123689357092847 0.97985716586400495 0.97282988526379477 0.95577860269627912 0.9368905992449259 0.90582573950522083
0.98367295645721531 0.97694030130832932 0.97453620109965577 0.96522706565533134 0.94013497090512665 0.91546768071278573 0.87849866281352118
0.97904452797188501 0.97035785279718834 0.96631973737867449 0.95198124251589433 0.9148536316319118 0.87899147194849447 0.82653464266828014
0.9701936647808268 0.95371945469172847 0.9480584167268431 0.9226178700141443 0.85804353078073969 0.80539118031191614 0.73545573665655595
0.94635071177496466 0.90780308708556934 0.89098356665888923 0.83770582241731828 0.72372111469639488 0.6445365947927828 0.57728950040086946
0.87162464953117624 0.77369857087217131 0.73022137587348279 0.63021432872010419 0.5125944476695915 0.47070145260499252 0.42419993847833037
0.98936884347629328 0.98575626043313458 0.98478526953020873 0.98047836566855573 0.96781546161239007 0.95392105776143143 0.93269493233051026
0.98918572335107335 0.98595832420428287 0.98416262698290913 0.97969099104100077 0.96679162576102151 0.95290566512873387 0.92976390106373719
0.98857404420012396 0.98473124859098493 0.98301948936502126 0.97800266696487392 0.963053583167917 0.94772489922942582 0.92296544906829281
0.98716897754443567 0.98286008643461265 0.98072309615975295 0.97415284890736664 0.95742074147515954 0.93783371049566122 0.9082988014447464
0.98493780543443543 0.97874690281251731 0.97619882111067835 0.96807505729437016 0.94308527854770585 0.91623281863658301 0.88043887882849459
0.98094784714911099 0.97173412133693216 0.96876219497487515 0.95424931062732443 0.91668371471974086 0.87996634807121343 0.83052223325274421
0.97278490673763207 0.95675215514232748 0.94906669901838159 0.92485172871666321 0.86174004701480489 0.80617722098270972 0.73932302503524994
0.95086295644065766 0.91258801709626347 0.8962620272412698 0.83974934485018982 0.72478190055301606 0.64944205669384047 0.57958237348734987
0.88093462522387611 0.77930550428154055 0.73891557725774881 0.63725901173744903 0.51673555830843731 0.46980339944966276 0.42863597897092731
0.99304793966352733 0.98986160428897918 0.98882379518891084 0.98478293184551324 0.97240909659722741 0.95909510057741454 0.93922832967230252
0.99287945342345585 0.98969290493274686 0.98861424636606798 0.98442190389173601 0.97183058788876897 0.95935536592259174 0.93652742521141219
0.99247515607335623 0.98865976544605749 0.98696284400281187 0.9819459191275145 0.96845750184521007 0.95323955974870711 0.93018757990463785
0.99166534688624908 0.98706223225494005 0.98525660868418607 0.97965295182914636 0.96235953165448951 0.9434230526068299 0.91405158008835097
0.99005032915685665 0.98401110328543451 0.98214356950327975 0.97368407215062436 0.94974831552691408 0.92483138671343978 0.88703849210721364
0.98748031244778223 0.97858196151769161 0.97462772083038485 0.96102584531904756 0.92345021854443998 0.89006977531292863 0.83927210248579531
0.98205189390024339 0.96604458971001894 0.9593640362091389 0.93512819287210514 0.87276842531078624 0.81573168642135452 0.74727855989624403
0.96714716682582103 0.92971187596801641 0.91148445761954788 0.85670692670643978 0.73493749131086916 0.65872877407966135 0.58353453016782442
0.91883899597039553 0.81353047059364048 0.76553447728765533 0.65555955920622977 0.52266440702698413 0.47214103127548285 0.42863529068169692
0.99366118468354403 0.99048333885706397 0.98939936564316755 0.98539849110214339 0.97336880103594625 0.96015988498603322 0.94003837725888162
0.99358192621216845 0.99003605398689787 0.98898191609239927 0.98486500109959929 0.97283518982452455 0.9585435354020887 0.93841994484799685
0.99313543301238638 0.98985943435929458 0.98785389366443277 0.98335816692482991 0.96947955557732934 0.95420927525349819 0.92970079297710262
0.99230629500806666 0.98772527810668886 0.98642969949127324 0.98019796686394678 0.96290310424564107 0.94458256652013994 0.91477624788619072
0.99108629367492063 0.98502441790509965 0.9832630494602087 0.97499935829707285 0.95153673854246723 0.92512557066910073 0.88847036114807532
0.98861625651697826 0.97976421006755798 0.97594423495371507 0.96382202133157824 0.92749556957407986 0.89062835568865373 0.84113127931896581
0.98373940831941953 0.96863227069814517 0.96060998768718142 0.93620112639428443 0.87348453509546109 0.81809130184635526 0.7467197467538107
0.96998752273420441 0.93281330862377565 0.91617589930106691 0.85672938303352186 0.73709935681983374 0.66402325218957958 0.58233146294287852
0.92637465818236642 0.81764972241172429 0.77061000935412372 0.65819857661840342 0.52062756650930064 0.47233189868034731 0.4257693785254566
0.9940565765303323 0.99078054436772534 0.98960345342449541 0.9858859977890867 0.97376809931732955 0.96089833956368165 0.94027230112394755
0.99405672918739785 0.99058427244789082 0.98978302691554454 0.98515458269484169 0.9732520457637801 0.96044917327319645 0.93862408612539627
0.99352203270326889 0.99017044267323751 0.988726747380961 0.98453228403524939 0.97052104999846778 0.95435756955563045 0.93204374541102297
0.99285298813614686 0.98850772061633951 0.98741528361389075 0.98123374177751987 0.96384549896485094 0.94647053741565879 0.91823308137818338
0.99143764449030258 0.98626136246503771 0.98348127237559824 0.97486109235697482 0.95254111094738103 0.92898799183497782 0.89237144490796982
0.98932687936088626 0.98100733828198561 0.97733714080769885 0.96438856781447968 0.92775242537267599 0.89026702147096592 0.84108011199221078
0.98464871930873521 0.97004386935316944 0.9620826030370544 0.93769639986795106 0.87341477523435895 0.81890186049809433 0.75005385154816162
0.97217238024385855 0.93456973226032014 0.91661183145973901 0.86254662787742575 0.73846042893472208 0.66017838738327328 0.58399023324588117
0.93042573981252685 0.82174918067984282 0.7751773653501941 0.66273476379973428 0.52361666053639988 0.4700154649434613 0.42814261716530905
