# MERIS total downward transmittance (direct+diffuse, Rayleigh+aerosol) for aerosol model MC50
# Columns gives t_up for 7 aerosol optical thickness (total, i.e. all layers) given in file TAUA_MERIS.txt
# (first optical thickness is zero hence gives Rayleigh transmittance)
# lambda: 412.5 442.5 490.0 510.0 560.0 620.0 665.0 681.25 708.75 753.75 761.875 778.75 865.0 885.0 900.0
# thetas: 0.0 10.222899999999999 21.347999999999999 32.478999999999999 43.611400000000003 54.744399999999999 65.877600000000001 77.010999999999996 85.0
# Inner loop is on thetas, then on bands 
# Dimensions: 15 9 7
0.87210945775873783 0.86687899791563217 0.86542055487199288 0.85999359012775789 0.84647774822987842 0.83160789516360822 0.80923614311895709
0.86975548528773772 0.86505243132254139 0.86359765613204109 0.8580846706693408 0.84248105003643792 0.82734942368351883 0.80612035462421439
0.86324247255958142 0.85735557910780458 0.85595108289209498 0.85010871556876455 0.83536514952862495 0.81726952035807909 0.79502998376818679
0.8501194348393446 0.84311637707130582 0.84185272724980387 0.83518189801043108 0.81759734845280763 0.7989406017820615 0.77331100946352305
0.82817680292248186 0.82051199114271134 0.81843969065513578 0.81076157847175323 0.78874906797570588 0.76556824250124678 0.73381700124557447
0.79192773359038315 0.78189766965355967 0.778941123340681 0.76867309997197508 0.74001401053298566 0.71258679011568915 0.67421296454523783
0.72909721592074117 0.7144229865405366 0.70950649472250082 0.69651025671521527 0.65807439501085663 0.62491021484011078 0.58482510408907684
0.6040487082200181 0.58510646712761039 0.57876249608993036 0.56208452776693973 0.52157875033827816 0.49191855177594085 0.4583872759674425
0.44705948740451729 0.43138349706422879 0.42928534359946952 0.41975293149336812 0.39768410201560211 0.38021438913922528 0.36094169276567006
0.90169186315962035 0.89664191347765809 0.89499238246721113 0.89011650629796391 0.87561678440381874 0.86070796089233126 0.83796914990574678
0.89930403592758079 0.89506636295690056 0.89344375302650136 0.88816688740991134 0.8742385962750151 0.85899061320244197 0.83595185521115878
0.89464221124969712 0.88907801304711598 0.88702409213847433 0.88228065964364488 0.86639811098410158 0.84832408577768259 0.8258313748203252
0.88393024130828846 0.87770818746374801 0.87679336167102306 0.86911361913365881 0.85053231739837465 0.83127259451738655 0.80291041752579873
0.86651614549229905 0.85887774446099618 0.85689487377615714 0.84756690598751017 0.82466690672137088 0.80144881425325409 0.7683922004870698
0.8365102081342557 0.82679832503255291 0.82255357353331304 0.81110862771629033 0.77967538888812926 0.74986249012664885 0.7097098957750676
0.78204682057844999 0.76660868748491606 0.7617726836283043 0.74563840855916685 0.70282946289769976 0.66284775437031895 0.61760432840205848
0.66665309288384311 0.64281598750670466 0.6359851622882694 0.6122219041255812 0.56115606564313047 0.52388997888238753 0.48327440688351753
0.49102127760601189 0.46981628325322095 0.46397617917859418 0.45028838822485195 0.42146403360327644 0.39990577192782534 0.37787825316934098
0.9335494659535013 0.92845602064203114 0.92719751888434043 0.92174271977530797 0.9076626486624142 0.89283899607439332 0.87063281724517294
0.93206301726717378 0.92783694436338116 0.9264471053595722 0.92166503211517259 0.90622522279165485 0.89067855251927763 0.8659604679862829
0.92847038240191304 0.92308559702747173 0.92226091533927013 0.91578492921725141 0.89803019834014586 0.881648875505046 0.85740561168171581
0.9207366137602887 0.91488442971039263 0.91240142165568638 0.90567906527560049 0.88605657885343381 0.8646427149846081 0.83764408027915371
0.90828191622827092 0.89991557818841872 0.89812524543336547 0.88954086765259843 0.86480003689805929 0.83972994806363022 0.80475728061789609
0.88623061402024272 0.87562553016881628 0.87200886978087855 0.85927539506352013 0.82467062338344521 0.79162887624386535 0.7498119888817153
0.84489562013524944 0.82853127955496664 0.82224393976236398 0.80312055448769959 0.75267212837148711 0.70830168496284951 0.65499500132344624
0.74939163044561186 0.72030533197502566 0.70970204564364614 0.67892287080786817 0.60978549936298154 0.5598835174847111 0.51212928959509763
0.56477294873577244 0.52927186788625125 0.51918501026086783 0.49288950575090135 0.44958471241177073 0.42423951240744417 0.39640023023739113
0.94304745663814438 0.93831612745687387 0.93697003061609041 0.93194154813051699 0.91718369330993543 0.90268398786535942 0.88013303724275282
0.94182130281782628 0.93700170647336056 0.93604373546384578 0.93011376055301287 0.91684431183279413 0.8999271412097668 0.87717350869870514
0.93850552945495935 0.93338368695795004 0.93172578123329719 0.92584678627398587 0.91054825065087175 0.89277558527341494 0.86649771031441758
0.93235657206242828 0.9257037377371361 0.92392238529211779 0.91704488306289256 0.89719417081666164 0.8774807459995958 0.84888276166911358
0.92092952862931987 0.91397472718740935 0.91066748665816166 0.90225581915459452 0.87730390332204855 0.85137749645023231 0.81422538867296379
0.90187747407175112 0.89140379288166527 0.88728709452461552 0.87384773109460423 0.83963233991064556 0.80666195195868706 0.76064591194253617
0.86544700646916739 0.84790423942377391 0.8417055807914674 0.82198683791527305 0.76932843563044517 0.72335909562892531 0.66499602805005809
0.77846831847843012 0.74637321547983515 0.73607938317845156 0.70105549867063333 0.62587313756840102 0.57468421023346528 0.52119983492350375
0.59581904253462148 0.55426456620711506 0.54134371381676061 0.50979403386718736 0.45897372824561461 0.43098236509144405 0.40128390723684221
0.96051812981031892 0.95622160372099596 0.95475141506941186 0.94998183649756074 0.93586610123498626 0.92088249373066178 0.89726267275650395
0.9597608040518566 0.95519273835566798 0.95440488096101062 0.94909552589705393 0.93341179562461196 0.9193173066145085 0.89536646983016688
0.95735175044932308 0.9519783299070641 0.95083931056707183 0.94529394420558466 0.92912928500438619 0.91355750523033818 0.88626630981415444
0.95299135200471718 0.94727099622906119 0.94567615459139853 0.93813256202131434 0.91949976981643355 0.89889713150036077 0.867638730157548
0.94478533156436906 0.93713658030740388 0.93499567637562397 0.92568535051326162 0.90047860431860427 0.87480323848890218 0.83793908707240505
0.93071231174274394 0.92031643194861046 0.91660381270738789 0.90272750131700352 0.86538409076390954 0.83103171277807963 0.78411397315002906
0.90386353286962817 0.8861569845469226 0.87948327398480675 0.8573727904138011 0.80019169899511555 0.75124088691908508 0.68962527073706725
0.83629403414876424 0.80167516046431486 0.78880474501326159 0.74717939950067269 0.65809214072090294 0.59986509609128957 0.53957487050853603
0.67327159172963513 0.61329772428784257 0.59530698470572163 0.54546749589553045 0.47817610582504982 0.44452038153064588 0.41106033096302613
0.97357131634583305 0.96950538034470224 0.96838435023528946 0.96359311802582148 0.94976806529083457 0.93545977491584054 0.91280161118581649
0.97296857578962614 0.96915469592678993 0.9678163388631843 0.96205172480046275 0.9476924326017192 0.93321553421284964 0.91045829082018581
0.97172008271272892 0.96703784337707854 0.96520718749164169 0.96007765061504813 0.9447587333667401 0.92807214354032141 0.90341443080826633
0.96842092066538377 0.96304985191742687 0.9613572835371379 0.95531927992255616 0.93485644299953885 0.91616090016156537 0.88584283434397859
0.9631536348090538 0.95593177903271365 0.95319793949445542 0.94422056486183925 0.9189083091287602 0.8922128248155764 0.85598836004167467
0.95349136604376461 0.94350928507423848 0.93870298049269196 0.92536135776836481 0.88880903751693274 0.85144011867872316 0.80243978079136191
0.93466817384542289 0.91653662936453717 0.90986395566575851 0.88669762659075335 0.826364777027917 0.77523061578597097 0.71000688931593314
0.88535555846197678 0.8480021766199406 0.83323358452552365 0.78665708855889682 0.68650540934218329 0.62042106538434583 0.55620654835335737
0.75137214116724516 0.67489026608648428 0.64876402181566706 0.58162736316780328 0.4942400890100645 0.4552547278217931 0.4172357950145133
0.98008636197458376 0.97620576653144153 0.97489133614501045 0.97006922549309849 0.95677877915715681 0.94306442568885496 0.92027295524281028
0.97961934835526443 0.97549986934421817 0.97455687828866799 0.96963831314824056 0.95440902924913051 0.940155192550437 0.9188019924523706
0.97844321477965823 0.97394570765345123 0.97256238845475762 0.96754297362526642 0.95158980178268471 0.93488585615647468 0.91088177917239099
0.97613807557549703 0.97097263363306263 0.9690242888018169 0.96231396579581951 0.94303066679369207 0.92332558978813828 0.89491869605333496
0.97188087362472764 0.96492384717982449 0.96243099920691144 0.95340870293243019 0.92947052566229871 0.90308634684522571 0.8652276409349382
0.96442241563857833 0.95405521358864187 0.95047806983344008 0.93757295592772871 0.89968318970405015 0.86241790216159386 0.81282873421694068
0.94974734758582069 0.93253822727020119 0.92580763008413736 0.90199180470144713 0.84076217195292335 0.78592268115713859 0.71877397259098186
0.91103920637868874 0.87255454111735808 0.85727156523165715 0.80762060006767744 0.70152050241333386 0.63095027041198826 0.5639202509246104
0.7985802172428853 0.71193151965879486 0.68075846346048186 0.60198201705505072 0.50189624758044826 0.45962528344753695 0.42145367690863872
0.98205318423835131 0.9781971172539885 0.97699912844828352 0.97258098433411433 0.95907664128380621 0.94565163775499839 0.92248184461816995
0.98169228658194518 0.97757597248444916 0.97671993443489868 0.97177670172502451 0.95836164092262044 0.94267089423434525 0.9200932336957004
0.98041035690138556 0.97624310247655266 0.97455561515180911 0.9696453941443357 0.95304070795461748 0.9378535003909767 0.91232190522431889
0.97820010043729411 0.97325479683650384 0.97148464952877245 0.96491807099970806 0.94640070109175467 0.92514378645032214 0.89700942980390796
0.97449827148253687 0.96788370305286786 0.96470487751517342 0.95608884705433184 0.93143696381965424 0.90607438532761209 0.8674786690049201
0.96764476257005438 0.95782905564519294 0.95403808529128487 0.94011954043311119 0.90270246257847098 0.86582979588407927 0.81559196932340083
0.95447922367027649 0.93686590511043477 0.93037960566645261 0.9063804715150785 0.84333214035262649 0.78846445060914072 0.72192567007034181
0.91930133611271247 0.88079689301811115 0.86477712183827371 0.8141667797488108 0.70433621084910147 0.63420748481857536 0.56593133691028663
0.81444154948178704 0.72461824902166616 0.69053864783132268 0.60683171610486819 0.50516763066816583 0.46069780029531582 0.42166458175012239
0.98455424645159439 0.98084050941870771 0.97951646040011808 0.97475371821200618 0.96187152973522994 0.9477999727637676 0.92575989265674108
0.98437158537828862 0.98038188472946886 0.97950908492806577 0.97521793871138795 0.96082823441466114 0.94746316976881395 0.92367641947828683
0.98326809899818179 0.97914972224856411 0.97763628909265576 0.97271055046165233 0.95729975759185326 0.94090892418909111 0.91659691855318326
0.98152252048905442 0.97672613153337984 0.97415932643424397 0.9679716937746542 0.9504339021072139 0.92890773073730937 0.89954813686606916
0.97809567696411148 0.97189466079032072 0.96929140930541235 0.96019493487332541 0.93472743763239063 0.91072972845218203 0.87148944298444342
0.97223951828515287 0.96232211341822094 0.95873980821341886 0.94555539088261065 0.90719123795987555 0.87074625205247336 0.81999081901151416
0.96061274901346938 0.94360549970287311 0.93689738797356792 0.91239048169084191 0.84951100712843131 0.79521129056305973 0.72738005992082799
0.92990744168127759 0.89132154240790007 0.87482672781202142 0.8237338499836967 0.71192133195266449 0.63983173615963707 0.56935976751916495
0.836712965816934 0.74220266314405492 0.70672233289908981 0.61778802873085903 0.5103567993791015 0.46468811658493808 0.42399206419620428
0.98779455217242995 0.98451956277948582 0.98309114726722457 0.9787491102550544 0.96588812188198347 0.95160655052363996 0.93014919355970471
0.98796146828969233 0.98441859298974221 0.98291689818555883 0.97888742055823319 0.96414236244689022 0.95005214809728833 0.92908983397916944
0.98697379742517699 0.98264178179137407 0.98142574221791656 0.97775597196200337 0.96211945182314729 0.94541626568598414 0.92002557017920994
0.98553347096725241 0.98077109369734361 0.9791935970266944 0.97257758595196553 0.95439407175503244 0.93400847300026724 0.90474137128508136
0.98297467768537516 0.97684635051744784 0.97414972082058959 0.96649392118520583 0.93967920743370492 0.9158180994803985 0.8771109134759445
0.97870208084098165 0.96896365374420812 0.96465951000760697 0.95184669210616446 0.91403023358158286 0.87766708585358544 0.82545742668097166
0.96908231809293122 0.95224459862795885 0.9450380632967933 0.92112171408005261 0.85783144569345404 0.80152830924162477 0.73488975346427154
0.94457318116002131 0.90607311134847779 0.88913432909094348 0.83537110345208554 0.72067557378695246 0.64684165458294951 0.57367659762042422
0.86776714219650719 0.76761441877343384 0.72843939056079943 0.63087217024506492 0.51351963932615163 0.46635225147401871 0.42438539174573198
0.98838602556389965 0.98498924809379351 0.9836703524361291 0.97896930475968247 0.96622328678079761 0.95309563375845807 0.93097370077840647
0.98809216654631349 0.98470858604220135 0.98295589353111845 0.97917376984528093 0.96424141877376912 0.95099636074326288 0.92960914114165416
0.98744493779602172 0.98320416518169629 0.9821657512238976 0.97655433863071617 0.96243333658379038 0.94585657003062207 0.92158935512555318
0.98626054595076973 0.98116287009376468 0.97905997098474695 0.97359504418528309 0.95353849614777719 0.93558175186639603 0.90655134693785
0.9836648127057569 0.97715600481597031 0.97491997652283602 0.96645133999533339 0.94064903387103371 0.91620487695666086 0.87952081547480165
0.97921033586167161 0.97041259780068845 0.9665371471630011 0.95268846022981768 0.91485166554275565 0.87845061361321686 0.8281609461827758
0.97041122112546641 0.95347107392265495 0.94654046713252415 0.92330772558037744 0.85688150032124921 0.80380710012905321 0.73513721699180457
0.94683229990390183 0.90837517898710907 0.89121629713485728 0.83802946921926003 0.72176405108798958 0.64502589694266133 0.57506687904339693
0.87211525150533675 0.77137158182891929 0.7309485459109597 0.6332490690668745 0.51434624805398355 0.46795634762015864 0.42495816658612362
0.98933634856276942 0.98586158721937234 0.98482694154255379 0.98072270547812113 0.96803033344568723 0.9540532508393198 0.93250411336668393
0.98915647760366521 0.98568994762698003 0.98475488348566553 0.97977068399153433 0.96716271109517205 0.95355067420378425 0.93043010237049839
0.98842499695218766 0.98429905778305893 0.98301827823667098 0.97824617554287208 0.96322790440381167 0.94792186300945602 0.92337536306712475
0.98724920320101361 0.98240077549142513 0.98064341907883079 0.97494315599312431 0.95669552148186954 0.93689725907948718 0.90842245530031474
0.98490204705672857 0.97879184762902172 0.97632487208729224 0.96814902533663405 0.94284417047741875 0.91746286908786312 0.88029585760106188
0.98095081879193924 0.97172690160129704 0.96816973716328036 0.95456370667044987 0.9170795680686471 0.87903522036397519 0.82989059758408734
0.97281517158307529 0.95642769432576968 0.94939382090325497 0.92522006213685237 0.86127575812326662 0.80519238667985249 0.73856116632086621
0.95077655758934243 0.912612115748761 0.89546961587662743 0.84126165096385885 0.724674233141404 0.64990761387900697 0.57640164062599419
0.88147618402754857 0.77952636825444377 0.73860853119125491 0.63775988052669341 0.51584358519210993 0.46787483859133305 0.42602604219492829
0.99298130726429557 0.98971340411866493 0.98862745374271488 0.984669035100315 0.97227349493334014 0.95898299065000581 0.93869751530042222
0.99298144491541163 0.98951759415810014 0.98847804981618848 0.98383799033329955 0.97140274369906521 0.95826025530832371 0.93620408496673468
0.99253527130829222 0.98862986700654376 0.98747256129554395 0.98226375195713844 0.96809467052952569 0.95274543061199868 0.92938266051290919
0.99164481368137736 0.98697275772711679 0.98544202740668441 0.97960539591958073 0.9622953081883342 0.94368633418364389 0.91411663088348072
0.99014244143701624 0.98455557085149703 0.98209899796647038 0.97337584539126376 0.94959979579201259 0.92430118528990912 0.88839282757473259
0.98742180796317314 0.97882045539669371 0.97476605819822593 0.96179081017994483 0.92474054676189055 0.88904315722896188 0.83815687945249417
0.98197858303876662 0.96613883880887375 0.95893703354082638 0.93501415728190462 0.87110761891654553 0.81566840525738005 0.7456677100953919
0.96744312586656078 0.9296984908014837 0.9121852759118968 0.85559437069122912 0.73655302812142343 0.65818453853153636 0.58399539796210698
0.91862663914914333 0.81178695340826557 0.76706072758511834 0.65536052665838551 0.52232402509307785 0.47099108203615775 0.42689239749885011
0.99363839569838497 0.99054148373669992 0.98953938924337748 0.98525169498176834 0.97322828803705985 0.96023868800829382 0.93928698768484331
0.99360288862969837 0.99017310719742446 0.98899224449266188 0.9853695400807041 0.97232439067256671 0.95816675342868995 0.93661768600098561
0.99320874177346585 0.98923576560759452 0.98829853149855484 0.984582951811667 0.96900462511126062 0.95394412048161381 0.93085222691365221
0.99244996009052289 0.98773237422378524 0.98631810149380927 0.97996983899333934 0.96367535283658312 0.94338941930607356 0.91469665853687943
0.99104414337639823 0.98527022527001074 0.98308666549120149 0.97492637444538544 0.95076011498577251 0.92571594309415317 0.88848129939544829
0.98860405052189448 0.97993149032006044 0.97604414448917309 0.9637065992976066 0.92566758272450111 0.89072918324038486 0.83874645847572105
0.98369773670529259 0.96782267391489629 0.96121343712972773 0.93683489932657038 0.87347758787696317 0.81609749442304924 0.74831936463263271
0.97018046477852826 0.9321360655067672 0.91484727927240195 0.85944663263007559 0.73859312892936912 0.65974825162163897 0.58561266975182291
0.92557119423350931 0.81789037122120234 0.77214703922362793 0.65817994071209718 0.52328371703695642 0.47034246075705999 0.42709921519418259
0.994046912472072 0.99097125553031273 0.98964234400654116 0.98566125789423842 0.97375424476895622 0.96101488417948622 0.94069039914676644
0.99390102803099512 0.99038265540216419 0.98975181090183251 0.98560602881834369 0.97282849366276825 0.95992021785006865 0.93793751614290521
0.99357488858745313 0.98997725866285202 0.98886960712590322 0.98371952351312697 0.97002107055790643 0.95488132236006718 0.93068932911796098
0.99284035714867758 0.98849021003933613 0.98709038229340207 0.98108069164498357 0.9640295550224538 0.94524992368173999 0.91699031905668626
0.99164480708084235 0.98568168167397008 0.98367167966489122 0.97564912201977672 0.95145819748884275 0.92679690835849871 0.88912818489057222
0.98938163382143607 0.98078669965211807 0.97707472020814412 0.96371527508322696 0.92795239755514569 0.8908310738591283 0.84127948625013227
0.98479707739631106 0.96915656984438281 0.96248651998061052 0.93840105871153456 0.87372470470570385 0.81874351385872446 0.74804546106536141
0.97202833983084369 0.93482671107023663 0.91701656535924814 0.86060538160439382 0.73956226546441362 0.6604486737035391 0.58499098489732781
0.93022986976073807 0.82157147797674113 0.77526457999097398 0.66125513004543701 0.5239263517798739 0.47073335206382083 0.42777336292574625
