# MERIS total downward transmittance (direct+diffuse, Rayleigh+aerosol) for aerosol model MAR99V
# Columns gives t_up for 7 aerosol optical thickness (total, i.e. all layers) given in file TAUA_MERIS.txt
# (first optical thickness is zero hence gives Rayleigh transmittance)
# lambda: 412.5 442.5 490.0 510.0 560.0 620.0 665.0 681.25 708.75 753.75 761.875 778.75 865.0 885.0 900.0
# thetas: 0.0 10.222899999999999 21.347999999999999 32.478999999999999 43.611400000000003 54.744399999999999 65.877600000000001 77.010999999999996 85.0
# Inner loop is on thetas, then on bands 
# Dimensions: 15 9 7
0.87193433081516603 0.8647819039171889 0.86364426029253216 0.86034970846380243 0.84988078048833959 0.84057832862381943 0.82680498506624533
0.87023652584221411 0.86306889106314466 0.86163645476405704 0.85803852602099095 0.84859144903429629 0.83935159768394751 0.82640485599671065
0.86317426460939406 0.85542608542160914 0.85417040243242459 0.85126313954904342 0.83969821962917035 0.82872881066772353 0.81173360451418131
0.85021078450029397 0.84139519825065212 0.8402760627802236 0.83513237041251109 0.82192669227323889 0.80947294692376826 0.79235256202241677
0.82865085740091871 0.81790195141760469 0.8163179121375187 0.81026124403631672 0.79461623966920791 0.77915611176788035 0.75672229970165106
0.79204797106410518 0.77809451307996325 0.7757854100042012 0.76798273445839815 0.74810926093482022 0.72992567419767984 0.69971344262691459
0.72857264559346346 0.7097477458521152 0.70642912158572579 0.695692774633627 0.66868947636808074 0.64521787452425472 0.60890371765172946
0.6042267758446368 0.57898731244761914 0.57510611130897238 0.56143412618986244 0.52827243752627273 0.50533231247081889 0.47819262224215103
0.44702934005728706 0.42702517819713759 0.42487256678806984 0.41606461134382156 0.40054346301641464 0.38754119113752522 0.37049421537845251
0.901683714861643 0.89488379540831253 0.89382235294891776 0.89038642816871416 0.88155571144516953 0.87076960782416624 0.85535345412871755
0.90015271609316916 0.89354153617552456 0.89198058836318084 0.88849088673957377 0.87702059118614883 0.86799015239454613 0.85360198083821703
0.8945307776444209 0.88730918299757544 0.88614953938673668 0.88097227184260207 0.87112475511754561 0.85783129356264187 0.84382554471575399
0.88442227362505321 0.87584387967741673 0.87464291720928944 0.86959444149201148 0.8548852068670959 0.84287241244187783 0.82612518039311333
0.86679888380442049 0.85612707696641588 0.8546611603361719 0.84690010383631376 0.83044186973012923 0.81657457016472346 0.78890468595589514
0.83656964834646064 0.822312196939472 0.81987383322490626 0.8121297248095628 0.78932347647802736 0.76652824325241953 0.73687973705741971
0.78248411022221076 0.76226280141440894 0.75827524085967479 0.74572364069861474 0.71291082436634456 0.68355269275536512 0.64730649200645041
0.66702135079194325 0.63662326013150383 0.63124442386926038 0.6130679530136145 0.57155518179757647 0.53977384009203333 0.50632096106297408
0.49133780914464459 0.46377999195161201 0.46007371866357694 0.44840365382749403 0.42475358108202499 0.40850295611016668 0.39076904457838441
0.9334475496171134 0.9272844278192558 0.92614430645842605 0.92242643218820897 0.91437794039981046 0.90255636921447202 0.88620220465885369
0.93219075013394159 0.9256822067725905 0.92522746984139481 0.92068634079706091 0.90871537360325139 0.90205832266898445 0.88618025033048453
0.92839394242058837 0.92128138258225489 0.92078952508187284 0.9162405670167566 0.90373239164939334 0.89492411676022887 0.87608323651888687
0.92091108602989646 0.91264239239617717 0.91185653045120252 0.90723189843341367 0.89271803003892192 0.87949182971477502 0.86098228031784985
0.90815472218595539 0.89832751917530596 0.89640401670765102 0.89011719408418144 0.86995126009121337 0.85333620752457207 0.82762638507814756
0.88588988486172182 0.87259302359387902 0.87060118684545196 0.86093244491794485 0.83477764618438499 0.81178544137961117 0.77587913185496749
0.84488704565159656 0.82400971889406827 0.81962668751599799 0.80493156289465195 0.7637798724792898 0.731874314611625 0.68798338023648231
0.74913014385675258 0.71364725638180793 0.70628297364574344 0.68245363974031148 0.62410817481166214 0.58454136664031042 0.54112645369501156
0.56484952820207324 0.52255373799445604 0.51472143900568368 0.4938455500296563 0.45553105761834051 0.43447594387771482 0.40833697265541707
0.94306592138372336 0.93712158887539521 0.93581962555707909 0.93215848785746214 0.9219485178422957 0.91224315115697618 0.89751368603040205
0.9420378874721349 0.93596157466619012 0.93503337908926187 0.9315585234305781 0.91969998522942265 0.90909805369367935 0.89610072118463224
0.93871695997942972 0.93201114122969619 0.93047836458184496 0.92720552718421456 0.9154297684505267 0.90222876616718628 0.88976401622404799
0.93227978806020906 0.92457405151943028 0.92336527122665479 0.91929899699386564 0.90595892040449733 0.89213724712488984 0.86979809216243786
0.92098606418628692 0.91156181470232345 0.90986700995406977 0.90421388850693785 0.88524230029649797 0.8681857294227715 0.84167612605852571
0.90173879752694652 0.8884211070248359 0.88582718293389029 0.87679301443260138 0.85209961758349118 0.82479473697763461 0.78918379798341021
0.86532138578900819 0.84394967531300757 0.83948100875035947 0.82443227514330308 0.78524752608583837 0.74747201933688856 0.7025125087469859
0.77804865185597516 0.74090611798296313 0.73253560217490032 0.70523817500060593 0.64308310461997953 0.59847435057544396 0.54986513748400889
0.59628012108777895 0.54732388588914227 0.53819993706186231 0.51206106971909648 0.46608476013408007 0.44222451108842031 0.41710389167471196
0.9604503160947484 0.95496552622969444 0.95374258983783133 0.95001976792117426 0.94083885030834102 0.9299788556594536 0.91583841222418483
0.95963618289565566 0.95421114842028876 0.95295418855777037 0.94999385670791192 0.9389473044349812 0.92923138244623649 0.9129674848920053
0.95736649144981711 0.95111829373268608 0.95046079976061459 0.94651967106698565 0.93452157889688348 0.92361461004109757 0.90706056677879754
0.95280887283604299 0.94571790121481358 0.94452583313709149 0.93870324017014894 0.9253090531674586 0.91249709196757223 0.89195475340452313
0.9447727720429373 0.93557354749960253 0.93371594135351688 0.9277363463541547 0.91073002775017031 0.89145264847517047 0.86330585331421705
0.93103510823038593 0.91819512598982045 0.91513180108894343 0.9054238666713551 0.87814587937214661 0.85244004294899467 0.81483677108438368
0.90397774505926098 0.88286068519602712 0.87806291720117713 0.86093635112943723 0.81843799398821293 0.77882611416336667 0.72695342108130367
0.83636708939460702 0.79599211368435185 0.78679662418095853 0.75397223855556295 0.68147068056118576 0.62941332922782267 0.57181749050501451
0.6728266096397022 0.60691404201574417 0.59219024354747551 0.55207574146345473 0.49006290473799102 0.45826588733925727 0.42728919426242945
0.97361465743637532 0.96859106628412983 0.96767697563894572 0.96432584092038032 0.95448947108084681 0.94315567291151559 0.92828064394782583
0.97314096867728161 0.96786598282746894 0.96723349160556182 0.9628642265188726 0.95353138646885305 0.94141911604520612 0.92672038542436408
0.97148815917742914 0.96574071341102519 0.96516028882223803 0.96197303426503911 0.9490665233281842 0.93906090829823585 0.91959472355074523
0.96825884342645485 0.96173977040926739 0.95994996425904788 0.95482076326138443 0.94317739309711235 0.92789571118461078 0.90533731505292403
0.96301024838506943 0.95437901507932466 0.95219411427607459 0.94634658000692951 0.92680001390928035 0.9073624605841345 0.88306247571996432
0.95330453751565714 0.94085561667701889 0.93838254250974018 0.92803517776136546 0.89969864499290875 0.87576452014583006 0.83489426707380421
0.93434854025470637 0.91411214483927572 0.90866335566320766 0.89107431840147411 0.84469517234728542 0.80287758040777701 0.74851538397326167
0.88522867488493229 0.84410345415411492 0.83343502284443105 0.79671753727314287 0.71243973086831824 0.65120116452916843 0.59080433328692716
0.75153439290289115 0.67106151240710676 0.64975059838986549 0.59187005822335881 0.50999951064933202 0.47231289996056519 0.4352778953405273
0.97998397914592439 0.97541843361739744 0.97429508051423142 0.97097702260691399 0.96075089431394423 0.95034675359611387 0.93491577460319386
0.97966216497454495 0.9747229800439362 0.97334857898686555 0.97035518111899621 0.95950034977304077 0.94896129261064532 0.93505340013327076
0.97846299134387216 0.97285536279317386 0.97208287023820172 0.96675177723156602 0.9565789288945703 0.94427814776136432 0.9258541981842876
0.97604052584560863 0.96960821329843783 0.96796402445353757 0.96454017024384364 0.95095863185611751 0.93349477519763036 0.91310195356822366
0.97191153496871086 0.96372474780585426 0.96164962240540575 0.95512050307728935 0.93752432697661525 0.91706699532711589 0.88993494474264556
0.96451710892830844 0.95260850307910228 0.94974512804986644 0.93976626430362764 0.91215624626782132 0.88408085559524874 0.84446925948607743
0.94991267848342475 0.93018905318406342 0.92508244686969576 0.90680722521728041 0.85819898173547737 0.81515433973788587 0.75670366862507155
0.91103287416758083 0.87016252471643418 0.85790440891151254 0.81781380662121783 0.72844740228389104 0.6643596522387476 0.59840070684661295
0.79875260599422437 0.71065246538433335 0.68501756801732139 0.61649411463564707 0.52128247518235205 0.47812755293925485 0.44000887860977023
0.98191306697005698 0.97734358867662618 0.97677170028782589 0.97337433957740971 0.96305933235631425 0.9534276156701097 0.93789962528617099
0.98174773548911776 0.9767713219518509 0.97541792442392694 0.9717701369798275 0.96336589796468819 0.95072537270243151 0.93606162469157206
0.98060232718371187 0.97522362065321855 0.97305818557475099 0.97018538262963383 0.95790443879244902 0.94659951614986659 0.92795308164963652
0.97830136609186857 0.97267823356369121 0.97115374620938644 0.96576458715046154 0.9535048965460946 0.9378784009026222 0.91649542573066078
0.97458409805827262 0.96648386114143081 0.96493572579743658 0.9584213808799793 0.94056521897231593 0.91958496917577126 0.89268499379429211
0.9678479768099334 0.95655775467654869 0.95314451834897373 0.94252883045956215 0.91483998551899226 0.88675200728335912 0.84809549164816178
0.95468557357358674 0.93492573387980971 0.929814447363144 0.91122298009634384 0.86241679620931755 0.82019780767521655 0.75944640470209479
0.91903290594050258 0.87876080325002881 0.86514994242461207 0.82434294167563216 0.73375491583384445 0.6675735524071682 0.60083409072842697
0.81472428361705851 0.72455014663639616 0.6969940617449577 0.62517541821556855 0.52389533636228902 0.4801464893532541 0.44317629762460337
0.98450050670583977 0.98019054293456198 0.97894089812149443 0.97558573751661493 0.96620571780000286 0.95571920673712618 0.93888214749641874
0.98430451328991331 0.97955309568794147 0.97930204991976044 0.9749536170175378 0.96541220469857691 0.95548082923196387 0.93813477097481357
0.98328068986327088 0.9783287292647298 0.97711288747787328 0.97345087539024622 0.96073191916230405 0.95058451613912442 0.92978323838406263
0.98139461906740066 0.97526637131111726 0.97421776080940881 0.96866513980346847 0.95417415762454649 0.938967470842198 0.91910945106430408
0.97820546363732752 0.97021241662298352 0.96857971487870376 0.96243273355018666 0.94298943657870393 0.9240173580212766 0.89396330159127069
0.97234285827256872 0.96083361756646435 0.95842633591669957 0.94798585473156038 0.91976392263608353 0.89088895514459332 0.84695782602499659
0.96072235383684412 0.94155447414177718 0.93624459201160537 0.91760900101488685 0.86793177088314455 0.82295895312482759 0.76352491003042477
0.92972312427078119 0.88926972084625922 0.87731189161560086 0.83526403533103266 0.73995675243343695 0.6725066650538758 0.60231903767649919
0.83623455350740106 0.74367964230659989 0.71408956998890682 0.63623414597938255 0.5277114007231849 0.48299624398893065 0.44358308484444681
0.98798596861942511 0.98373077140348353 0.98270262523480478 0.97937683380901486 0.97001853804843674 0.95863249184306576 0.94283206622842697
0.9877439822391868 0.98309186519185177 0.98200107714957152 0.97806883050481375 0.96709166981775407 0.95755577859575869 0.94160444060715909
0.98698307849706846 0.98210279056641103 0.98098953403931444 0.97664096779267884 0.96549334745195659 0.95242619983710652 0.9351108285484846
0.98551317919097858 0.97971769913986051 0.97767885835880475 0.97214063449783239 0.95705951612946871 0.94615185828010828 0.92196001416997864
0.98292304723427892 0.9753197353773474 0.9735873530617315 0.96675528558374602 0.94612419866077868 0.93045451883281027 0.89960581444047061
0.97840181037207918 0.96754689837389662 0.96410350649368126 0.95402945647442561 0.92371182500481408 0.89615454793931215 0.85554482177245839
0.96919786623804205 0.95051060975594392 0.94518556247411223 0.92600713378647015 0.87492981270726378 0.82812827310447601 0.77134069772482272
0.94456375927682001 0.90531365790118035 0.89209323236626614 0.84676690486444062 0.74858810359335504 0.68115930685228332 0.60694294804195814
0.86724045136249828 0.77172826278229389 0.73863601989214145 0.65219913002070551 0.53443026327242282 0.48572980280331052 0.44490108870382722
0.98837973392732137 0.98400655494021239 0.98313000898944225 0.97972177538336991 0.96971821354045129 0.95979447885120084 0.9446790456693307
0.98817278782416573 0.98389705321453558 0.98253252175148709 0.97795735311843768 0.96779982370231499 0.95899058748643884 0.94322478645954844
0.98741584103870139 0.98246955975618266 0.98106625913016177 0.97782174640792729 0.96562239389217763 0.95165209531308292 0.93599474079021761
0.98608142362954976 0.98058597788745339 0.97837725636111728 0.97503158535989276 0.96023767449238784 0.94443457500583305 0.92088337936464604
0.98359414166472214 0.97630961228840973 0.97426811196716046 0.96826194261199217 0.94970666068697507 0.92836093506678741 0.89826872088383747
0.97917165306214982 0.96839493916063901 0.96523028814541489 0.9544018299625231 0.92257073320520266 0.89850416863304938 0.85506471731305378
0.97042644088631558 0.95225476707623624 0.94587567930835825 0.92712467104103469 0.8742607373786746 0.82836871739267415 0.76874364467539569
0.94661861088398236 0.90699141114894366 0.89363971313958179 0.84960688454167599 0.74902203114179922 0.67963817549594574 0.60820029573043
0.87191944084650552 0.77552732751472764 0.74267336202825984 0.654412051730488 0.53591041676665341 0.48529100136461722 0.44373544578190638
0.98934645020732292 0.98507705805763024 0.98388038044321635 0.98057084421048413 0.97085063973157548 0.96011305811714232 0.94521312318209205
0.98916799093748653 0.98483840066758099 0.98387234857628503 0.98008247121138015 0.9693019461493293 0.95972622718393563 0.94332909738201021
0.98851934076501669 0.98338986781712279 0.98300140038706629 0.97873159369279683 0.96656138889204846 0.95445813710031724 0.93654898129749731
0.98725560218261799 0.98148268350220635 0.98051554944991637 0.97555742707506587 0.96100436877538009 0.94684876129818607 0.92365607806017169
0.98500980337806943 0.97749795094285941 0.97595994863080238 0.96951176505767134 0.94959380788454228 0.93011961188361481 0.89925992361519025
0.98095808023648978 0.97016360753688491 0.96743195383554537 0.95719998815485197 0.9271296314761458 0.89858047428387655 0.85529719911136437
0.97285185107121241 0.9546656895428044 0.94939012028943104 0.92972651557124186 0.87702235258926042 0.83109505264268779 0.7714463288018073
0.95084602181071121 0.91220792914542081 0.89894601832779619 0.85359469805358401 0.75339702211096993 0.68167402453674564 0.6096325858424364
0.88139208231672117 0.78443637693697266 0.75067224964812396 0.66006501098587134 0.53741082949247476 0.48699156233626922 0.44537081100203518
0.99304170675562131 0.98904835579726247 0.98814406233391228 0.98458000031180604 0.97480560367042168 0.96463657318117235 0.94778395881102639
0.99287683219441603 0.9888673581512597 0.98768630279996483 0.9842269519871647 0.97380261777566768 0.96261763309973924 0.94635944457963639
0.99248984510081573 0.98793222458710628 0.98666019980478226 0.9829508024326159 0.97180408948795005 0.95877390157326947 0.94017328435972547
0.99158593749610302 0.98627115645538432 0.98467914916930399 0.98034594464594527 0.96600748966462646 0.9496000022406067 0.92755051891604479
0.99010553554410896 0.98308831295544219 0.98128555149931784 0.97543398463585607 0.95544294632544047 0.93521717572180929 0.90495040260983017
0.98748993364094639 0.97780879762996498 0.97406595460942491 0.96368676701886369 0.93313691607116345 0.90356197945107875 0.86199200913238549
0.9820203351783775 0.9653986308657202 0.95997438517159328 0.93953945776823511 0.88679681704457414 0.83845907808811859 0.77713799714224663
0.96720784271359383 0.93071531940418584 0.91663625230607559 0.86957346779056943 0.76512843430591626 0.69001121875960758 0.6158486751965323
0.91885145452058548 0.82274655779359263 0.78377070284835582 0.68063416164185719 0.54407259813808695 0.48947098972562858 0.44428866479172113
0.99364238220871093 0.98978488149709509 0.98879807398305686 0.98479496889005302 0.97586539635406377 0.96507777479296264 0.94864525302852531
0.99355084785293057 0.98905609205614187 0.98844203914331552 0.98490306025215779 0.97382880591099463 0.96282030974132715 0.94694055573213631
0.9931534903345578 0.98879383303391633 0.9877534084483216 0.98347135442728117 0.97272035441001037 0.95943656463149385 0.94132807516707218
0.99244607163047749 0.98720883959476247 0.98558283192805451 0.98193120145084012 0.96673642500163892 0.95164216080744302 0.92847958456351398
0.99107966002526104 0.98415263230723737 0.98230011884161483 0.97563205563503597 0.95616831357923104 0.93572003707388929 0.90623429218964524
0.98864280622730971 0.978771368168874 0.9754379825282028 0.96591925426860559 0.93577809776194165 0.90434189952279531 0.8616395388203234
0.98378152114731021 0.96731749236593989 0.96162463771774931 0.94304853152438517 0.88588146701662163 0.84037559402034445 0.77991727446201253
0.97024033329708048 0.9340417112547269 0.91920047079015754 0.87250631427089487 0.76531111332129542 0.69188082896555081 0.61948280992038107
0.92577065824804905 0.82937315969607217 0.78965744052754805 0.68530516100880512 0.54577933788331523 0.49065788416632278 0.44569863658739611
0.99406772170811075 0.99007688531993987 0.98905779184890708 0.98602480399357306 0.97584861303272241 0.96540972518706913 0.94879544506606628
0.99398837711459276 0.99003699975700499 0.98912324736125112 0.98585717445132859 0.97799275862050716 0.96364009224038749 0.94664999664264349
0.99360413984491225 0.9892306426628602 0.98816071308342479 0.98394084488923494 0.97345332469871126 0.96040489621842939 0.94041909837926718
0.99291045386876731 0.98791691586313712 0.9859115412971714 0.98091093063436396 0.96802777922841943 0.9523197089692248 0.92906092646813843
0.99158754547572425 0.98489880293418719 0.98286806599650922 0.97623425320942847 0.95631930299373458 0.93720187601975702 0.90574496803832216
0.98925916995720942 0.97958240944212116 0.97661467249462341 0.96574592645016966 0.93590988376258499 0.90519477013647842 0.86217312521430078
0.98476407744234706 0.96848363344792432 0.96309023175740605 0.9431656997284501 0.89007669403453893 0.84241125851770959 0.77921456343673912
0.9721575939544459 0.93655787194643947 0.92185879179959784 0.8749311401554638 0.76673030044044155 0.69242933992201039 0.61768477912374142
0.93029027435521705 0.83425974386042379 0.79374711331499781 0.68738974703029332 0.54665985105464976 0.49058604574135412 0.44671828183318102
