# MERIS total upward transmittance (direct+diffuse, Rayleigh+aerosol) for aerosol model MAR99V
# Columns gives t_up for 7 aerosol optical thickness (total, i.e. all layers) given in file TAUA_MERIS.txt
# (first optical thickness is zero hence gives Rayleigh transmittance)
# lambda: 412.5 442.5 490.0 510.0 560.0 620.0 665.0 681.25 708.75 753.75 761.875 778.75 865.0 885.0 900.0
# thetav: 0.0 10.222899999999999 21.347999999999999 32.478999999999999 43.611400000000003 54.744399999999999 65.877600000000001 77.010999999999996 85.0
# Inner loop is on thetav, then on bands 
# Dimensions: 15 9 7
0.87196529250241872 0.86479802342888168 0.86365545356214257 0.86044360893694927 0.84979834425774836 0.83990165576289144 0.82626928325482529
0.86987394869228374 0.86284519688899086 0.86178802645403152 0.85827707697217803 0.84718847043005452 0.83869880549818376 0.82224388562002859
0.86331673733557912 0.85523821583343462 0.85400631530779414 0.85112573915469958 0.84021250255611168 0.82894323854390883 0.81060687769079431
0.85015766627925482 0.84144645120265793 0.84024571073544629 0.83531705313903304 0.82206003342170053 0.80972350634775681 0.7923377681204743
0.82849828165104011 0.81761268563103806 0.81555462392171352 0.80965585089093772 0.79477212859592095 0.77653814337800586 0.75440333023323292
0.79227431195407338 0.77839603105856592 0.77630136621674339 0.76766134102951644 0.74789159748982659 0.72642216892696498 0.70132148707979713
0.72896147777010223 0.70956936589899711 0.70602628499929043 0.69561987214221332 0.66668128315618258 0.64266853250549238 0.61005058838333792
0.60384782280592797 0.57849827752918714 0.57307412673677671 0.56037504377821434 0.5296165324193215 0.50422023534531291 0.47673776095672243
0.44665584023962041 0.42650595600193769 0.42366150303420219 0.41613985247662977 0.39900588835755857 0.38709505186646131 0.36969478119513371
0.90179985813432595 0.89482377291885185 0.89373064331985519 0.89052584131489132 0.88090168100699284 0.87142735175371755 0.85512348592529719
0.90007531882909619 0.89359625240019269 0.8924291951959642 0.8871523987302663 0.87604857330326724 0.86695766028393006 0.85209857748457241
0.89472740581197363 0.887244120786573 0.88603456518044199 0.88151122756086031 0.87145130127524506 0.85943859279692736 0.84255423468309221
0.88402648153018282 0.87549469900836874 0.87406601119091898 0.86847187226280476 0.85483506814389143 0.84226697154458829 0.82131082989289494
0.86651659700709016 0.85579099247377854 0.85398009692807553 0.84793990852120871 0.83142083203318196 0.81438324309961063 0.79580824936611982
0.83655382087969221 0.82272197837579453 0.81981124638105762 0.81069946972238716 0.78928032654117486 0.76547539761529981 0.73598270894765061
0.78233526205166171 0.76169599702172475 0.75923613620186825 0.74549943715805522 0.71035971676564147 0.68360340399556241 0.64481653314309606
0.66637086501748155 0.63659729456712433 0.6314149281229765 0.61344777962088648 0.56927290874891412 0.54079734893496911 0.50747761007387127
0.49050300852802653 0.46410332809526667 0.4582764718446225 0.44776264964917717 0.423508600107665 0.4075601218013773 0.38846072852243907
0.9333427138429794 0.92708925071708104 0.92599181894698179 0.92307267774977786 0.91264854144262697 0.9036102487233324 0.88735288468070372
0.93228649598396229 0.92618959753964691 0.92462401471596922 0.92089778333462713 0.91007189861547699 0.89734169523192309 0.88460269171428108
0.92832008449064163 0.92204171781897448 0.92055693528600802 0.91501142285595649 0.90446007552667806 0.89096141608141655 0.8736769019219075
0.92104791112540307 0.91322489455474287 0.91130517790930265 0.90680719978201019 0.89495233111487527 0.87841270702451146 0.85764209118760326
0.90830727028726765 0.89856830514781116 0.89639770288551301 0.89030797328933053 0.87358350900915682 0.85280108526277099 0.83147625240996526
0.88613794801673229 0.8724212297864492 0.86979169487561891 0.86051155245658761 0.83593085406512868 0.8129390023569768 0.77710106807310475
0.84480739680090911 0.82396245379783617 0.82049074465447058 0.80451489068809445 0.76542124755200691 0.73466732690231351 0.68855647059895242
0.74923933368430717 0.71384780000244141 0.70524214315752909 0.68384232063255657 0.62773008186197221 0.58526394658396752 0.53781856929559213
0.56495999551650244 0.52211753155391194 0.51371935995572604 0.49469421609545955 0.45458365522135374 0.43551926893143833 0.41010387153823574
0.94308187632014573 0.93693927913980157 0.93575763742509599 0.93199044029849476 0.92302427599293158 0.91323562802667269 0.89592588471611123
0.94186574936004852 0.9358639762576354 0.93471053369828461 0.93208052886990123 0.9210342825767639 0.91092942511470998 0.89657710481039676
0.93846931917786913 0.93204219797272825 0.93104466548745635 0.92760227506076576 0.91196858672837144 0.90029897124505209 0.88750430996861385
0.93222012835695034 0.92449405711773402 0.92393405358067082 0.91822136214160599 0.9037292416712015 0.89022614778257469 0.87194854559881696
0.92100755002529155 0.91158712052438207 0.90954644001169549 0.9024728146697607 0.88539568797305068 0.86713013597630473 0.83989845705868604
0.90179876761801703 0.88817076875958301 0.88608520089673215 0.87534922097458379 0.85107238319437817 0.82257583290989122 0.78965771206931756
0.86514120259827898 0.84421292508500034 0.83948379268674378 0.82431497823140809 0.78536465261495636 0.74819595813478135 0.69993529110758834
0.7780782228892783 0.73996768134376689 0.73172806333321405 0.70642374573729649 0.64218250186465808 0.59780235573700546 0.55368518989376847
0.59713070573793314 0.54699657725116768 0.53755512891201029 0.51053883986581394 0.46754373287304846 0.4423190597186003 0.41514961351015223
0.9605233684932003 0.9549575789845195 0.95397557002179034 0.95059080549923236 0.94155617005459735 0.931350602961587 0.91446667663703185
0.95984355382036746 0.95384206585575571 0.95303104204136146 0.95024755452278331 0.93675073674987686 0.92762937660508005 0.91321008235764056
0.95737701245145945 0.95133340740279804 0.94978086573161313 0.94668933645880315 0.93321436899730892 0.92176216601788796 0.90367787754239648
0.95288406329504083 0.94545825809508366 0.94445557274210723 0.93917922024389122 0.92676480004303297 0.9114370027603832 0.89424756754665247
0.94501201120361222 0.93533342654671703 0.93386905660282526 0.9272133610682054 0.90748537264944518 0.89029178177107826 0.86547058548694367
0.93087929015862292 0.91773556325827266 0.91509168714834943 0.90554379413155106 0.87853578563282952 0.85203442937627361 0.81488322511525602
0.90378566737516697 0.88309240556788238 0.87796153754195316 0.8596329245391291 0.81655344408543817 0.77605821929196861 0.72486588052209677
0.83649826009717476 0.79626041806823789 0.78648142515553165 0.75555120121224839 0.67767087220541844 0.62630763961784197 0.57189295262022966
0.67271511642651638 0.60621843267444486 0.59372231030266254 0.55161933157972531 0.48895021995400417 0.45894763834008467 0.42984449745008696
0.97365597646335467 0.96868039458840094 0.9677685762745849 0.96398095279685581 0.95382591360503666 0.94441794451016892 0.92923108689798828
0.97311217182860521 0.96822508172205446 0.96630483957197943 0.96378143222491353 0.95420303127924733 0.94445905520304185 0.92670060163679702
0.97145412760796834 0.96573755987540888 0.9644479335477173 0.96074945273834156 0.95020571733213954 0.93660328190631637 0.91948710310168491
0.96836351756686112 0.96148469686896165 0.96069655429156897 0.95581622396356136 0.94200537344719626 0.92680482499508587 0.90418560950582794
0.96293709498716917 0.954044336051311 0.95255895331808693 0.9461255974046423 0.92824908279226248 0.90870051679123465 0.87919400602204323
0.95348023355248723 0.94132479381934397 0.93815610597904409 0.93004442260569065 0.90031254991397547 0.87325476336859398 0.83423095508487721
0.93436298911271365 0.91404208042128299 0.90839897496077915 0.89312056714332611 0.84326140719900655 0.80216910510613226 0.74726233992479607
0.88514484093488222 0.8426127581156776 0.83310347168437215 0.79620244931871464 0.7141367727887733 0.65442840133676417 0.59270096269930328
0.75124940783503014 0.67005455836570493 0.64991663184111881 0.59105052256597634 0.50896269350971879 0.47201747283481255 0.43712048642477086
0.97997712202230458 0.97527648999779792 0.97435265969810703 0.97096446788044311 0.96121101861301073 0.9518469371194177 0.93514940566242333
0.9796883279305032 0.97505470107905534 0.97323695176064384 0.97141850907019511 0.9594241883238277 0.94930030664405418 0.93255226697672045
0.97837570406622798 0.97317235140294622 0.97140928920792735 0.96833859750864304 0.95684715113251007 0.94361134335002717 0.92503535972678863
0.97600780859354419 0.96982733931240706 0.96772146613299803 0.96413806787871248 0.94937784343267984 0.93382895703246693 0.91293304096190042
0.9718229482352081 0.96327039645992429 0.96216239477961196 0.95572511981796082 0.93691271047132629 0.91820498638476988 0.8881045065277009
0.96444397304781115 0.95266516759734698 0.94990137911067052 0.93860850084184644 0.91020990853847605 0.88252404312264565 0.84359195263995312
0.94973915926870145 0.9303570501346301 0.92488655712634271 0.90617173857354383 0.85688359518591906 0.80820923830733604 0.75711883420010972
0.91089419202243826 0.86980394747601164 0.85756944308541583 0.81736165282024287 0.7281572324075225 0.66510003539550211 0.59770077227111107
0.7991923819214718 0.71038804054573002 0.68501839676076581 0.61717513889466769 0.52171126937265166 0.47866635165205934 0.4409216011556617
0.981986404213679 0.97735237425136456 0.97653892665410846 0.97307441697327912 0.96342228482517422 0.95310965833187877 0.93578196978606376
0.98173527342688149 0.97672618776229647 0.97544209657153014 0.9719737828534909 0.96285260001031792 0.95156684530802715 0.93624303512176932
0.98049427988565119 0.97513684064887296 0.97445059807014722 0.97095020597457582 0.95941464138672328 0.94663471877061389 0.93286546708812723
0.97835546582726418 0.97227984240181431 0.97082036285649431 0.9655633265472281 0.9526539144810936 0.93898534602596373 0.91816734602666294
0.97450327396016623 0.96636830567323084 0.96504843033492849 0.95932547568092297 0.94092739816773641 0.91839872457020433 0.89182905939765744
0.96772980097462336 0.95628807317686049 0.95349010295625536 0.94363540969168347 0.91440324097866288 0.88777152350854327 0.8456394108577685
0.95435144062880506 0.93539175699008226 0.9299626880557611 0.91258334437888211 0.86111828773219035 0.81852555853246667 0.75887153802155427
0.9190643045755138 0.87909928262789327 0.86616175250437355 0.82391471692008744 0.73386266038889691 0.66324894303388215 0.60172036620723446
0.81442156963136769 0.72388485972974492 0.69581259626442726 0.62623548652734673 0.52096976741595746 0.47817425071789504 0.43987022443512747
0.98453445477088231 0.97979187214455155 0.9790958006712438 0.97561480988855531 0.96597795972971534 0.95569221014715788 0.9395355229045782
0.98427034388828327 0.97976028321133013 0.97812800206103123 0.97534522540955182 0.96398635490554307 0.95430210593928599 0.93959554743831319
0.98326312389206594 0.97829749546136513 0.97688520454359529 0.9730316269746565 0.96207115536269916 0.9510318043783299 0.93129469784645824
0.98135013824088768 0.97538296402989444 0.97365344962298184 0.96761836733584117 0.95565010315302457 0.93990404685493822 0.91653218158310179
0.97815362753257584 0.97055817779885134 0.96825722190262942 0.96071616425322182 0.94293582425688571 0.92305291790758359 0.89413834083020538
0.97231055508738717 0.96148959474108109 0.95750648358013857 0.94767217292566786 0.91811301989407568 0.89254324267495877 0.84664615473921889
0.96081117303800612 0.94205506557066032 0.93674885632489069 0.91612551543325815 0.86648184566444408 0.82084554697344081 0.76577792667880584
0.92966698596600061 0.8894128682067699 0.8762990425500452 0.83120240528560707 0.73833885861886606 0.6754951733694361 0.60422487920372359
0.83605892638494272 0.74361703657045075 0.71411829916842218 0.63558739877311388 0.53109470861859043 0.4835079435961025 0.44414413527854052
0.98795326678634854 0.98349393862727841 0.98262345099144333 0.9792659999888681 0.96924385886739528 0.95896055557216653 0.94249503812334667
0.98777316639524382 0.98298953313692072 0.98208163464117171 0.97812744305668764 0.97050694334866561 0.95459746588247008 0.94269792574293576
0.98695967530685957 0.98221086002129454 0.98123099932758373 0.9774328747769373 0.96515585040131446 0.95440213333637203 0.93595298512719372
0.98553853951824322 0.97996429541759056 0.97803027484190108 0.97388998071086075 0.96038390127438311 0.9443184018101205 0.92154378246320556
0.98290347591713179 0.97529518883652644 0.97323733635089704 0.96677318376196142 0.95006741809243012 0.92631258151806128 0.89966000410127189
0.97851927156639296 0.96757375416690339 0.96488278679238859 0.95363707230422123 0.92463410349872033 0.89470261407348883 0.85422250853827142
0.96926198475142267 0.9509499111360844 0.94473818006311217 0.92792889484959196 0.87457020927429119 0.8299031937107173 0.77163540825364185
0.94452576960077961 0.9052073991977706 0.89203575396289592 0.84754590397533525 0.75105588307334803 0.68419237709359015 0.60640553418014043
0.86762820660314299 0.77259336952172808 0.73821395131043321 0.65410462867500174 0.53686675086250646 0.48456656196349612 0.44517797269413217
0.9884008375873482 0.98416065860023894 0.98333059639626097 0.97933442222512224 0.96961495577490664 0.95888138008676504 0.94318090741615146
0.98817050862838285 0.98371816518169619 0.98197783136695038 0.98007609751924918 0.9692048188863448 0.95794357837756583 0.94264286724509971
0.98743991568347511 0.98259168761549198 0.98120238562485418 0.97679440079488422 0.9652872294724103 0.95611574977966007 0.93342010646888163
0.98597547684408526 0.98020014720281146 0.97864784866352661 0.97398478995071192 0.96095883754753808 0.94710473252289396 0.92200129356407368
0.98358302901525307 0.97609069383588998 0.97439866201178216 0.96857816726843227 0.94824014238684096 0.92750047748658371 0.89938153563652035
0.97920692880657945 0.96815649686989591 0.96534205385703398 0.95501293434466861 0.9277288257890508 0.89964114435414655 0.85042565370464829
0.97032202969756165 0.95182282855809552 0.94525179199763765 0.92867863375845794 0.87371314411528544 0.83057956051811155 0.76870677803298415
0.94669216237284148 0.90666865651350304 0.89512130552161151 0.84991881960846338 0.75175705377741375 0.68048695352893007 0.60803049546546861
0.87175429227907675 0.77499125230707577 0.74338972834942196 0.65099068966241791 0.53788814619648573 0.48289236885134584 0.44120820226522217
0.98938535264165284 0.98501896581939541 0.98397631442553257 0.98106087744432047 0.97129274393976273 0.9608205664023528 0.94451867773329501
0.98923097876990851 0.98477121675407164 0.98393906835536393 0.97955667992020257 0.97005055412276309 0.96013138861253156 0.94075962049752848
0.98849666749962184 0.98388536949782068 0.98321399767965711 0.9790663227657932 0.96715245467931565 0.95448600101624548 0.93462293500687132
0.98718612617609613 0.98153855183395999 0.98076781770533983 0.97521019721161784 0.96100885028962246 0.94703451028850383 0.92693051347062605
0.98487924446805408 0.97779635801637821 0.97620668285366097 0.96822737103551859 0.94862793810942891 0.9310946729350309 0.90076300986948865
0.98088323959637225 0.97013391966697737 0.96738234491557207 0.95753252073693784 0.92694193764012178 0.89833325753939963 0.85617552407317088
0.97291355069546304 0.95500216049705566 0.94990426862839117 0.92937891914868553 0.87891200184355234 0.8325218260459385 0.77179686084542187
0.95072674244313682 0.91185750580951108 0.89817572698101156 0.85444469320575822 0.75092007972263941 0.68467994328065951 0.61076014108651921
0.88130433047945045 0.78493389588207552 0.75027826619741189 0.66154732410722872 0.53738261616175387 0.48648338157583643 0.44387214206420111
0.99301644671944611 0.98898592382318007 0.98814644035765498 0.98461473974485547 0.97492587556848043 0.96457754079439084 0.94810108525599235
0.99290805656047654 0.98896984280604361 0.9878504015927605 0.98483633693997907 0.97369317993795068 0.96232654644527882 0.94546221369049155
0.99249900013166625 0.98802659444323349 0.98671945621704127 0.98292770493708681 0.97012305362991169 0.95937777527153778 0.9390695936924105
0.99157432506890053 0.98600456970607608 0.98464823871794671 0.97993499156419794 0.96702400442746705 0.95070211113976499 0.92823320379218799
0.99011125711358472 0.98317482277329382 0.98163793727861248 0.97526225510734099 0.95535833366471867 0.93478471713015432 0.9041669784895352
0.98742279331496852 0.97766640067815147 0.97408897565997565 0.96394517175799388 0.9345665424958729 0.9017109778054172 0.86253252653354151
0.98207749493816987 0.96555269104934904 0.95909011970384006 0.94005619620551695 0.88605748659996231 0.8387612067485658 0.77573979808312699
0.96730646162019684 0.9298729602646959 0.91712370179119207 0.87051381314475196 0.76462371127747408 0.69081164955920737 0.61459179236868255
0.91884831640765763 0.82277461806301166 0.78412460435537756 0.67898027273368189 0.54459445913409843 0.48728473324879473 0.44379264092717069
0.99366383304038775 0.98962457843757456 0.9886337365138459 0.98554722781589332 0.97633334358362245 0.96575819829415344 0.94870229684331397
0.99353584199712508 0.98958770530164308 0.98877662733909055 0.98524885593437206 0.97381733603612852 0.96435993310597723 0.94669693188330672
0.99316001052034553 0.98870899671810553 0.98738532756865216 0.98297025021955364 0.97301920356465466 0.95920250992241174 0.94099346037338005
0.99233123905759368 0.9873403216286557 0.98606724368661203 0.98056955210048991 0.96574092494964248 0.95287424936704779 0.93092482807567012
0.99100487022518047 0.98407169243441051 0.9818598670545704 0.97630650087099868 0.95655063699006682 0.93515870322037054 0.90483131871459066
0.98852170775662007 0.97848388974295319 0.97530652894565639 0.96456736489901329 0.93252160416333296 0.90416813835667642 0.86128509496274697
0.9836986920786478 0.96690871408171108 0.96278604506027565 0.94111063932775485 0.88821463046975813 0.84086657604030968 0.77813178069741329
0.97020918438160253 0.93396596645295904 0.91863142294158529 0.87360999713432252 0.7660848073905635 0.69127773758363031 0.61579919446417308
0.9255482067173465 0.83094808748526239 0.78578573448029521 0.68090147684413538 0.5447566046811535 0.4877440955907496 0.44422305372384352
0.99406073810153284 0.99016695599513038 0.9893235509209295 0.98610352859317807 0.97626211079652769 0.96552034178309165 0.94912539338000557
0.99396628814464361 0.98993202543034287 0.98821841767254115 0.98489014853513501 0.97542008016446202 0.96563328400913195 0.94736270575951775
0.99363108338976991 0.98910931623163434 0.98785572546648914 0.98438924162722385 0.97231382417351053 0.95951652234648621 0.94123284517318184
0.99292009519135949 0.98788356217726037 0.98608597839412981 0.98174727450474719 0.96701164794822803 0.9535546302122393 0.92908537172670624
0.99165322164487213 0.9849038984646532 0.98288590140315857 0.97532040915322971 0.9558088527281744 0.93599383217409848 0.90698706906685456
0.98932840373142528 0.97947913755105065 0.97662076709663792 0.96565460037518314 0.93402851097273221 0.90534261455685627 0.86284715495928499
0.98476992890498327 0.96884732915689298 0.96256848144246687 0.94222221013140817 0.88573573603812994 0.8432138635898907 0.77854681385900304
0.97208582860216242 0.93534567660248547 0.92295771185096853 0.87452488533881401 0.76611235655452725 0.68938505239275905 0.61794181183049257
0.930519649987394 0.83568163736029 0.79685967583979189 0.68698619941197858 0.54810519385770762 0.4903730924865165 0.44489673678194941
