# MODISA aerosol optical thickness for aerosol MC50
# Columns gives tau_a corresponding to 7 reference optical thickness at 550 nm, see DIMITRI ATBD Methodology for Vicarious Calibration
# (first optical thickness is zero)
# lambda: 412 443 487 530 547 666 666 677 677 746 866 904 936 935 1383 466 554 1242 1629 2114 646 857
# Dimensions: 22 7
0.0 0.046593214312122704 0.067349156989580536 0.13996107617843923 0.34739143965487351 0.5549197505730914 0.8661098734376691
0.0 0.044905436931692091 0.065464250318508679 0.13739098660225638 0.34286572081856959 0.54843985025619424 0.85669419447276696
0.0 0.042652086762231693 0.062950915218361062 0.13396294338100154 0.3368263401528524 0.53979101041270905 0.84412708008558812
0.0 0.040808941154712834 0.060904891143121191 0.13120798176977744 0.33204752636736595 0.53298891144630689 0.83428587162227807
0.0 0.040112711214554696 0.06013395043698723 0.13017587976693773 0.3302697673883157 0.53046693783831889 0.83064461733318717
0.0 0.036235712660918254 0.055791720156222711 0.12420327281578937 0.31964238638638298 0.51518626251223987 0.80837862937513272
0.0 0.036235712660918254 0.055791720156222711 0.12420327281578937 0.31964238638638298 0.51518626251223987 0.80837862937513272
0.0 0.035914695219484011 0.055426986560479445 0.12368528041375154 0.3186872954679707 0.513794615087382 0.80633043778057301
0.0 0.035914695219484011 0.055426986560479445 0.12368528041375154 0.3186872954679707 0.513794615087382 0.80633043778057301
0.0 0.034176454763779764 0.053434084256397091 0.12079706348390802 0.31324475502878396 0.50579811610944625 0.79450045213464959
0.0 0.031607269026866225 0.050322828167299341 0.11578932103721899 0.30282034310930428 0.48995719536446874 0.77053184807227826
0.0 0.030919179962735997 0.049470646229057356 0.11436316439651541 0.29975514795353675 0.48525214031652814 0.76336709394925661
0.0 0.030373955602944834 0.048763393331654151 0.11309026691246873 0.2968657052614263 0.48074520144067129 0.75643517300152707
0.0 0.030375593003554441 0.048765722719936476 0.11309394207893084 0.29687351642416049 0.48075754467735465 0.75645374644143626
0.0 0.024300357234997291 0.040126953799969875 0.095487037799120822 0.25364663213909522 0.41190007032326598 0.6491613157168088
0.0 0.043682422896871805 0.064100382401330924 0.13553098506521799 0.33958912943965547 0.54374799318513001 0.84987580274705021
0.0 0.039862216486768721 0.059855910160487011 0.12980061761322184 0.32961698158744435 0.52953685079288759 0.82929865839922767
0.0 0.025935933193401449 0.042636673333272958 0.10105380057638229 0.26794851631189198 0.43494023204740179 0.68530559993002504
0.0 0.021531631188889996 0.035752229455501966 0.085494710693828954 0.22760627144865997 0.36980182424563995 0.58298765344111003
0.0 0.016456741486356653 0.027487867107766722 0.066071128397403298 0.1763023927967409 0.28659962129882977 0.45195976909766
0.0 0.03681884615324451 0.056451420183981284 0.12513016762614651 0.32133342328847608 0.51764119016495125 0.81197925278810135
0.0 0.031794454769220527 0.050551746493009239 0.11616514862396221 0.30361496174189695 0.49117044221566297 0.77237356407782787
