# MODISA aerosol optical thickness for aerosol MAR99V
# Columns gives tau_a corresponding to 7 reference optical thickness at 550 nm, see DIMITRI ATBD Methodology for Vicarious Calibration
# (first optical thickness is zero)
# lambda: 412 443 487 530 547 666 666 677 677 746 866 904 936 935 1383 466 554 1242 1629 2114 646 857
# Dimensions: 22 7
0.0 0.05117542164545745 0.071913052292489538 0.14449368054036227 0.35186707982369392 0.55931487063681129 0.87017417532706776
0.0 0.048505456435053905 0.069068026821375667 0.14103718156952577 0.34666378084465771 0.55236450151164518 0.86060256469657948
0.0 0.044483229812969309 0.064778682841503579 0.13581528187780947 0.33877559510283067 0.54180975020685174 0.84604952972477776
0.0 0.041372799226453649 0.061461378770092591 0.13177167389274261 0.33265900796722964 0.53362049441970028 0.8347498952775525
0.0 0.040212506350629278 0.0602233116745272 0.13026361913046924 0.33037613521349535 0.53056269509061293 0.83053117155659584
0.0 0.033667326611972824 0.053289810484747104 0.1219683678070741 0.31819304865655829 0.51449034453115738 0.80862395973953183
0.0 0.033667326611972824 0.053289810484747104 0.1219683678070741 0.31819304865655829 0.51449034453115738 0.80862395973953183
0.0 0.033112696551020018 0.05270580037003221 0.12128124362385435 0.31721259308099953 0.51321612758898472 0.80690903518036439
0.0 0.033112696551020018 0.05270580037003221 0.12128124362385435 0.31721259308099953 0.51321612758898472 0.80690903518036439
0.0 0.030382446449231965 0.049810609034152263 0.11781016008744118 0.31209431505857116 0.50645160465958428 0.79767387179904392
0.0 0.026252110638137496 0.04540771892204102 0.11245200244184343 0.30400864192098703 0.49563736590923152 0.78276582263192096
0.0 0.025422626912510602 0.044533260834994093 0.11142196664857587 0.30253187243602164 0.4937138174825253 0.78017242569848078
0.0 0.024728548552444204 0.043801855553247129 0.1105583543789999 0.30129059030789374 0.4920949992237526 0.77798624223705737
0.0 0.024732527154600014 0.043805982553191042 0.11056260192539233 0.30129596682279919 0.4921013812168904 0.77799434911217369
0.0 0.018066761450364791 0.036761267500659889 0.10219293074986316 0.28914077887444717 0.47616031294699418 0.75636917410213411
0.0 0.04636904201524894 0.066790399123034208 0.13826513469381044 0.34247834744095879 0.54676597117282855 0.85288462950303057
0.0 0.039796494056479365 0.059781377609994635 0.12973017202463469 0.32958216375536964 0.52950778287526157 0.82908528035375206
0.0 0.019609360935389859 0.038449974448981586 0.10439164766719826 0.2927936240624599 0.48126927432224215 0.76366250727384788
0.0 0.016076535936708387 0.034651006583981854 0.099661976873296934 0.28540705017785051 0.4712250750348484 0.74962789469641955
0.0 0.01342659439059949 0.032051813097812992 0.097240984147671225 0.28349404736398365 0.4698201246063255 0.74898380551388388
0.0 0.034638170449653019 0.054312656972296709 0.123173811736785 0.31991984020232356 0.51673860473127076 0.81165439889287283
0.0 0.026560642464589973 0.045736020218151215 0.11284972027165303 0.30460383794497664 0.49643014009814573 0.78385517039433017
