# MODISA total downward transmittance (direct+diffuse, Rayleigh+aerosol) for aerosol model MC50
# Columns gives t_up for 7 aerosol optical thickness (total, i.e. all layers) given in file TAUA_MODISA.txt
# (first optical thickness is zero hence gives Rayleigh transmittance)
# lambda: 412 443 487 530 547 666 666 677 677 746 866 904 936 935 1383 466 554 1242 1629 2114 646 857
# thetas: 0.0 10.222899999999999 21.347999999999999 32.478999999999999 43.611400000000003 54.744399999999999 65.877600000000001 77.010999999999996 85.0
# Inner loop is on thetas, then on bands 
# Dimensions: 22 9 7
0.87173047610012622 0.86661562981176243 0.86510840328188299 0.85971948397350995 0.84590014845286798 0.83149276481177359 0.80893367594682752
0.86943552933428414 0.86461962003046355 0.86319942529797089 0.85767409279630191 0.84273337063219378 0.82753854079072187 0.80561884630413882
0.86290699252353587 0.85696897000854966 0.85562744452416073 0.84986681788146468 0.83463606132080581 0.81686065520863593 0.79413366751040482
0.8497645013382823 0.84270499732282467 0.84127226223264218 0.83483708938227807 0.81703070557987911 0.79840951553255091 0.77282585680457083
0.82796013495207643 0.82001679946880524 0.81782333352267811 0.81012482489413784 0.78814963614547551 0.76503252565927671 0.73337421904834876
0.79152215746400811 0.78138008105318824 0.77844566577655072 0.76816705546802411 0.73953336010427284 0.71177488962814095 0.67396876501749192
0.72852363967689349 0.71385803295666717 0.70893285081287083 0.69571409210199842 0.65788849234550417 0.62466133326812623 0.58437133464652813
0.60356285158601197 0.58440943938224743 0.57835084466831066 0.5613823057016355 0.52130346976838937 0.49181173751783691 0.45816954984189173
0.44691426663116701 0.43133625188072261 0.42883932601513131 0.41943237275764916 0.39744098021274749 0.38033149050553899 0.36053541449027288
0.90106837008363494 0.89601341393659018 0.89435517602855563 0.88947517983473667 0.87496294050358514 0.86013669751796606 0.83737061797875589
0.89871469668240256 0.89435635530168156 0.89281702937857443 0.88753355212627649 0.87361321101020606 0.85849051140561594 0.83505394818719691
0.89392228011844566 0.88842854122875758 0.88642232803974541 0.88157242514841661 0.86553689612193019 0.84763436030951056 0.82477053631343789
0.8832304940607183 0.87700783909301749 0.87595865618097735 0.8684441425596866 0.84981552840226682 0.83031879574890222 0.80236841183490515
0.8656993001429929 0.85802762382301856 0.85600349458611347 0.84667722503271892 0.82387378056346949 0.80064180147796205 0.76761123922798713
0.83556109556434466 0.82579357173204326 0.82142201284932959 0.81019751172895216 0.77868724101282427 0.74905731710118928 0.70890392655755019
0.78069876048255382 0.76539493799213121 0.76052376644824737 0.74451545807172637 0.70167588679135307 0.66186883258651052 0.61675643437450445
0.66516696445899814 0.64151731218093155 0.63457974763014013 0.61114592420899638 0.56039158517874921 0.52318027874490425 0.48263856068898042
0.48993218302684827 0.46887307481243035 0.46314428107000422 0.44946201403139463 0.42094063366159801 0.39948134125232154 0.37762293278298031
0.93210554731580997 0.92724629865967956 0.92579086778030262 0.92055452273548044 0.90634255871329783 0.89114317745684357 0.86907531346098588
0.93084214438064294 0.92608193587361665 0.92491768678560982 0.91976443497300309 0.90451382594394847 0.88923503824451955 0.86488767421270674
0.9269178747351664 0.92139048277167757 0.92042597207930521 0.91396224515541236 0.89682399094525123 0.88116485972487291 0.85605988520534249
0.91907072554664282 0.91324025375356865 0.91106551373975309 0.90367542334620343 0.88526842259059846 0.8641654760278199 0.83620585858458174
0.9064215567435191 0.89781556883767633 0.89638001987233318 0.88743734927704354 0.86256462057974947 0.83736014704244655 0.80298208735060272
0.88390581617952813 0.87302523685008226 0.86975811089817801 0.8573690700714246 0.82293901142151826 0.79034554460761564 0.74790857022434731
0.84170797261559327 0.82543664883704393 0.81938464268914468 0.80017551710228751 0.74991236375640369 0.70648151206581311 0.65367539417129084
0.74538669796171886 0.71624884083705176 0.7062433699379721 0.67531287342876556 0.60742808656882807 0.55905421716028725 0.51050810571537519
0.56059699632549675 0.52606478831516235 0.51618423792673462 0.49060102525428578 0.4484731026559734 0.42308876179904598 0.3957159380858532
0.95094833262177136 0.94629902050536829 0.94507235921785337 0.93997497394324825 0.92585524748638204 0.91129691672753677 0.88835092287842932
0.95028592729938621 0.9456224725929181 0.94444760125108673 0.9389424083414899 0.92349653824731881 0.90820032751541213 0.88577046196950471
0.94717059125596881 0.94235690173230191 0.94061059325601348 0.93471536223365859 0.91907187638929577 0.90202607675684987 0.875435928942217
0.94174880749486212 0.93542100709205755 0.93395448054263963 0.92709824915561312 0.90632666356291003 0.88773539836771231 0.85860490521523058
0.9318984147897531 0.9245450223588304 0.92178484967276009 0.91280431546928664 0.88707640338623528 0.86233672909956982 0.82492292411061618
0.91493383095942149 0.90443487110143228 0.90026015242215363 0.88736219441611219 0.85090841009325535 0.81740689871609606 0.76953066455829233
0.88238280111295586 0.86527340058607427 0.85915846025707443 0.83837030006103774 0.78301064082560956 0.7364302029127886 0.67700207212259089
0.80348121805086681 0.77122490540336586 0.75921530365927592 0.72195784539285202 0.64120993941589333 0.58541164882832486 0.53053034630027718
0.62830838751869533 0.57883945336486753 0.56396435655399213 0.52469198986507526 0.46707990126518067 0.43808062864845798 0.40583430310654778
0.95671623519842552 0.95236910782576911 0.95108728820987887 0.94583627431503414 0.93162309565492185 0.91626015262508531 0.89353969619568707
0.95601642333372028 0.95140699777707849 0.95020483242946652 0.94403830903735553 0.93023482673094438 0.91574461640323146 0.89202318965687977
0.95353744108460148 0.94843352504343592 0.94670068625736525 0.94041425431175185 0.92460509207472508 0.90850877188980272 0.8812362435813349
0.94858517397849407 0.94245851215740262 0.94022274515516646 0.93350709897545692 0.91375156304450433 0.89388515307461591 0.86297248413343852
0.93962259330884945 0.93203679639625092 0.92969423737724921 0.92009485289715875 0.89534091517250292 0.86941213708904397 0.83123735594370884
0.92475534769742385 0.91386385471956133 0.91009616777565239 0.89710730521322457 0.86073446293027078 0.82675511356333931 0.77686229659213835
0.89551069543629302 0.87772900713930191 0.87166495185272896 0.84987869104421443 0.79262695373681125 0.74555662424257385 0.68445862134533908
0.82307407317853709 0.78892451533770491 0.77681759606659995 0.73693119962692433 0.65030630874762185 0.59325780094983305 0.53626838485377082
0.65383779688979315 0.59881620552407788 0.5813065174233446 0.53704355140750992 0.4748154185259415 0.44109651999859401 0.40938661700221612
0.980197619689682 0.97635862594865963 0.97508284415856183 0.97027448401227645 0.95696225288853642 0.94315244644989671 0.92053592455747402
0.97981668296364444 0.97576468357861235 0.97476062370661021 0.9698138417410106 0.95459084078811518 0.94029441664986224 0.91919100306979973
0.97862507409916399 0.97404957654008306 0.97264442400173712 0.96759644120567223 0.95185024523078932 0.93553536666984149 0.91079838662689883
0.97636439129888408 0.9711751508648474 0.96922882672384303 0.96237758434422616 0.94342306167326984 0.92328876932972137 0.89520592810558575
0.9721155932424328 0.96521529668880401 0.96272069830653539 0.95349771798652205 0.92927706716920122 0.90336144951860831 0.86523147952862844
0.96482881090433059 0.95440631184643787 0.9508290426667021 0.93797115545966525 0.89986949117789428 0.86254494867827747 0.81330208572326568
0.95020014376505013 0.93289809530001455 0.92626405804920253 0.90223568785486052 0.84131795864220049 0.78626359477085239 0.71917405532666012
0.91185235056966529 0.87327751752196758 0.85782187243179164 0.80827986914617933 0.70175343343138141 0.63133807086597538 0.56435172018137514
0.79997551335419625 0.71304891427639805 0.68171508850633633 0.6024978652782248 0.50233840471998781 0.4596889129842151 0.42149602862974472
0.980197619689682 0.97635862594865963 0.97508284415856183 0.97027448401227645 0.95696225288853642 0.94315244644989671 0.92053592455747402
0.97981668296364444 0.97576468357861235 0.97476062370661021 0.9698138417410106 0.95459084078811518 0.94029441664986224 0.91919100306979973
0.97862507409916399 0.97404957654008306 0.97264442400173712 0.96759644120567223 0.95185024523078932 0.93553536666984149 0.91079838662689883
0.97636439129888408 0.9711751508648474 0.96922882672384303 0.96237758434422616 0.94342306167326984 0.92328876932972137 0.89520592810558575
0.9721155932424328 0.96521529668880401 0.96272069830653539 0.95349771798652205 0.92927706716920122 0.90336144951860831 0.86523147952862844
0.96482881090433059 0.95440631184643787 0.9508290426667021 0.93797115545966525 0.89986949117789428 0.86254494867827747 0.81330208572326568
0.95020014376505013 0.93289809530001455 0.92626405804920253 0.90223568785486052 0.84131795864220049 0.78626359477085239 0.71917405532666012
0.91185235056966529 0.87327751752196758 0.85782187243179164 0.80827986914617933 0.70175343343138141 0.63133807086597538 0.56435172018137514
0.79997551335419625 0.71304891427639805 0.68171508850633633 0.6024978652782248 0.50233840471998781 0.4596889129842151 0.42149602862974472
0.98154636567560771 0.97768066529905562 0.97652061878241647 0.97207937799920274 0.95859863863373695 0.94482305725777893 0.92203996574631186
0.98126016112766468 0.97720693977486994 0.97591909901558116 0.97125053975188103 0.95728298714789195 0.94161000963163588 0.91999942755027186
0.98006785580988265 0.9756541939088067 0.97408784621739786 0.96957136100602415 0.95296901411424251 0.93758930135351648 0.91226940431285852
0.97775968958079151 0.97261408942381877 0.97079524274220574 0.9638264964737564 0.94562485658492201 0.92529329331871268 0.8962698063663358
0.97386167052175454 0.96728859642105791 0.96452684559950552 0.95556792571618221 0.93015210302120965 0.90488015069730665 0.86654082209330885
0.96701633648123431 0.95715179107007509 0.95310268006895327 0.93954694183207577 0.90122027718892861 0.86531569150569543 0.81505677807875776
0.95336493875647932 0.93584881348739002 0.9295073034731498 0.90523682822490692 0.84308066931726122 0.78882708925814471 0.72216324907820673
0.91762323526240752 0.87915675095045653 0.86280926861128415 0.81250510627556516 0.70423109199489353 0.63372712078373383 0.5658291762527029
0.81081300097864051 0.72175741296573614 0.68857381733506151 0.60610659887906393 0.5048567145083307 0.46113944085755826 0.42114266979145637
0.98154636567560771 0.97768066529905562 0.97652061878241647 0.97207937799920274 0.95859863863373695 0.94482305725777893 0.92203996574631186
0.98126016112766468 0.97720693977486994 0.97591909901558116 0.97125053975188103 0.95728298714789195 0.94161000963163588 0.91999942755027186
0.98006785580988265 0.9756541939088067 0.97408784621739786 0.96957136100602415 0.95296901411424251 0.93758930135351648 0.91226940431285852
0.97775968958079151 0.97261408942381877 0.97079524274220574 0.9638264964737564 0.94562485658492201 0.92529329331871268 0.8962698063663358
0.97386167052175454 0.96728859642105791 0.96452684559950552 0.95556792571618221 0.93015210302120965 0.90488015069730665 0.86654082209330885
0.96701633648123431 0.95715179107007509 0.95310268006895327 0.93954694183207577 0.90122027718892861 0.86531569150569543 0.81505677807875776
0.95336493875647932 0.93584881348739002 0.9295073034731498 0.90523682822490692 0.84308066931726122 0.78882708925814471 0.72216324907820673
0.91762323526240752 0.87915675095045653 0.86280926861128415 0.81250510627556516 0.70423109199489353 0.63372712078373383 0.5658291762527029
0.81081300097864051 0.72175741296573614 0.68857381733506151 0.60610659887906393 0.5048567145083307 0.46113944085755826 0.42114266979145637
0.98742704636517797 0.98403504299629985 0.98256089864060792 0.97811849649839677 0.96538596817256594 0.95165941020169742 0.92937570978153994
0.98730552318604381 0.98344779958091488 0.98217672728441818 0.97728794120885265 0.9639120297661512 0.94994851200552621 0.92833110384446749
0.98657197081368819 0.98239480993494155 0.98099253335402237 0.97626171074838919 0.96017097982850819 0.94473133353885841 0.92022176377523379
0.98474440604378777 0.98012001953724937 0.97845201376548685 0.97230567136844825 0.95332891528174368 0.93416177225906383 0.90405918296652965
0.98238197480669742 0.97587400574409278 0.97348666799809802 0.9652412335618803 0.94012984742117178 0.91387922095360341 0.87601005721079095
0.97768097712198976 0.96802561730253855 0.96417733179127108 0.95159907825822199 0.91305660225299889 0.87657469823856593 0.82487127401714788
0.96800260730836829 0.95112086080453462 0.9442121915733418 0.92021809174478097 0.85636234200049355 0.79951040181271604 0.73374281266024566
0.94252252165166106 0.90420720274326349 0.88813671449334153 0.83429111678560075 0.71919369171227721 0.64477326093459775 0.57335745350517309
0.86337972207507441 0.76440287039180088 0.72504978576733636 0.62981615100687549 0.51306072442962491 0.46625426180870849 0.42431144117286657
0.99306728172015324 0.98987238970661451 0.98868644237228254 0.98471093736439808 0.97228647828606252 0.95909612977683667 0.93890057223974022
0.99308476166018667 0.98964711297176544 0.98847507549381119 0.98419561857875826 0.97168480151248082 0.95853194601390468 0.93591798943780558
0.99262843045082327 0.98863664451963029 0.9875776448081629 0.98265726276721976 0.96860822857836271 0.9529032037682037 0.92997168828564691
0.99175725643604606 0.98698596750745016 0.98558045964277974 0.97985464164857417 0.9624111734158437 0.94380137971703704 0.91457600264872707
0.9902507227126276 0.98462727874035716 0.98224002127956389 0.97346747939908118 0.94961554347657173 0.92480354917599739 0.88820931894766264
0.98760691033702386 0.97886192405335848 0.97495835142856646 0.96206768291594069 0.92455905910470693 0.88902638177162929 0.83834007950670186
0.98218954718968321 0.96623187759480367 0.95923078179951538 0.93531632996941005 0.87146922632415924 0.81605651786052069 0.74584480070316483
0.96785683751553209 0.92996327453230399 0.91259077642895936 0.85593409928464637 0.7368352920640926 0.65853744497637401 0.58383856703010784
0.91950516777699864 0.81264990795286196 0.76758482028702135 0.65552704831626007 0.52229426054902972 0.47119753229137679 0.42687307600014918
0.99415963354969517 0.99107177106141986 0.98989466206769405 0.98586935046148572 0.97412602479722799 0.96121830507743133 0.94051487393988398
0.99406967295021553 0.9906714232099767 0.9896057620223121 0.9856381571355437 0.97315631755392884 0.95971892807508308 0.93926062810657063
0.99371882949614321 0.99004379637887185 0.98915677636311616 0.98397437006370481 0.96982095745688068 0.9555228940532875 0.93123818855471674
0.99299124143216333 0.98872968305832321 0.98699433499360889 0.98129122127838697 0.9639588770378934 0.94494509420138373 0.91726648931929966
0.99177308054387703 0.98588176115418225 0.9838579426998727 0.97591320326871944 0.95124583167457177 0.92714341957758717 0.8899481858856545
0.98952846287003327 0.98095479349096493 0.97723981661351789 0.96415585675652615 0.92734598259049128 0.89155787984308377 0.84141653463031507
0.98501490322958407 0.96950161196026341 0.96270239794165124 0.93838542822862225 0.8744787062600593 0.81934579369455884 0.74983348624567114
0.97251702262454431 0.93533882613674013 0.91745056557590599 0.86113680690365058 0.74003471732887249 0.66128641188357651 0.58614408716371347
0.93129761188061322 0.82316577843858485 0.77648454170076653 0.66158757647815791 0.52453016616131565 0.47173012332660857 0.42777393408013714
0.99498266458831142 0.99181326983911167 0.99073862490323927 0.98678987910105231 0.97488260209722322 0.96236889384369761 0.94247703773493752
0.99484751129141524 0.9919807917278034 0.9903848258131962 0.98677265859949903 0.97402956325198065 0.961341972232575 0.94115915470420486
0.99447466962310604 0.99077035442845252 0.99013795684387362 0.98511225501731337 0.97209871409124038 0.95641135758390372 0.93374680269417254
0.99393735269458316 0.98964597847153357 0.98800434327508635 0.9828580542309161 0.96538337880556224 0.94653582234978328 0.91936195880453275
0.99279708622170937 0.98695725327883066 0.9850803557156621 0.97759811410346664 0.95391468448931105 0.9297581464068353 0.89203569170175079
0.99089279770306316 0.98245736983402232 0.97867981645165836 0.96645353308617599 0.93025130194769756 0.89364108960885291 0.84444559429827259
0.98697835474405526 0.97173773803120644 0.96489621246110646 0.94127111505647465 0.87723679349944694 0.82136278262520701 0.75246930662897105
0.97608408954296411 0.93898524586238064 0.92129616128688108 0.86406521005321124 0.74385113480450282 0.66415081893885064 0.58825193639788609
0.94001224819227636 0.83100423122455191 0.78319488852184704 0.66590390539282895 0.52617626367656667 0.47347573398358955 0.42867939206376415
0.99493711467443957 0.99180801028878618 0.99073772299245755 0.98686635004972545 0.97510269328949872 0.96257556710665726 0.94223965491124773
0.99484323209029568 0.99185474498656923 0.99043332829849795 0.9866490535873339 0.97425320028278617 0.9615034286555898 0.94107502692504819
0.99449945124989214 0.99090328714401121 0.99009939364247856 0.98513111994383318 0.97136255022555196 0.9564078265850563 0.93369344007977684
0.99391674335770741 0.98960203980452965 0.98799020589686914 0.98268829573837724 0.96547033015246619 0.94660951822070327 0.91934097729444664
0.99280311924207443 0.98702121034954859 0.98501942430745648 0.97726119048047555 0.95328290687218509 0.92962151622170042 0.8925653513098929
0.99083796735485752 0.98243728149306342 0.97889948008237571 0.96604363559322814 0.92953643580721235 0.89370202817696653 0.84406870363620057
0.98688626656370626 0.97162239351168456 0.96474925207221007 0.94115327891391332 0.87740981553839781 0.8215297615578443 0.75257703205269955
0.97606004280418446 0.93907173246868025 0.92118643189341565 0.86427640610902334 0.74369711418103412 0.66388826129672929 0.58848936341023328
0.93977560430571438 0.83112166086908046 0.78316709042532784 0.66605076120735118 0.52615352225792456 0.47322343809943984 0.42873592383418491
0.99896501901478707 0.99660167205087069 0.99561745826820947 0.99276005878737583 0.98337039906814516 0.9737056167372955 0.95723245132736845
0.99888457114849372 0.99640510342931066 0.99590354920551749 0.99255050527323574 0.9829932456670446 0.97212007527910638 0.95554038150855458
0.9988047666987957 0.99614870999484506 0.99577107360846895 0.99170275947997888 0.98052518351403561 0.9683816695731492 0.94964685837369334
0.99864451018960709 0.99566124027763736 0.99447807842641511 0.98995920858234898 0.97540561629667055 0.96099650683441307 0.9366238420263191
0.99847724526419868 0.99394770273476929 0.99269707288768072 0.98547906576798483 0.96610894237314249 0.94565832129441596 0.9133273161591241
0.99813425196325278 0.99168269137435394 0.9888436656231312 0.97785415881993565 0.94544388649874456 0.91421460231228813 0.87047906170751199
0.99718960167431592 0.98516313427864277 0.97917035729395274 0.95749946329453828 0.89994885182993167 0.84760250653168201 0.78293761441516507
0.9949520942213177 0.96396850337751339 0.94749160588242598 0.89368094507495444 0.77412495784602664 0.6931876817791236 0.61491241547606557
0.98692001265137164 0.88647473786180431 0.83600484024602217 0.70889420503696643 0.54892247386596416 0.48893922552305596 0.44124290828533458
0.91890702078753916 0.91410598724636583 0.91268940208219163 0.90748111104272988 0.89317013477444174 0.87788530650145191 0.85571781784987433
0.91760147602252151 0.91266209431587064 0.91142902670186188 0.90587148169990861 0.89086633241124014 0.87666163582575307 0.85282010689275201
0.91321692068321891 0.90802226028859223 0.90622421103592177 0.9004455229023941 0.88352992926133622 0.86765771823805216 0.8420733190286821
0.90423385959387326 0.89821494505467181 0.89638598099578337 0.88922681719144037 0.86962054092503682 0.85070788844017653 0.82184620476868642
0.88946407673157679 0.8813506915092254 0.87927414645141178 0.87046155543415138 0.84551109328256124 0.82161141912576219 0.78725484307393456
0.86329231262927741 0.85268745677946112 0.84939927856197095 0.83718574909406063 0.80464182844763588 0.77286004151540066 0.73065136668044295
0.8155849134788834 0.79905141160285076 0.79432561285634162 0.77630971802498794 0.72917154373473603 0.68815163458892392 0.63797449172140319
0.70988972196405209 0.68322082406780937 0.67423090777071382 0.6474145238467347 0.58673854752416588 0.54396244416188011 0.49862847778831437
0.52695793979270578 0.49928607065114311 0.49176145125688614 0.47126750844363313 0.43605717439512753 0.41374413039656793 0.3864690147765471
0.95872675691402032 0.95441635512453038 0.95302370965717897 0.94800901927374415 0.93390067187627523 0.91868183876961573 0.89543839833272099
0.95802277774392608 0.95341753589360823 0.95238299210713784 0.94670708592744557 0.93188433184235098 0.91771618394020871 0.89350125002035152
0.95561287255945315 0.95039851669606157 0.94905201909783776 0.94310704985343863 0.92709617541545686 0.91130896780324022 0.88414659390411099
0.95087661891115727 0.94491879078298147 0.94314838994496764 0.93597822173626066 0.91667627313237243 0.89667632428488786 0.86571701416286917
0.94237417321651162 0.93477974711615142 0.93244752585836788 0.92305455317158025 0.89828603415283492 0.87224624137711149 0.83460457668490551
0.92791215502825386 0.91727966641290237 0.9135697040106574 0.90013360941561016 0.86307278058123504 0.82925995277611131 0.78038722309752839
0.89992462303712617 0.88208364928813487 0.87580308393984962 0.85378775556177933 0.7965498840145202 0.74853147528553254 0.68723712831756845
0.83015346468574025 0.79566308920718765 0.78323276872940839 0.74250491745096747 0.65431100543073151 0.59657846425121341 0.53801428412469143
0.66412894515527443 0.60649932207770441 0.58848875712908411 0.54153133807079368 0.47648442558552723 0.4428416293577242 0.41021853417973886
0.99839482939576263 0.99583514645901838 0.99506327366999014 0.99161350881521138 0.98186735801752334 0.97138486880209696 0.95370317842371455
0.9983549171956948 0.99560946792726102 0.99503844228844107 0.99146095975506854 0.98127010446800134 0.97155194535083811 0.95188790407590451
0.99818013615828471 0.9956439679415543 0.9938014440642674 0.9905018452386406 0.97767942195801294 0.96766375516466008 0.94687446676009657
0.99804508767422251 0.99451222239536896 0.99298252687212363 0.98775883690407329 0.97473191231761003 0.9567811282201113 0.93421508761607286
0.99766121969181254 0.99318467379882469 0.99120490958626617 0.98395294832889602 0.96348579608856566 0.94220938828087786 0.90848065904116926
0.99699971601267479 0.99035621860809953 0.98724605064358717 0.97563412396560323 0.94268649874086163 0.90928827514503663 0.86489873008327733
0.99579933194813008 0.98308266731208283 0.97613227836838812 0.95369983245824852 0.89283817290971312 0.84141383329329456 0.7739879023071804
0.99215519396741059 0.95989119641546383 0.94174304006338028 0.88701190635616722 0.76626224808053089 0.6858800399091729 0.60681772853028371
0.9797506510586067 0.87556349648572274 0.82377352200398224 0.6972073112430589 0.54137662367911654 0.48496655475312078 0.43789974342465748
0.99945223261693361 0.99740817788789804 0.99677104845926001 0.99428684174184856 0.9863919845046798 0.97809456801460026 0.9647150431776671
0.99946437881680628 0.9972250290277912 0.99653671294245971 0.99400281479102426 0.98516026750972419 0.97739518726671393 0.96239388124183822
0.99940678188950749 0.99740174034557427 0.9960688018944901 0.99357214117549675 0.98463739213678725 0.97369510468255249 0.95820945899098353
0.99931543675032874 0.99666342955994947 0.99588681034322746 0.99193987125355942 0.97997828765125794 0.96749107561337799 0.94645490366516494
0.99923191594067118 0.9956802765716869 0.99419205124406207 0.98829414639062585 0.97235526162438135 0.95448942028382533 0.92602256006483097
0.99898706252706626 0.99349455140179221 0.99041801697508591 0.98150743678335162 0.95444033494342595 0.92516231675122607 0.88241960606241321
0.99857158250682898 0.98836976707206492 0.98247590962519293 0.96384884799643611 0.91125554872859982 0.86269565672460136 0.80130546513939616
0.99740473554302389 0.96995347215142314 0.95386584084019488 0.90424546782178483 0.79168582721687575 0.71362468034581361 0.63406040920160645
0.99317317576035147 0.90220853384385713 0.85411255695606914 0.72904486888189357 0.5649967619231212 0.50092975317759469 0.45256612533308654
0.99979621458408785 0.99853661467991395 0.99782387215209767 0.99614463009918475 0.98983467084693189 0.98307285406101341 0.97223652397757065
0.9998165846979421 0.99840925987526485 0.99784673732998874 0.9952878141645537 0.98909761440857846 0.98219285710611626 0.97138143139780031
0.99981487765495602 0.99806714892930115 0.99757686124335365 0.99502222781176941 0.98751391712541425 0.97957110518931489 0.9673659764938991
0.99977960519878595 0.99796700695462337 0.99722350219223088 0.99412563665067211 0.9843522169560398 0.97451783852246965 0.9576992946609465
0.99972317727567495 0.99715718097823181 0.9961041873048323 0.99140414002091759 0.97832796738602257 0.96359550967726237 0.94040421556159093
0.99966068132884378 0.99566466224142824 0.99328627378666223 0.98570245927923172 0.96302793425314537 0.94080366214736066 0.90590975257482154
0.99948720213222841 0.99174991646920518 0.98757088665574733 0.97174518971738455 0.92768350230056151 0.8870699806367961 0.83267669029295888
0.99909876274200526 0.97831971962985287 0.96535425614859671 0.92366439275814027 0.82390186029113166 0.75073881812833387 0.67143258965794039
0.99754038156594849 0.92537416199261902 0.88472741765801111 0.77173321076135259 0.60068032404591221 0.52666403704783138 0.47185440655811323
0.97758198988839451 0.97348787681193938 0.9722259502360292 0.96757612200297338 0.95405082614185033 0.93983290074211767 0.91707013466134069
0.97700442262392961 0.97296272936144579 0.97176513934658459 0.96689879279218094 0.95215867799780629 0.9381093995781703 0.91530798589116202
0.97566300421849506 0.97146313140007989 0.96969009687560448 0.96447758138782902 0.9485162711163827 0.9323288992022688 0.90693337812358232
0.97294203093201204 0.96779893294703623 0.96592945762782023 0.95959037746103559 0.94019311308083087 0.92024103164572146 0.89103067083773269
0.96834788916838954 0.96138210422047143 0.95882162851390351 0.94958435517746409 0.92430022131693867 0.89862751834761911 0.86185838982647145
0.96003846687379435 0.94990400813385201 0.94595697229921216 0.93259421704024814 0.89520518936099946 0.8582643583252535 0.80893805050695677
0.94368545293325268 0.92619652493462723 0.91953959114981854 0.89600816338231881 0.83480178591147136 0.78086963424430433 0.71628554388824506
0.90079001115897783 0.86309654907208688 0.84756686065865461 0.7993759001191848 0.69533517805533984 0.62700665564940039 0.56077157749376716
0.77947893295026638 0.69693776119735029 0.6674336100251097 0.59367741849580757 0.49933548599414995 0.45805739319161698 0.41969358277355939
0.99275855166420879 0.98948416854014221 0.98839592184947656 0.98436512671333221 0.97210266603491235 0.95869151996551438 0.9380800518350344
0.99266906597120508 0.98940660325382801 0.98811335308461856 0.98362618151851799 0.97080956825831954 0.95819945114098426 0.936316079949435
0.9922228790561447 0.98825771177535493 0.98719673115114015 0.98240862304441146 0.96762707346464361 0.95261753078883693 0.92871150146290127
0.99131240460499026 0.98682026320640237 0.98514900018286533 0.97923210605612465 0.96149828007332172 0.94367552641373154 0.91409088712679476
0.98978065095534906 0.98403794837212499 0.98157805383867813 0.97315653485722509 0.94886530111305278 0.92391058803211212 0.8877978781669893
0.98699155615684653 0.9781102753973907 0.97420506861251621 0.96111859086936569 0.92403896571412014 0.88864514095604996 0.83759781551632229
0.98129839760907789 0.96545707467333075 0.95841340406023268 0.93441132301179664 0.87044619412094348 0.81494344733269708 0.7459597110088928
0.96615618270747017 0.92843904326684068 0.91106157272216037 0.85472193664469032 0.73583674569262114 0.65769742983085777 0.58341845993294017
0.91603013977545611 0.80936613583513284 0.76468668353700553 0.65410029763099775 0.52191429046546611 0.47070831992715462 0.42702558154467113
