# MODISA total upward transmittance (direct+diffuse, Rayleigh+aerosol) for aerosol model MC50
# Columns gives t_up for 7 aerosol optical thickness (total, i.e. all layers) given in file TAUA_MODISA.txt
# (first optical thickness is zero hence gives Rayleigh transmittance)
# lambda: 412 443 487 530 547 666 666 677 677 746 866 904 936 935 1383 466 554 1242 1629 2114 646 857
# thetav: 0.0 10.222899999999999 21.347999999999999 32.478999999999999 43.611400000000003 54.744399999999999 65.877600000000001 77.010999999999996 85.0
# Inner loop is on thetav, then on bands 
# Dimensions: 22 9 7
0.87180875210934827 0.86653399778967044 0.86512469153724902 0.86010572638799687 0.84561998650032244 0.83122594462975063 0.80960600545025674
0.8697483787337541 0.86425749137347208 0.86269240514333612 0.85789686164917156 0.84276163511641744 0.82852397307836834 0.80519687148145969
0.86248883086316375 0.85699562228244019 0.8551870201160785 0.84976157873018954 0.83386506904585678 0.81854637112778605 0.79428782053294789
0.85007329607143634 0.84334575590839755 0.84178598976931929 0.83554351043214092 0.81585906669312314 0.79861658111109479 0.77151416842032605
0.82724237320092275 0.81994536206648305 0.81817496182836746 0.80881480868253697 0.78794918591079322 0.76570781271964472 0.73443671792893628
0.79202406549345383 0.7816331362934309 0.77771403267581241 0.76864033073224092 0.73787712037709441 0.71192515939075229 0.67455176932693783
0.7273490831928372 0.71346801672005711 0.71064354274046326 0.69536934419558993 0.65706483415296624 0.62605773246974572 0.58379196930896404
0.60339961307578682 0.58424849212871854 0.58012845867764495 0.56191381059559076 0.52075654907773394 0.49055104066155963 0.45794821348041032
0.44552362472489909 0.43228430277641244 0.42962991639461268 0.41939898588755159 0.39730840762420777 0.38002962829670611 0.36045271776303212
0.90084583683671515 0.89596776918325616 0.89462164409613709 0.88961793908784159 0.87520895084043215 0.86027081045185472 0.83811147584367862
0.89995390135130693 0.89474536623251832 0.89245125748959242 0.88750331278851424 0.87186238856872755 0.85792772240017079 0.8338001401298506
0.89410834074749734 0.88859717690469631 0.88635257705991588 0.88144317863088828 0.86597524837028106 0.84848430279962328 0.82342845118056263
0.88363026668128786 0.87706765279214738 0.87490452029609134 0.86834328910555902 0.84951021149704475 0.82810401545186729 0.80288294742347122
0.86542713347360112 0.85736991673462393 0.85552016947171416 0.84798120222398854 0.82306057239025188 0.80029979437829146 0.76775816725690582
0.83557417921022981 0.82522949004202006 0.8209242264359311 0.81027187145926427 0.77828671230637558 0.74866731782563978 0.70937716043704147
0.78064362688251632 0.76537089061770358 0.76004917688388784 0.74450375058161766 0.70070426824776477 0.66267307822925281 0.61785914677311393
0.66478527281039002 0.6433831784732541 0.63487014322603474 0.61182434173044453 0.56002354409128652 0.52140839043974707 0.48250011519099528
0.49067695602214423 0.46919024050379654 0.46288849870738102 0.44906591103243532 0.41983540396180752 0.40070664407308232 0.3772604393373496
0.9319690795351443 0.92723879799021369 0.92575654613770031 0.9209053815284014 0.90639716451461461 0.89141070815423085 0.86852030904164301
0.93102057147429662 0.92575517965742937 0.92478261112565197 0.91940076846986607 0.90470823202033801 0.8894219119423904 0.8671540759584031
0.92694422056202397 0.92144836534171093 0.91974240689627429 0.91419559321148824 0.89819946553710417 0.88071146313814763 0.85736306967402343
0.91942671338181214 0.91286386727027591 0.91093661164676654 0.90401781405326598 0.88557422743784486 0.86471074335347964 0.83540311858038652
0.90619472772980825 0.89871329698640168 0.89628189438292294 0.88682708668168453 0.86115884258726016 0.83765811053569117 0.80204485640921241
0.88427779486648062 0.87294692280276187 0.86993969888487899 0.85730422677163975 0.82279732716512644 0.78973817380761147 0.74689996028353955
0.84202244506400981 0.82521896593787025 0.81926763133695324 0.80114178854934215 0.75135959805817865 0.70642087338476778 0.65154913114552615
0.74520389352711736 0.71633692573556584 0.70515336383086558 0.67428251385046101 0.60644096529230074 0.56030260998416037 0.51165561187550401
0.56092917286443589 0.52581095812650125 0.51637149187049081 0.49108307207872548 0.44866424405127903 0.42207888638948365 0.39470929476645256
0.95100650905640804 0.94648715655951998 0.94481513973513309 0.94023849930486159 0.92588115907971669 0.91119831325384715 0.88864171614160326
0.95032595559097999 0.94528837106974273 0.94490706385406797 0.93906186274347914 0.92388754782951876 0.90814120435322687 0.88542164788348798
0.94731956709890464 0.94206445509750281 0.9410644250729866 0.93504343252202604 0.91868457867488718 0.90144732054711829 0.87570168230376999
0.94140701828940565 0.93558485017297066 0.93395352797566933 0.926730113667384 0.90695867489596604 0.88713493199981597 0.85851482786993594
0.93214667477462332 0.92435711391193209 0.92210254359515564 0.91260656566023657 0.88694200973615078 0.86206377243592114 0.82398015677054848
0.91474992383614084 0.90513147031767738 0.90082243485317037 0.88709931936854247 0.85250323929567651 0.81713310781200421 0.77102809346525925
0.88268068971224722 0.86564741434858072 0.85923480460054413 0.83848775567472211 0.78369244929293636 0.7363543209409521 0.67835972380226772
0.80378500696663391 0.77018636287880871 0.75878279205582455 0.72261144502177732 0.64096177743036986 0.58452070024220826 0.52898593207210987
0.62853910894248688 0.57868653640636003 0.56340464556487668 0.52558534274330904 0.46798931708590907 0.43648818905982745 0.40545029852404246
0.95656698169831356 0.95239593790985588 0.95106125401559038 0.94618765751433209 0.93159408356689233 0.91653757575230532 0.89366023760136903
0.95635417898399344 0.95087131974254191 0.95013447311149557 0.94478949188335648 0.93003100490495094 0.91336974633954171 0.89123040082918903
0.95366360201785971 0.94868811315866897 0.94653303146354351 0.94119025537020617 0.92358235804708999 0.90726410475341979 0.88081048426526443
0.94846711405772954 0.94256089057965975 0.94014095998524649 0.93322213164466616 0.91443282026709694 0.8945773878455171 0.86322763332213126
0.93986934060186589 0.9322756650539944 0.92984345288994064 0.92066193720836598 0.8950087664464309 0.86962767826867438 0.83197120844909211
0.92501519366417662 0.9137391945613238 0.91039128291574334 0.89693388362911086 0.8617583211559513 0.82570156025787578 0.77913109044245865
0.8956520232932903 0.87739035284015932 0.87053809145068661 0.85043834571703869 0.79462407285636194 0.74524860463291764 0.68570317504317302
0.82329110371507963 0.78849473864796515 0.77582390453602301 0.73762985369013945 0.65164177907867482 0.59242780689339358 0.53440998926141781
0.65440695231840484 0.5992791945142858 0.58095186263071452 0.53519317709737135 0.47489847573831795 0.44175645552553627 0.40871555017906186
0.98028064639080004 0.9761998713100104 0.97495524793751276 0.97048757883949921 0.95701675450578261 0.94336760880110093 0.92104555308960578
0.97995264180174824 0.97568332572060557 0.97468830082538593 0.96974905983650883 0.95585973447805272 0.94066579751654733 0.91795516428964108
0.97846483756772351 0.97420072910471778 0.97294673785298924 0.96733401994483037 0.95104751358406214 0.93560489262249513 0.91067052311970764
0.97641870102285999 0.97061490317158283 0.96911434674807995 0.96281519690391903 0.94418659127801763 0.92344814713820111 0.89410513340005271
0.97198273872142571 0.96576394851431746 0.96228221156923388 0.95287087555971028 0.92945586346002329 0.90316836832072278 0.86547474231468802
0.96464172295946315 0.95495448347069178 0.95101926530754333 0.93738924118626055 0.89795693265036913 0.86213593073305395 0.81410540798737097
0.95011131667448201 0.93306252670777312 0.9260860412746762 0.90225674218345575 0.84076755453565399 0.78641736187058064 0.72101586634263493
0.91132285515162992 0.87252175546882715 0.85793721877900275 0.80783115074287237 0.70347822983792541 0.63199228302420551 0.56257361350615864
0.80018994916080022 0.71335554090636777 0.68368226390803133 0.60143764480338491 0.50358684656881347 0.46099295343740726 0.42258879433714103
0.98028064639080004 0.9761998713100104 0.97495524793751276 0.97048757883949921 0.95701675450578261 0.94336760880110093 0.92104555308960578
0.97995264180174824 0.97568332572060557 0.97468830082538593 0.96974905983650883 0.95585973447805272 0.94066579751654733 0.91795516428964108
0.97846483756772351 0.97420072910471778 0.97294673785298924 0.96733401994483037 0.95104751358406214 0.93560489262249513 0.91067052311970764
0.97641870102285999 0.97061490317158283 0.96911434674807995 0.96281519690391903 0.94418659127801763 0.92344814713820111 0.89410513340005271
0.97198273872142571 0.96576394851431746 0.96228221156923388 0.95287087555971028 0.92945586346002329 0.90316836832072278 0.86547474231468802
0.96464172295946315 0.95495448347069178 0.95101926530754333 0.93738924118626055 0.89795693265036913 0.86213593073305395 0.81410540798737097
0.95011131667448201 0.93306252670777312 0.9260860412746762 0.90225674218345575 0.84076755453565399 0.78641736187058064 0.72101586634263493
0.91132285515162992 0.87252175546882715 0.85793721877900275 0.80783115074287237 0.70347822983792541 0.63199228302420551 0.56257361350615864
0.80018994916080022 0.71335554090636777 0.68368226390803133 0.60143764480338491 0.50358684656881347 0.46099295343740726 0.42258879433714103
0.98147532951444927 0.97787509265623263 0.97651262099441238 0.97189721654261596 0.95845995356315905 0.94425953054666945 0.92258902104810614
0.98118907461489402 0.97687145440090462 0.97530795226971867 0.97137761838061942 0.9571238503409587 0.94299108713057045 0.92046261473358637
0.98003158257594059 0.97571719760716247 0.97449011200191571 0.96956530799040042 0.95278582235059428 0.93625456331742074 0.91292142192625958
0.97789853844634289 0.97261860274290579 0.97091637679825338 0.96408424496060308 0.94509519907039907 0.92578318637069634 0.89623608485831274
0.97390875833671475 0.96715801598977313 0.96468542523422884 0.9552632055921606 0.93022126523664206 0.90497863715591187 0.86662195409196519
0.96705394058277649 0.95688067966209456 0.95346425316862571 0.93978400624028624 0.90162226316895178 0.86700687073431404 0.81455494280320295
0.9535950034355456 0.93666835067614429 0.92919410819292092 0.90499660992849895 0.84190255447422468 0.78880114259069567 0.72203352221925521
0.9172965487604775 0.87796860095160645 0.86323832367980557 0.8119132748266138 0.70510370603059092 0.63577533684542598 0.56708666095022864
0.81078057871829257 0.72196528883507749 0.68985833275941633 0.60588862379743202 0.50460394379576889 0.46303463105740744 0.41974963026638529
0.98147532951444927 0.97787509265623263 0.97651262099441238 0.97189721654261596 0.95845995356315905 0.94425953054666945 0.92258902104810614
0.98118907461489402 0.97687145440090462 0.97530795226971867 0.97137761838061942 0.9571238503409587 0.94299108713057045 0.92046261473358637
0.98003158257594059 0.97571719760716247 0.97449011200191571 0.96956530799040042 0.95278582235059428 0.93625456331742074 0.91292142192625958
0.97789853844634289 0.97261860274290579 0.97091637679825338 0.96408424496060308 0.94509519907039907 0.92578318637069634 0.89623608485831274
0.97390875833671475 0.96715801598977313 0.96468542523422884 0.9552632055921606 0.93022126523664206 0.90497863715591187 0.86662195409196519
0.96705394058277649 0.95688067966209456 0.95346425316862571 0.93978400624028624 0.90162226316895178 0.86700687073431404 0.81455494280320295
0.9535950034355456 0.93666835067614429 0.92919410819292092 0.90499660992849895 0.84190255447422468 0.78880114259069567 0.72203352221925521
0.9172965487604775 0.87796860095160645 0.86323832367980557 0.8119132748266138 0.70510370603059092 0.63577533684542598 0.56708666095022864
0.81078057871829257 0.72196528883507749 0.68985833275941633 0.60588862379743202 0.50460394379576889 0.46303463105740744 0.41974963026638529
0.98743829959535379 0.98383649678575258 0.9827023954771491 0.97847943057538678 0.96583100122522758 0.95144902881528004 0.92960864193510473
0.98721677839960709 0.98375608849840768 0.98259563206270595 0.9772735413147543 0.96467002284919701 0.94932700787245217 0.92915436798535633
0.98659698708055366 0.98255901032193005 0.98106974196097874 0.97535539063176047 0.96098391745494782 0.94573525762130561 0.91923136237058312
0.98481614044938892 0.98017054534280035 0.97846149519080161 0.97128109639177751 0.95348070265482576 0.93269679160302588 0.90449764215141837
0.98242415612274114 0.97607809588901107 0.97326255650437599 0.9647957606510642 0.93914708921806545 0.91413579147144763 0.87611599084274205
0.97755008642595065 0.96831752878878707 0.96393895500225202 0.95052735174551795 0.9130515852503831 0.87503291539504247 0.82764428872679041
0.96822903401969174 0.95134547089561061 0.94494846016864642 0.91989300104452387 0.85468379263852579 0.80095735969420845 0.73336154171317935
0.94267649282969579 0.9044851665058139 0.88718719458494699 0.83453983882634186 0.71860242694302523 0.64202517746971921 0.57366785438486789
0.86337461172304231 0.76365432903243746 0.72407702974895427 0.62833898755468998 0.51414753780968214 0.46700396101809599 0.42494753017107534
0.9931291975744363 0.98993693074674094 0.98890230946439805 0.9848659093262474 0.97247477774683744 0.95933614247407262 0.93935666795770334
0.99296107681726264 0.9897514170189976 0.98860177382949144 0.98445622899660379 0.97212434649886936 0.95928501550628675 0.93633311387944995
0.99256353692884247 0.98884643614787493 0.98705798176646087 0.98199502700053265 0.9684088131107933 0.95326474120723304 0.93020351648483612
0.99178903037462773 0.98715667326832857 0.98529545970738408 0.9797236820855062 0.96270173044282858 0.94321108087696326 0.91425682561721544
0.99016823625503059 0.98430929450088755 0.98227696894571459 0.97411047214020441 0.95013859725815764 0.92531159514123507 0.88703501754495917
0.98758743977253982 0.97879333178490391 0.97479547675755174 0.96149849418474853 0.92373441381842192 0.89022546885625575 0.83915034663645027
0.98225841117496804 0.96633421575989065 0.95947295156200363 0.93561938211162043 0.87292382773711186 0.81593244009593613 0.7471410399206222
0.96757760893279576 0.93005869899616855 0.91183610255217562 0.85682895381188351 0.73514213728365896 0.658594143372635 0.58337763346484373
0.91973247943596947 0.81451186446668067 0.76688290236515033 0.65598312314708351 0.52388767895488353 0.47219734614485759 0.42823878761645362
0.99415759986889818 0.99095884431236481 0.98985068908002971 0.98604115490493449 0.97387117114968791 0.96098744505064659 0.94033514180107036
0.99410092249604709 0.99090404970811863 0.98973981722409454 0.98559634984313549 0.97299940172926058 0.9606366055673643 0.93919749464528512
0.99367747931897343 0.99035477877982314 0.9886682010607587 0.98447824208793344 0.97040392786316865 0.95506078675400108 0.93140339822681062
0.99298069962685265 0.98860296514943236 0.98737763774759291 0.98104160735320578 0.96367424188734874 0.94580842847328384 0.91739230914425018
0.99172517347499256 0.98608350937652189 0.98374870817927051 0.97515509230576658 0.95203598880678708 0.92747211808029617 0.89153303070809875
0.9895486406176045 0.98081118384769728 0.97728097445468776 0.96426525829776277 0.92832086303440631 0.89098474855498355 0.84058544167427141
0.98500210632216778 0.97007830919092575 0.96269904297408371 0.9383880129873633 0.87364778268505017 0.81990480356675877 0.74982815286038884
0.97263538697356378 0.93502533565936374 0.91728901185904776 0.86196781479034734 0.73963869464032717 0.66117955556352037 0.58441473710686209
0.93150040431914005 0.82287721832222793 0.77731069622283666 0.66258352002646392 0.52429789698519147 0.47229857089294397 0.42801458094125677
0.99494374003973218 0.99178433106216568 0.9907644263223131 0.98713761809204315 0.97510525584301344 0.96236086313377012 0.94248062731113458
0.99482341773226468 0.99168321797427972 0.990529210031729 0.9863460659697838 0.97371965776341818 0.96157521630500165 0.94007305252170115
0.99452433512203753 0.99084509131417486 0.98988736673609734 0.98476375511686742 0.97131568811852687 0.95671366266268698 0.93340639012819171
0.99394118078360894 0.98961279000849633 0.987828116850898 0.98204930440922666 0.96538677648428828 0.94717536312302897 0.91902615989543146
0.99276824321457535 0.98712664045053489 0.98509809489826383 0.97669052839235893 0.95344878513618858 0.92902372216455953 0.8931014050277013
0.9909349732938596 0.98235529870530758 0.97866931882877173 0.9665196594831581 0.93014760753931736 0.89506160410863256 0.84429196598453304
0.98697808709513191 0.97157820229073721 0.96515707092499303 0.94138521164477806 0.87709190311440433 0.82198822952369921 0.75265280903391074
0.97593872344470445 0.93982533352326203 0.92076944885943968 0.86351937815719959 0.7430404028796127 0.66445552665560637 0.58621567975512434
0.93982046045139123 0.83130526150973472 0.78425833663892075 0.6646613122658479 0.52507707888989119 0.47309997318197849 0.42855741449939039
0.99490994441429559 0.99180141102774177 0.99081151403369805 0.98696614845433883 0.97505980266536896 0.96242691202280872 0.94227854702006109
0.99482690751529135 0.99166004742256408 0.99046517990312943 0.98634856702740392 0.9739394602924577 0.96162718933786462 0.94062261114457768
0.9945135962520365 0.99091976512084856 0.98960524196001021 0.98499115482681665 0.9713043958082257 0.9563147284576542 0.93327921542453107
0.99391679772141084 0.98963452564692544 0.98793409442463143 0.98207727835845848 0.96537107343149298 0.94712184997173032 0.91945871690851644
0.99279102102193373 0.98709729750327557 0.98509264502850757 0.97681924821732458 0.95332284782316301 0.92932119583284278 0.89294033292100827
0.99089766667702583 0.98234315763380742 0.9784892939729366 0.96636401513560133 0.93013515936695002 0.89390497756754717 0.84335589224101393
0.98691587847097639 0.97165707431061177 0.96515784854006037 0.94110343318452794 0.87711313075420538 0.82231900457843021 0.75256832328691092
0.97597475688383772 0.93960762423860855 0.92106065650123858 0.86455034296924405 0.74287037685318524 0.66363847970929879 0.58763700109186667
0.93967873940091884 0.83019081698277231 0.78333140563425008 0.66464306935192718 0.52583301330669108 0.4735282085339636 0.42916725934179151
0.99895357975420618 0.99668885151119424 0.99568896429772613 0.99275864552248938 0.98372801530576071 0.97332338362796977 0.95733204849581455
0.99896066588917665 0.99627137027122004 0.99621121465426787 0.99272167018477508 0.98327524168272684 0.9735811738359893 0.9573042924768117
0.99880200704533073 0.99629874492612425 0.9954261577395489 0.99143742469728147 0.97992877834603498 0.9702686982218407 0.94967796577658437
0.99874575604107385 0.99530409369539097 0.99447637721186233 0.98929609269473828 0.97587807748332611 0.96162357537986776 0.9366160647235876
0.99849112527286776 0.99425028287501982 0.99277419648802223 0.98556687746662375 0.96784121839103199 0.94517027529978559 0.91387398722435442
0.99806452811973223 0.9918283905724895 0.98818867956943579 0.97834087188444319 0.94638157763767417 0.91631508353247793 0.8697123933436961
0.99723564727872682 0.98576156990317065 0.97866192719851541 0.95897305270034539 0.9005527066763368 0.85077918071787506 0.78461135994347031
0.9948247457834144 0.96360503107889051 0.94701747673161862 0.89228591779426913 0.77437324534194429 0.69512872029386275 0.61612553185460761
0.98701643877372569 0.88722083614091052 0.83673076101033605 0.71063497191899128 0.5487068517861875 0.48731732410946627 0.4377667155285091
0.9190852935399757 0.91427015987796101 0.91269130520380359 0.90758687862211429 0.89303137298925539 0.87806331802042881 0.85568824633902607
0.91782448933923622 0.91291449611911102 0.91123610729141058 0.9060322840416084 0.8914757939185699 0.87604799979797177 0.85289646711545053
0.91314843897051867 0.90752698859515757 0.90604835040048948 0.9001878913212481 0.88340880273520239 0.8671604571898579 0.84297124417916047
0.90422456979027499 0.89784189724581653 0.89630081440703857 0.88939771215908836 0.86958790330053626 0.85111942822608522 0.82186605160183879
0.88881733630354909 0.88140460615134975 0.87876287559175947 0.87003563244603999 0.84585916301716224 0.82046692138739896 0.78728763026456294
0.86355466867626185 0.85251807726431383 0.84924530981832758 0.83681440959338704 0.80222194418806603 0.77284814956790493 0.73048663475034004
0.81564656070335761 0.79932280770323128 0.79392765251507225 0.77557122123642841 0.72889921683097558 0.68842225710612426 0.6372543095051052
0.70937965752081711 0.6825219467496183 0.67414520164346103 0.64749062748952979 0.58517935518202457 0.54388246483065572 0.49941438403980282
0.52614316407225836 0.49870796050088645 0.49090005414041954 0.47100361278679032 0.43641880525120608 0.41340930286885291 0.38756893967069467
0.95868673167423035 0.95439301583685476 0.95303840903537651 0.94824323797726262 0.9336451488482026 0.9188364234003813 0.89587468238876811
0.95815292426326126 0.95315069368108485 0.95196864859052666 0.94658180691207305 0.93215700851746819 0.91511506689518118 0.89321045418233602
0.95565947302715659 0.95080290533753231 0.9488648611543129 0.94352055998009732 0.92636588804503439 0.90966621393314673 0.8844647762097817
0.95088204200900939 0.94465707294601575 0.94284682384267293 0.93572121827177246 0.91644116459709379 0.89667758296555755 0.86641176269913811
0.94238386649280592 0.93514403365939636 0.93225073040115458 0.9230540225342706 0.89763002288029414 0.87152358620103765 0.83484792462773227
0.92812533798996844 0.91725063992365141 0.91378436183499878 0.90010899387784415 0.86448049486178524 0.82961973449817572 0.78122174619505469
0.90012560828274912 0.88188584596227571 0.87520939264403352 0.85451246462464903 0.7985640227236237 0.74840409405085162 0.68802807526753751
0.83030025503900906 0.79548481390097847 0.78274271006429363 0.74336803493664316 0.65522050718715064 0.59638363954745577 0.53756460434368469
0.66440429049693883 0.60656800433638447 0.58705290402226984 0.54049069439946484 0.47698490088510831 0.443827302266882 0.41056373512448346
0.9983466400575034 0.99577571983075008 0.99509282275712152 0.99191880364188678 0.98187517808635827 0.9711705329495105 0.9542106268170637
0.99836624655940875 0.99586051456429703 0.99454299307886718 0.99135272639685945 0.9811313348878361 0.96903320085463029 0.95143649716061318
0.99820271979284181 0.99524722770376051 0.99428422697755647 0.990817835790886 0.97973165220038039 0.96677010933250307 0.94483227659913138
0.99810546572325842 0.9947133677589558 0.99380139319323102 0.98837809041346747 0.97451159541211274 0.95675980144729444 0.93383574704440264
0.99763934246237496 0.99308660113083636 0.99149410033494156 0.98356089803030033 0.96235294770851543 0.94071955914186112 0.90981036354350975
0.99714441764988293 0.99096502325459779 0.98807382339525784 0.97696492701596194 0.94446841256334746 0.91107691142272773 0.86124795984127211
0.99584847180286451 0.98380242640250581 0.97582379215028481 0.95568936687960959 0.89466746498347127 0.84018453806232429 0.7721677924389021
0.99212398982719519 0.95961003760476249 0.94326216295698917 0.88758391649026469 0.76618861248421077 0.68140901727007286 0.60714217978246188
0.979659178821085 0.873769144886405 0.82598899945960835 0.69554420653153937 0.54022807314090882 0.48234450320204486 0.44523090330415732
0.9994375449150682 0.99756841291913456 0.99665219814675365 0.99432658115079497 0.98655435683601578 0.97766606360135955 0.96400552387243799
0.99944537828035629 0.99747673057786646 0.99698549326720565 0.99371100429647585 0.98555180789910612 0.97597839957128596 0.9620159153285609
0.9994248326138403 0.99680278484248985 0.99618448843344365 0.99292453888648602 0.98323565908484156 0.97401367784888326 0.95664209966486502
0.99931931452893008 0.99679234098719605 0.99576355815799533 0.99143301549977902 0.98017472707436104 0.96705284216571363 0.94498122618204305
0.99923802094801961 0.99551999358057575 0.99418780844085086 0.98858326850933254 0.97187240193041136 0.95294749353403707 0.92626313370463098
0.9990687588188184 0.99389461659884626 0.99068430513673744 0.98217878816081561 0.95156515013992271 0.92555408314234788 0.88461398106722045
0.99864746024822715 0.98813468933225501 0.98300055753250881 0.963012367146722 0.91187338809878238 0.86225987237146506 0.80026776834756153
0.99734689596090853 0.97053392474611289 0.95444060178976398 0.904820757466407 0.79021393711762267 0.71044321462022408 0.63178934832805989
0.99296923845434415 0.90260464617771796 0.85423707792582571 0.72842066959535789 0.56484369681175994 0.49777217284972763 0.45434899341504276
0.99981080152052137 0.9985418048577126 0.99801531347076267 0.99612772498936519 0.98989127746408911 0.98297180316027022 0.97220315079310704
0.99978601976203796 0.99842254407588238 0.99791919217408376 0.99602138172582189 0.98920575907250197 0.98200222469908727 0.97026867414725837
0.99980653864479141 0.99803073681448495 0.99747689165562892 0.99471383929485757 0.98768116722757548 0.98000176665265759 0.96659362130211257
0.99976432333917908 0.99775428219369178 0.99699068064176943 0.99421441616134432 0.98514733961279333 0.9739761827090675 0.95810363223315653
0.99971713257365624 0.99703658669154804 0.99639004394196928 0.99116097503341782 0.97899601093496824 0.96261237680404654 0.94124418190324832
0.99963553243327563 0.99565244982893142 0.99374580811381652 0.98579683369004534 0.96320569033382319 0.94010804192304442 0.90587713325307073
0.99950672051215605 0.9919190408955082 0.98725948142846554 0.97225636656151082 0.92788226567179666 0.88579044759274184 0.83242066617373944
0.99907383885119672 0.97848280525990516 0.96515274008288954 0.92530382544451173 0.8232904561490797 0.75024095858272422 0.67109492910550228
0.99756092639633343 0.9255147418664379 0.88202055896610343 0.77328212133905272 0.60159731309600184 0.52877093481996551 0.4730326200053534
0.97753014667887939 0.97344932504337556 0.9721592902889058 0.96774002595563924 0.95404297840113406 0.93964844189572716 0.91744487694200161
0.97720148056438016 0.97307148813617128 0.97179283385284909 0.96684102018365248 0.95257137428073047 0.93790611903786447 0.91528441251112258
0.97565677468106771 0.97132092130352587 0.96997830113647365 0.96429961924161056 0.94833113826243343 0.93221871872344053 0.90652821273130468
0.97312735347484913 0.967698144739632 0.96604472196798807 0.95925096276775201 0.94015340190603691 0.91995655689288536 0.89102918621760441
0.96838503575718626 0.96158953749250875 0.95910349749345758 0.94955868322908332 0.92444673475309425 0.89921979516511685 0.86108770757557029
0.96002376804151635 0.94999309244478614 0.94624832895738054 0.93284064641496556 0.8950217839141037 0.85882298250750966 0.80966812974512614
0.94368651400730552 0.92632362763581289 0.91931197077735372 0.89567569565908078 0.83427383359965379 0.78184589363377022 0.71767064937786773
0.90078315867199577 0.86332449484140195 0.8476015447827111 0.79876729714939076 0.69665518998619513 0.62735117722312606 0.56026054994819618
0.77960512985625974 0.69686907418362976 0.66721398875000093 0.59294950579361494 0.49963524481645177 0.45787849224560789 0.42100161100872824
0.99277179284801953 0.98948523797246002 0.9883963356995713 0.98442434351131092 0.97209210597084916 0.95876584099109041 0.93853590166655387
0.99259927237044077 0.98931512155789247 0.98830368681545111 0.98404798404290106 0.97125007303537958 0.95841493125567268 0.93580446260951422
0.99222057376329376 0.9883577804827276 0.9868681942506432 0.98201305614046297 0.96814742646873175 0.95254404966018746 0.92910110569414772
0.99131438307082254 0.98684170116200309 0.98511356616165635 0.97931433909502486 0.96178404143562746 0.94335523663678711 0.91404685700566723
0.98976767173446256 0.98369609603898278 0.98150340112170231 0.97349502359185669 0.94895062531342722 0.92450418111783939 0.8872881744987533
0.98700320637528982 0.97792629454380098 0.97427460564321422 0.96105510719396881 0.92437788129169729 0.88857453742256531 0.83773057981704824
0.98137406409312644 0.96537800737320578 0.95840540948785002 0.93473531577086033 0.87136244915968919 0.81488286037041413 0.74683102412098068
0.96601755983966564 0.92871554762909891 0.91062991125275872 0.85509761880783541 0.73497944878162391 0.65844997516268988 0.58229679830268366
0.91605785067063861 0.81058870228308622 0.76482529929734189 0.65417525093117523 0.52179994868586832 0.4720981528329104 0.42817665015434314
