# MODISA total downward transmittance (direct+diffuse, Rayleigh+aerosol) for aerosol model MAR99V
# Columns gives t_up for 7 aerosol optical thickness (total, i.e. all layers) given in file TAUA_MODISA.txt
# (first optical thickness is zero hence gives Rayleigh transmittance)
# lambda: 412 443 487 530 547 666 666 677 677 746 866 904 936 935 1383 466 554 1242 1629 2114 646 857
# thetas: 0.0 10.222899999999999 21.347999999999999 32.478999999999999 43.611400000000003 54.744399999999999 65.877600000000001 77.010999999999996 85.0
# Inner loop is on thetas, then on bands 
# Dimensions: 22 9 7
0.87159260596246468 0.86449995242835698 0.86328637435880162 0.85993604143865332 0.84981948624140491 0.84009967929017038 0.82611848778603436
0.86983044274905497 0.86267160213412974 0.86136459445611546 0.8574003429865058 0.84806140151249043 0.83806889663729256 0.82481342653184886
0.86289458092287596 0.85504723228122159 0.85395329041855172 0.85072980052193869 0.8391140589598437 0.82735583254696288 0.81251497899345859
0.84995365620657592 0.84094751372650689 0.83979916569830604 0.83491984095708238 0.82143767311747451 0.80986459128891752 0.79087258637633084
0.82822388854830908 0.81744158330043937 0.81579949907660387 0.80993643713548136 0.79427197296967023 0.77889318781080297 0.75670195932726514
0.79166192923304557 0.77762206605940343 0.77546794532671326 0.76773071372078627 0.74782786129106027 0.72879727016520823 0.6990389091166439
0.72805979537305443 0.70927225378058867 0.70597162076271258 0.69513551860890954 0.66823066455736946 0.64414466045500707 0.60839033348236082
0.6035763857439117 0.57861708293925573 0.57465812435002483 0.56102259337319316 0.5279460538022277 0.50471537703583336 0.47759969094988308
0.44664185759460057 0.42671932090678 0.42447681992520775 0.41612570838009011 0.39992357684710433 0.38748108717838037 0.37026159561618638
0.90103890695442146 0.89422321974418562 0.89320264541291661 0.88971301450770102 0.88082425054341706 0.86990265988167859 0.85494880553583952
0.89950270610558425 0.89286557648858755 0.89125412769412438 0.88784536675489156 0.87639058298664041 0.86723886697700403 0.85284439893317787
0.89383060005222237 0.88663156233360119 0.88537449884004393 0.88035954565792884 0.87047753172018938 0.85680936287231735 0.84286622874900463
0.883613483714071 0.87506561170961439 0.87374048534591575 0.86872729797836534 0.8541021314470939 0.8421988581932518 0.82507507021392856
0.86595925204476853 0.85530396073827275 0.85384186468567957 0.84607588809252465 0.8294694599025213 0.81587227098766446 0.78807599138393092
0.8356380062105786 0.8213925105263512 0.81892970635325157 0.8112124805148766 0.78827716633471334 0.76547965855973821 0.73595870691004006
0.78122473537734494 0.7610296540337701 0.75713818932580479 0.74452466908773252 0.71184799572388724 0.68248468243163274 0.64624610937066962
0.66554610248432444 0.63523099989000054 0.62990360133956069 0.61187060638897939 0.5704845849995922 0.53918240118023553 0.50531487825147281
0.49017564847422862 0.46286394352648252 0.45916509881065454 0.44767754963916667 0.42412543529179519 0.40781124726303392 0.39025688420921134
0.93201141280037658 0.92574722732551484 0.92472300778393457 0.9208213307892823 0.91247158631629643 0.90141060906143733 0.88568350986079569
0.93082781615784427 0.92442207965573486 0.92370060559800082 0.9194596974057162 0.90748642007538449 0.89960834299002712 0.8848106563819903
0.92682550246630846 0.92009757415112681 0.9190917053783314 0.91440584386733237 0.90208430940317808 0.89212132773083852 0.87185514535521291
0.91925964669162352 0.91115928379739286 0.9100885925820299 0.90547833728173677 0.89198001403631522 0.87786800144208965 0.85775519390824728
0.90629078912303562 0.89653002116141967 0.89461548707805016 0.88864820449549997 0.869247546754777 0.85107438554938319 0.82582166606405716
0.88383484870464191 0.87041853165335337 0.86795722054224989 0.8591440650960438 0.83236368189493759 0.80890427664826192 0.7754250019532748
0.84198527881075147 0.82107543774020697 0.81683148027129693 0.80194059468118151 0.76312818753397171 0.72958077908294727 0.68523070638582795
0.74510308115740287 0.70992391776778407 0.70258555900765607 0.67865158675541415 0.62155779714165404 0.5827810245897983 0.53909038190393521
0.56068572842330044 0.5192806487888979 0.51180894339214666 0.49102655502213777 0.4536829839379195 0.43324131830817492 0.40767835900814409
0.95101870476794104 0.94512319527175082 0.94439009324716761 0.94074267618807905 0.93090426913947588 0.92085460896301463 0.9060709152753561
0.95013095219115673 0.94467762267202049 0.94336628210431872 0.93973084415319363 0.93000169743463568 0.91844504641864011 0.90607599453312349
0.9471629727006774 0.94092090650942262 0.93913149855288525 0.93616551853567487 0.92361180925667441 0.9099290089432166 0.8941171067790501
0.94159540411051457 0.93411148241948239 0.93236698215229719 0.92746090499682443 0.91319812205285444 0.89948228148768128 0.87927679640022682
0.93198414025708709 0.92242683698347872 0.92053196932018821 0.91438862813003718 0.89702113138216077 0.87729439436541057 0.85031216644634089
0.91493573336309408 0.90178265366845489 0.89868473481120492 0.8888674104718608 0.86436000642220734 0.83758166068905116 0.80151022830471563
0.88251883049126734 0.86156967600560008 0.85710996832315922 0.84090271981333531 0.79940801237218551 0.76377690166164969 0.71305591276176672
0.80409102275648481 0.76557419673045979 0.75622750744066103 0.72707137179209824 0.66017604103402028 0.61255520403738284 0.56058996430357833
0.62800024114296704 0.57195438039030499 0.56003021745390069 0.52814250764019177 0.47718714245671878 0.4490926752658162 0.42213109467064747
0.95670610382297561 0.95111688669078809 0.950120216194559 0.94692351503857786 0.93728848690416555 0.92596438709597229 0.91224107752147521
0.95620721574077616 0.95025309934232483 0.9488206060263682 0.94525355266095978 0.93457676297025805 0.92608794981865894 0.90999199329653047
0.95342215798681207 0.94720389603755994 0.94591190418647519 0.94085916810418024 0.93051255481190642 0.91902375845419948 0.9030664882056505
0.94840304947761056 0.94086979710968022 0.93899813990461767 0.93469416107434544 0.92047253821358233 0.90532363073865851 0.88329589838006761
0.93963090877866218 0.9301213750796572 0.92886960747337821 0.92248366872562637 0.90458019832352154 0.88587586840650312 0.8564510009649805
0.9246448006436947 0.91165722298481389 0.90852974613648774 0.89824019528040799 0.87293798049933358 0.847300150267285 0.80809047787672339
0.89541526419665385 0.87430397890280476 0.8691795844064597 0.8532521416707165 0.8099061824676671 0.7718105728759056 0.72166564669892652
0.82324796490639107 0.78380268715132861 0.774512964591903 0.74326996178364135 0.67236126522342277 0.62119890377971454 0.56838343886572729
0.65396640200477096 0.59243879534318877 0.57900481059028364 0.54148999797217801 0.48503938449012601 0.45524486916590662 0.42593613592245427
0.98015662355824484 0.9755837214534272 0.97442546650899353 0.97122293941301796 0.96101352125546613 0.95051427906045127 0.93497633350557297
0.97985814641638458 0.97489321820798902 0.97359765416308874 0.97086078822937827 0.9596127454403327 0.94953261384714971 0.93493096986943225
0.9786513149778272 0.97302374917235113 0.97223466040284823 0.96682900864394061 0.95681612277585892 0.9448253384504105 0.92637956527917065
0.97623634393663272 0.9698737373091405 0.96831541350023775 0.96461655524119683 0.95024913211092543 0.93450675926748206 0.9133871193307298
0.97216437612844941 0.96383751536924656 0.96189816888939905 0.9552444361325807 0.93789034578201325 0.9172342185840836 0.8899385209364814
0.96481639313206202 0.95296008420887046 0.95015335705331261 0.93986933227926228 0.91245045483924059 0.88396433027318877 0.84466636882448087
0.95028046985417114 0.93063494362007237 0.92541647183618736 0.90690418951185225 0.85808654859671507 0.81514138882463016 0.75726660900332832
0.91177736379734653 0.87084830759690701 0.85860394020299635 0.81877075560017132 0.72885290055752272 0.6652982626380094 0.59901093502639413
0.80011366367646108 0.71190589689035522 0.68602609914028589 0.61729594673087274 0.5214123790665266 0.47794993188390739 0.44031754715867771
0.98015662355824484 0.9755837214534272 0.97442546650899353 0.97122293941301796 0.96101352125546613 0.95051427906045127 0.93497633350557297
0.97985814641638458 0.97489321820798902 0.97359765416308874 0.97086078822937827 0.9596127454403327 0.94953261384714971 0.93493096986943225
0.9786513149778272 0.97302374917235113 0.97223466040284823 0.96682900864394061 0.95681612277585892 0.9448253384504105 0.92637956527917065
0.97623634393663272 0.9698737373091405 0.96831541350023775 0.96461655524119683 0.95024913211092543 0.93450675926748206 0.9133871193307298
0.97216437612844941 0.96383751536924656 0.96189816888939905 0.9552444361325807 0.93789034578201325 0.9172342185840836 0.8899385209364814
0.96481639313206202 0.95296008420887046 0.95015335705331261 0.93986933227926228 0.91245045483924059 0.88396433027318877 0.84466636882448087
0.95028046985417114 0.93063494362007237 0.92541647183618736 0.90690418951185225 0.85808654859671507 0.81514138882463016 0.75726660900332832
0.91177736379734653 0.87084830759690701 0.85860394020299635 0.81877075560017132 0.72885290055752272 0.6652982626380094 0.59901093502639413
0.80011366367646108 0.71190589689035522 0.68602609914028589 0.61729594673087274 0.5214123790665266 0.47794993188390739 0.44031754715867771
0.98149365240571429 0.97694216790380972 0.9761403234685222 0.97304299790124604 0.96294176425138256 0.9531789496627554 0.93721436813667769
0.98126356753483646 0.97627797178597531 0.97529052979039177 0.97094394944622375 0.96223465768206884 0.95171445475448557 0.93567076532468885
0.98008455895970525 0.97458456886742717 0.97304473448826145 0.96930753156594163 0.95744817995444476 0.94657147461864277 0.92838922051306194
0.97783633055508978 0.9717105504030864 0.97051418450172666 0.96495668904595933 0.95216353653215047 0.93721227525683948 0.91549534751338124
0.97395340881589376 0.96572419691527334 0.96399556533560826 0.95771668640311136 0.9388830152710379 0.91874662805672302 0.89209206447521738
0.96710221232498073 0.95563977884086382 0.95262572451515692 0.94207948577952549 0.91321871269796728 0.88524858141489793 0.84689673357382667
0.95345846559730252 0.9339394151494359 0.9286579898888051 0.9094315152000999 0.86026513883871381 0.81712375786799563 0.76073287731704053
0.91718654704244473 0.87666718892502526 0.86362565988166096 0.82362572380976229 0.73193675689611848 0.66598183708575087 0.6001386319652543
0.81096734220814748 0.72149049504580498 0.6943637312649672 0.62317723423186588 0.52325073797146671 0.47941957524059953 0.44252189603823655
0.98149365240571429 0.97694216790380972 0.9761403234685222 0.97304299790124604 0.96294176425138256 0.9531789496627554 0.93721436813667769
0.98126356753483646 0.97627797178597531 0.97529052979039177 0.97094394944622375 0.96223465768206884 0.95171445475448557 0.93567076532468885
0.98008455895970525 0.97458456886742717 0.97304473448826145 0.96930753156594163 0.95744817995444476 0.94657147461864277 0.92838922051306194
0.97783633055508978 0.9717105504030864 0.97051418450172666 0.96495668904595933 0.95216353653215047 0.93721227525683948 0.91549534751338124
0.97395340881589376 0.96572419691527334 0.96399556533560826 0.95771668640311136 0.9388830152710379 0.91874662805672302 0.89209206447521738
0.96710221232498073 0.95563977884086382 0.95262572451515692 0.94207948577952549 0.91321871269796728 0.88524858141489793 0.84689673357382667
0.95345846559730252 0.9339394151494359 0.9286579898888051 0.9094315152000999 0.86026513883871381 0.81712375786799563 0.76073287731704053
0.91718654704244473 0.87666718892502526 0.86362565988166096 0.82362572380976229 0.73193675689611848 0.66598183708575087 0.6001386319652543
0.81096734220814748 0.72149049504580498 0.6943637312649672 0.62317723423186588 0.52325073797146671 0.47941957524059953 0.44252189603823655
0.98747814215192564 0.98312675086256918 0.98202001369758618 0.97883231614001964 0.96897877684545775 0.95847436231045136 0.94240537564647886
0.98726702097840258 0.98290922789868496 0.98194816197237311 0.97820245943967443 0.96843900148533735 0.9570123861834765 0.94100058304856382
0.98648204384391813 0.98162615354876093 0.98017401448293873 0.97571990509438122 0.96515933563633061 0.9531015403012516 0.93427549835230284
0.98495414759684408 0.97904785264703387 0.97762618104031063 0.97279952114911661 0.95791923070870455 0.94352656934625945 0.92046637911922413
0.98223094217342832 0.97461837194733281 0.97283689109074734 0.96623665816482585 0.9456865046864541 0.92661000397594684 0.89870248509557482
0.97755408086568829 0.96665665275817614 0.96341755770471227 0.95319349632852213 0.92411770638547608 0.89549423483746993 0.85451792868432486
0.96805624606527174 0.94972157051511885 0.94393454705998869 0.92519207390220537 0.87319345521319636 0.82741257119287437 0.7703406049564574
0.94244974218057087 0.90287217175489909 0.88967227193511589 0.8462895668558702 0.74820323365117014 0.68013591973761334 0.60939624130460734
0.8632155590752093 0.76744206186596997 0.73589468305971961 0.65053363940280673 0.53387122020319777 0.48495844363483509 0.44384725531212921
0.99311761929762832 0.98912364396955643 0.98821985904044263 0.98463414513222169 0.97483010539071691 0.96500948808575093 0.94800506434727905
0.99295952494635287 0.9889629100025058 0.98781343619590956 0.98444675544525073 0.97348567039627276 0.96252132726912409 0.94616013939340859
0.99257211462558614 0.98807429859822626 0.9867720112456756 0.98323507320826764 0.97192864593097861 0.95864819060699147 0.94080858670443535
0.99167493178360921 0.98646067424654049 0.98499853263701598 0.9807119107481671 0.96602373402240771 0.94956215998649229 0.92787220812523419
0.99023610572653464 0.98318322474199049 0.98142543980612906 0.97585476413789352 0.95563208283123768 0.93494915466946915 0.90533791336275526
0.98766520648086054 0.97785921282455512 0.97429172563786637 0.96381427017764787 0.93347801069767589 0.90344729283721992 0.86172535822709051
0.98222637659816003 0.9657605627354573 0.96022065742734897 0.93997102880970362 0.88719095511734081 0.83889730246041494 0.7770618462308676
0.9676169437423815 0.93114537008329556 0.91707808873452323 0.86996526758802672 0.76533458382783115 0.68997492053323539 0.61613710299083513
0.91979922207279496 0.82367300384037079 0.78458150983911312 0.68118377031924005 0.54416049244817966 0.48964677470696061 0.44436455927903862
0.99417938883109946 0.99026501028418634 0.98935115478110469 0.98600855971898294 0.97613327119586724 0.96564147673689038 0.94942150802466596
0.99408327796163454 0.99005415864181079 0.98894764882523956 0.98608211277185254 0.97616384723223237 0.96371467182717729 0.94757664713899548
0.99371408395954153 0.98918811097372361 0.98808195394007969 0.98437354989272896 0.97246052523229021 0.96046749830479117 0.94144819534535484
0.99301181548437045 0.98791102978502987 0.98627071033951907 0.98176868602327061 0.96769083266178957 0.95270713751524716 0.92964182703966847
0.99175372209547019 0.98505501023490083 0.98303214263165462 0.97634964002482028 0.95635176096670538 0.93721501072126023 0.90611289525108618
0.98952919386697868 0.97985653263597827 0.97642907155243597 0.96581843727831906 0.93601642583377698 0.9060470076265108 0.86194251463477978
0.98504030133326048 0.96877414049292598 0.96317418947986011 0.94324194649886894 0.88938938204653673 0.8420515304007643 0.77978726540202137
0.97256149288637739 0.9370004985641448 0.92223658170148004 0.87530715641326462 0.76776234452158387 0.69339978662655788 0.61761512751134162
0.93142817008562317 0.83528507887836601 0.79479970420049084 0.68827167193338545 0.54669677188276045 0.49103642885247789 0.44546464417489179
0.9949508402233701 0.99110234514203055 0.99013527313542371 0.98679289135088233 0.97695959739057447 0.96677165789793518 0.95032144858161116
0.99487140756218373 0.99063562616622725 0.98970919099333854 0.9865744149326412 0.97542835668366468 0.96608814492801465 0.94865739650584846
0.99457215657763698 0.99004389888469202 0.98890128987390713 0.98547459707612495 0.97430297502239416 0.96119868861377411 0.94179456482739954
0.99389759424262014 0.98873067850583329 0.98742815440864273 0.98271448900558867 0.96898558897137543 0.95312727317781187 0.92997200565734994
0.99285224628654867 0.98619618759076799 0.98400610128817567 0.97748223583705307 0.95791889281946629 0.9378177295915342 0.90692642986228378
0.99086479802645155 0.98135205997174424 0.97849338362884997 0.96729528702439893 0.93705666789990616 0.90670552725855325 0.86642652042760493
0.98692969055929469 0.97096366101705434 0.9653944457045649 0.94534411553297881 0.89129774054507149 0.84251684884254219 0.78165477716739751
0.97604688159257014 0.94100723688132515 0.92616996972750454 0.87876177428963043 0.77176322537386088 0.69493058962319831 0.61980296017623004
0.93986156946743871 0.84434467999243934 0.80289174925594009 0.6931176665091775 0.54914745084086025 0.4916330862764966 0.44552768651369618
0.99493046799303486 0.99106857523185454 0.99012464775787112 0.98690243367351016 0.9767898793619767 0.96638377946175624 0.95031815760262306
0.99485521638622221 0.99078867705896867 0.98988597998298522 0.98666621542776078 0.9762088361796657 0.96542466844388852 0.9489225323464846
0.99452456638097653 0.98995695748112411 0.98898415746886659 0.98545892422419001 0.97361080510458897 0.96120301120087404 0.94219312803424426
0.9938850079509759 0.9887595224933674 0.98744828466648848 0.98255896019771338 0.96843440752118215 0.95369927199381588 0.93024311329893383
0.99280889307235454 0.98619739403132223 0.98419643615989416 0.97756563099469096 0.95768409868210325 0.93818107002730133 0.90781799569957022
0.9908454759956723 0.98137281248346886 0.97828033425741412 0.96727582570937531 0.93745226972864049 0.90712502189376754 0.86561881470779922
0.98691138410976653 0.97101677226294558 0.96543172814856537 0.94531559975113544 0.89152607161449493 0.84351678313739564 0.7820692749353525
0.97600314904435836 0.94108340626935549 0.92631301178161984 0.87888373057741087 0.77148485795049171 0.69541680744261691 0.61927189600857724
0.93971145841747139 0.84422824875136016 0.80266732291461351 0.69295433211517665 0.54905654429819561 0.49183541649698764 0.44552087052792222
0.99894043327386406 0.99602304346869064 0.99491953845125991 0.991958616768712 0.98222279946482727 0.97063730427208594 0.95388176400036373
0.99891628350503825 0.99587128603336394 0.99515159699515876 0.9914678546861414 0.98082532869357908 0.97040720942204217 0.95410966160292332
0.99886119786706373 0.99555386869348961 0.99481772699729132 0.99081142879841633 0.97900479901127746 0.96685126644274177 0.94867853664103796
0.99872018902095605 0.99499349788590352 0.99385758571089822 0.98900414865244923 0.97373397214566682 0.95903228992989453 0.93631473582440994
0.99847321605538053 0.99348584973447651 0.99168239638790723 0.98523800332019829 0.9656155228508212 0.94549328342291805 0.9151457761031413
0.99809081757718754 0.99107328268373751 0.9883707959370418 0.97708415723609077 0.94666559916527748 0.91600985729917217 0.87447647014987906
0.99726125731647119 0.9856175592117461 0.97977515703765039 0.95931183656711982 0.90368065654696772 0.85546292570603666 0.79078642855414394
0.99495506770317643 0.96928800409735716 0.95327039981269446 0.90225124283519254 0.78588403831709408 0.70622232604644752 0.62591725479977744
0.98672478088102178 0.90865409113743822 0.85735386898190424 0.72544776849281223 0.55774066486585627 0.49495282851964539 0.44550491679351706
0.91901556281982499 0.91263972480154976 0.91154758412101322 0.90816977209921301 0.89805068368820851 0.8886614129800553 0.87286897550579012
0.91774597110198275 0.91111344965459407 0.90967361038294625 0.90614769543468621 0.8953802787238041 0.88666961940735523 0.87181739618230636
0.91306151544532621 0.90584077126339013 0.90461940442085054 0.90059791746055562 0.88892109134651021 0.87730013077732294 0.86177233683850207
0.90420084794081801 0.8961069511835501 0.8946225733369112 0.8898924172331536 0.87733771696190543 0.86248031820106497 0.84312644699582351
0.88921202615051897 0.87909209871300797 0.87731825637502325 0.87056347833096837 0.85441503999450763 0.8350910643231545 0.81091743425046114
0.86351762609187666 0.84950324682439371 0.84716185780701769 0.83844816549457257 0.81426809211951767 0.79102909627068052 0.7581334820932798
0.81557345675550197 0.79484528190774228 0.79104574875861244 0.77762881658463223 0.74242322186179843 0.71104949073265489 0.66689578406259453
0.7097161241619363 0.67668930084464518 0.66992982429640735 0.64883127992684508 0.60043763276823614 0.5640186526343407 0.52424372686544785
0.52676278252513653 0.49244576513400706 0.48705903566376219 0.47100081381425035 0.44151708638885917 0.42222091478811635 0.40061152384971876
0.95870414688604755 0.95313954211960183 0.95211358874380658 0.94861236018481454 0.93928572842136093 0.92772735706541576 0.91414463503950183
0.95806755541594957 0.95238158245682547 0.95108455340129416 0.94781234827380578 0.9367417193420795 0.92820174978249292 0.91153592811309614
0.95550211717407818 0.9492555399025826 0.94834492556356209 0.9436792301486665 0.93267143291124277 0.92209196192955722 0.9052397207456585
0.95072726147104014 0.94341238777660952 0.94188778443607113 0.93685512795459136 0.92317903494127052 0.90964155523518719 0.88742541419844045
0.9423595572656549 0.93303037861187521 0.93144482509396009 0.9252725958759983 0.9078196194253263 0.88892870578804561 0.85997443874184676
0.92800461806835421 0.91508288306275365 0.91206897524709141 0.90222991491801363 0.87534876621508906 0.85003393510335068 0.81181624779725214
0.89996683479807593 0.87883407674262437 0.87386731763407854 0.85743577425040685 0.81437067138686225 0.77567807852331183 0.72441951236015445
0.83019849179231364 0.79025909050937704 0.78108428108707262 0.74894130066535902 0.67720134267239707 0.62620247491259518 0.57051974451635856
0.66393234117460842 0.60009481419771826 0.58606343520055881 0.54710195892578295 0.48783349291805705 0.45712598423309697 0.42651657079974703
0.99837118348610243 0.99507263897352383 0.99436938855839785 0.9908080627463367 0.98109601131795188 0.97008311584641127 0.95349961747158118
0.99834716876706531 0.99510289512654948 0.99432776821147462 0.99091300023046769 0.98064388383070333 0.96843160490603197 0.95172542954933104
0.99820642318652297 0.99439841619774128 0.99407368906029536 0.98943721311043298 0.97704598490818395 0.96655623676133606 0.9459730335125407
0.99805441931935313 0.99418307946838302 0.99249276916974449 0.98756431131914169 0.97260613770533022 0.95925682469825224 0.93679897520901001
0.99769421080202747 0.99199468352933751 0.9907112707193646 0.98388934872442002 0.96436257101334411 0.9441699264277188 0.91253500659007958
0.99705016476681729 0.98985136061010737 0.98616049465929301 0.97512595001061786 0.94586550176641582 0.91322619231516322 0.86831215599200007
0.99571418966824732 0.983053163770373 0.97737408742635412 0.95704129672057614 0.9034952081990566 0.85271927326667152 0.78886000774170784
0.99219548234986821 0.96436141171702694 0.9476927193525031 0.89761148781175726 0.78260029060315051 0.70414983041653212 0.62412344767486871
0.97978296029208678 0.89627856039238818 0.84678712615708795 0.71906903240760955 0.55607132043442264 0.49469083638125955 0.44499513567914989
0.99945576093675015 0.9970221572257989 0.995820862433487 0.99248138141726439 0.98338895643831825 0.97193242114771849 0.95569877122808855
0.99943932068054731 0.99689952767914225 0.99601942743937 0.99325712561329449 0.98238685249606639 0.97276850184176489 0.95420129024948686
0.9994075500502172 0.99663620184616786 0.99558274341267405 0.99231260084198947 0.9787535760412841 0.96724105625561885 0.94829267063816081
0.99931742428741333 0.99593434946700565 0.99484528379857229 0.98992082116084423 0.97588418118281473 0.96157344313073823 0.93715355982837512
0.99922139830763301 0.99518929321751759 0.99395056133266435 0.98762013597876053 0.96670534598022062 0.94844052163746251 0.91667788859259525
0.99899790913319175 0.99306875218369928 0.99070972125018741 0.97975097493455299 0.94952100844748322 0.91776498860691891 0.87551905378223638
0.99859084644769858 0.98876944155120672 0.9827372570396159 0.96247805350732329 0.90593058952373273 0.85736330638297331 0.79298437965701196
0.99733385057278912 0.97507754206059727 0.95962382182882855 0.90671521888256235 0.78961505553426792 0.70788745664579189 0.62493375993463396
0.99303880827197355 0.92336717424184978 0.8690690599636719 0.73152485948203738 0.55878116036521497 0.49520872032275615 0.44475416001032214
0.99980717001285102 0.99801171641333075 0.99708099613194756 0.99324812726678124 0.98114984102542924 0.96875086081059747 0.94910066583682429
0.99980453517100798 0.99810545375735604 0.99686888303340981 0.99317576179706557 0.98102707295775837 0.96784625456039053 0.9486425357827678
0.99979968841504097 0.99801899895978541 0.99667777772180344 0.99186361790620914 0.97895143384182137 0.96389338174076389 0.94189837590261272
0.99976657722041895 0.99767834317245663 0.99607400608948837 0.99076801074053178 0.97483336357161077 0.95726270307482841 0.93073403701806023
0.99973085133939321 0.99690139682119527 0.99491401841550964 0.9873849229477174 0.96585977017821067 0.94286816074627078 0.90786989113872918
0.99964777893381473 0.99593240421951723 0.9924397745847463 0.98111773949675019 0.94818307784546085 0.91274457908358353 0.86378046269196396
0.99948988670804473 0.99265473195281773 0.98644423834631834 0.96441772814592996 0.90444453515357548 0.84837161761332813 0.77729260994770766
0.99906330477443661 0.98248764105083086 0.96505235015556801 0.90892969862308914 0.78195243875533327 0.69251039459372188 0.60437906260425056
0.99755827682882181 0.9413249101837331 0.88167821431648796 0.73046180643546699 0.54636492491464683 0.47741011763555258 0.42419265299379
0.97750055477503284 0.97266491127481092 0.9716681489287381 0.96814993454785991 0.95827708787423405 0.94838163815028109 0.93231428859840371
0.9771048290951847 0.97202529051139819 0.97092138903107361 0.96769388283944968 0.95764537554881135 0.94674103307448343 0.93236466124450856
0.97568507688922368 0.97012270205057305 0.96913731257789526 0.96498083435391646 0.95404744422099275 0.94301689745154282 0.92429488763832446
0.97305272829341616 0.96651825920382761 0.96494943337162176 0.96067800875557352 0.94744496417971646 0.93130934352526829 0.91078082760571011
0.96833531858578192 0.95997574007368358 0.9578610851647904 0.95179959807454617 0.93280530195730782 0.9148817484462618 0.88603275081103816
0.96008171849969037 0.94802414537525925 0.94528291473380377 0.93526879558120013 0.90709178514138722 0.87932547831536634 0.84062486660676838
0.9437609428514917 0.92385487522907761 0.91851226426001065 0.90060686827340242 0.85240368562466606 0.80897272713516344 0.75296073364838012
0.90067516379659951 0.85984818600140323 0.84822073808957388 0.80938322856230582 0.72115178606208719 0.65904728092134768 0.59533083953103516
0.77950810043547714 0.69485164442957892 0.67071507175962497 0.60649749564244282 0.5165367182606635 0.47590745530498646 0.43880705818933652
0.99278184762292998 0.98875033585455741 0.98778712194533336 0.98436409071936548 0.97439748957842498 0.96423757658128206 0.94777267847905888
0.99260078481466885 0.98853188202280806 0.98744884289081158 0.98368729065030669 0.97405954881366485 0.96270937004151624 0.9461209865325827
0.99217985103308048 0.9876217982856792 0.98650319271039932 0.98273470755871462 0.9715863465829353 0.95849793096904112 0.93904912302381482
0.99130590586524703 0.98597730836521746 0.98432914003231109 0.97956135389852739 0.96543757399995711 0.94953577075401063 0.92692793527522654
0.98977695281238387 0.98264178858716866 0.98080179983187898 0.97461117754421556 0.95482618263203389 0.93464739665601315 0.90393520882135681
0.98702781248009763 0.97721883050686298 0.97379034274914444 0.96304000977622906 0.93337854555912425 0.90284287984203693 0.86027712130779477
0.98140192729420828 0.96462474787428454 0.95901674073885279 0.93893667927682445 0.88598789014231993 0.83771867755553797 0.77679897622679384
0.96607728966328033 0.92938048777581395 0.91507234897099332 0.86845557995972955 0.76470291294629245 0.68972731577576052 0.61512459078343085
0.91618584170612516 0.81983073762414682 0.78112103450555559 0.67899461953981344 0.54381866649148058 0.48982063258767405 0.44441877275088859
