# MODISA total upward transmittance (direct+diffuse, Rayleigh+aerosol) for aerosol model MAR99V
# Columns gives t_up for 7 aerosol optical thickness (total, i.e. all layers) given in file TAUA_MODISA.txt
# (first optical thickness is zero hence gives Rayleigh transmittance)
# lambda: 412 443 487 530 547 666 666 677 677 746 866 904 936 935 1383 466 554 1242 1629 2114 646 857
# thetav: 0.0 10.222899999999999 21.347999999999999 32.478999999999999 43.611400000000003 54.744399999999999 65.877600000000001 77.010999999999996 85.0
# Inner loop is on thetav, then on bands 
# Dimensions: 22 9 7
0.87160481111525834 0.86449497061607417 0.86330171233350894 0.86003749051376766 0.84958061642056726 0.83981773508087587 0.82540341481281032
0.86962850325395902 0.86248305688947402 0.86136165246545104 0.85770198438147871 0.84741556996968415 0.83822505472359365 0.82170338027044221
0.8629558791538684 0.85497922621463673 0.8537625361402329 0.85027837442808107 0.84029495444640789 0.82910027599973579 0.81164733340046891
0.84979665985671748 0.84109235380063585 0.84000535123499753 0.83500084851144996 0.82170826425999988 0.80893173578189859 0.79186943609869742
0.82815047532860209 0.81723297496188474 0.81517970155944453 0.80940459583699664 0.79420146444041362 0.77683911621547796 0.75499243162144292
0.7918256401538003 0.7779328254335327 0.77593062402642743 0.76724074145519361 0.74702443796629536 0.72608114632608323 0.70037257800386943
0.72832371004692864 0.70919087058305497 0.70560104056141348 0.69517197284994026 0.6654338936253984 0.64258878988337886 0.61032810705693941
0.60342259602715576 0.57790578110249935 0.57294984497083312 0.56010165166259307 0.52860042990246525 0.50386361456371342 0.4770262541673389
0.44645655323198397 0.42593790251946773 0.42359244327705908 0.41600958461455656 0.39883364954935502 0.38674111989296484 0.36981690492498726
0.90114658910708079 0.89415550519944309 0.89308294089879425 0.8899186056321623 0.88034602556635377 0.87069162374290487 0.85449787266101662
0.89944143967972501 0.89287819207576802 0.8917632019950571 0.88655538187346994 0.87558621728709285 0.86659767183427772 0.85141027820073112
0.89404123046606943 0.88659978612276591 0.88537234895734407 0.88081038454522398 0.87068512654063257 0.85910240431639784 0.84201286898387262
0.88335387169377977 0.87475964180723997 0.87321152387390666 0.86776430845061769 0.85385491504696076 0.84140866385048252 0.82066039851454509
0.8656686692022858 0.85491656941996774 0.85318557391904815 0.84696456315977642 0.83029004591837785 0.81367484411258584 0.79460888462652923
0.83559587280916314 0.8217490052088996 0.81886387078011702 0.80983908748457689 0.78865324366135447 0.76461031102974386 0.73526623683867276
0.78111272263359044 0.76055400043324595 0.75787581943174775 0.7440795107945416 0.70920511619229576 0.68304424853897361 0.64417496094847249
0.66486183308769708 0.63513849072689266 0.63001938135464819 0.61235080727572078 0.56859447466107105 0.53953657964953772 0.50701532950117045
0.48947542477314093 0.4631224320782853 0.45747519034457218 0.44698765152447317 0.42303113150981003 0.40710100100430074 0.38812227566424923
0.93188952504008815 0.92566682355236574 0.92459640062743542 0.92130100992516772 0.91087288782487386 0.90203334802134116 0.88618255557492864
0.9308940884675827 0.92459652653992941 0.92321672955289191 0.91944466852287199 0.90859446283063006 0.8975019080517751 0.88277844124089799
0.92693226372860149 0.92044258102460086 0.91884676881237304 0.91487677008054491 0.90294831233251238 0.89005833097039433 0.87164995721416738
0.91946256159510675 0.91169750823010387 0.90963314105788851 0.90476505077624003 0.8933441177635657 0.87691053528134577 0.85665849081267897
0.90640344868487766 0.89658925667868472 0.89444118981124632 0.88854382125679221 0.87194414940607468 0.85115905323787155 0.82854733336587805
0.88395197029209527 0.87015594122742657 0.86763275682803609 0.85838764496925946 0.83403583099908796 0.81072643265602962 0.77354032060733779
0.8420544559077161 0.82089880010121952 0.81728479640534379 0.80164877902478904 0.76325814017914539 0.73164738133672436 0.68792267527305173
0.74518107430102321 0.709871055208249 0.70128448879336991 0.67925985488785845 0.62441311251151432 0.58258987411319463 0.53747315384802585
0.56100327611573997 0.5183346205314282 0.51073106630831422 0.49196958102454791 0.4531084120537171 0.43382594161468319 0.40863797441769562
0.95096919638678401 0.94526680721776435 0.94416279981790063 0.9405548902519667 0.93139186846967326 0.92080130902787738 0.90490385603623424
0.9501968856002635 0.94446697151950321 0.94285053361349602 0.93981287551404769 0.93083868056979591 0.91930682180362477 0.90413748914296477
0.94720672247198501 0.94070210712474267 0.9394383026983647 0.93585284208485386 0.92429092171441485 0.91245446981677247 0.89592848024045668
0.94165190120291842 0.93406004776147655 0.93263458561372892 0.92697653432313565 0.91275093038838617 0.90142180418293372 0.87852949212127684
0.93200651697840853 0.92284875071581762 0.92027082526892556 0.91485206420998999 0.89638854359265185 0.87714598016439971 0.85478656631908834
0.91521564051441939 0.90168304233798047 0.89940385086416719 0.88998669209403469 0.86302889874059152 0.83985158217512568 0.80062812516971638
0.88262064821289987 0.86160099407284085 0.85704012656598783 0.84157361792283003 0.79846057593976028 0.76135983682310582 0.71229861453674737
0.80404281440363357 0.76501445099290133 0.75626261007941731 0.72750883210174377 0.65902625332899489 0.61206633380169873 0.56436163538144013
0.62862319902782082 0.5713914221010008 0.55992998605635569 0.52813535124511735 0.47646558023980645 0.45066512462629299 0.42234402734120169
0.95668313537908889 0.95099540412760297 0.95009230141261658 0.94620699315998502 0.93668224573748748 0.92801306402682626 0.91120712675401838
0.95598784808009174 0.95019506413809096 0.94898505893899809 0.94514412700049866 0.93594638267265617 0.92425990709701544 0.91105995945458906
0.95338486169161907 0.94741461059728205 0.94584685925368528 0.94222996390990899 0.93119425901420361 0.91602354669305408 0.90133187573633511
0.94844666640400721 0.94108143657793797 0.93942027447840726 0.93364560017848264 0.92143430793934944 0.90721045458134919 0.88516101305478534
0.93974037754452155 0.93045406562336497 0.92779525631680693 0.92291331052587222 0.90239133115818959 0.88430474753514854 0.85950368455042514
0.92469280603299542 0.91115160320153843 0.90816777955980676 0.89928299884960949 0.87251914722076418 0.84678198766898383 0.80806759146308882
0.89562401373465883 0.87412541100126973 0.86896395430086004 0.85177490107146769 0.80899343406630841 0.77066545464178837 0.72434890461887269
0.82338086865055993 0.7831297379682145 0.77391312873768869 0.74274161143969686 0.67319209475586761 0.62046876231341208 0.56407592408815188
0.65384896766762901 0.59251855332963999 0.57795228900434559 0.54181905756722981 0.48435334658831741 0.45324743827074243 0.42554810621759953
0.98014934646801422 0.97543991634778993 0.97456521807797869 0.97120007929000762 0.96128295539474995 0.95191106313031082 0.93532714273999484
0.97983853194054549 0.97515689411954376 0.97342340410486461 0.97153558442568744 0.96002354017248703 0.94990840749421068 0.9328302868093008
0.97854856794754852 0.9733111080823782 0.97173653484694011 0.96832602073623719 0.95739813793716877 0.94399336346142759 0.92581922911123016
0.97620566700457367 0.97002742590210234 0.96787443843802434 0.96441019064615141 0.9498891999970257 0.93423121021545164 0.91306105613266308
0.97206312271464723 0.96354914180018547 0.96260936463980418 0.95577394906327018 0.93727076216324723 0.91929034923527542 0.88842964245346678
0.96473713140685724 0.95302957845661174 0.95019580493530109 0.93884496978956067 0.91062660582617438 0.88280629910406927 0.84376861912922463
0.95012742298237807 0.9307059919892996 0.92529013819446404 0.90675956555740311 0.85748438472084942 0.80882063437951801 0.75772082338265967
0.91158323504010053 0.87050063725170401 0.85862382390859049 0.81831881053382793 0.72851131322291673 0.66603344809474507 0.59828986107955018
0.80046132667080661 0.71184537561769234 0.68691461332419068 0.61749021783113922 0.5222350718071368 0.47781965778279339 0.44127836094136624
0.98014934646801422 0.97543991634778993 0.97456521807797869 0.97120007929000762 0.96128295539474995 0.95191106313031082 0.93532714273999484
0.97983853194054549 0.97515689411954376 0.97342340410486461 0.97153558442568744 0.96002354017248703 0.94990840749421068 0.9328302868093008
0.97854856794754852 0.9733111080823782 0.97173653484694011 0.96832602073623719 0.95739813793716877 0.94399336346142759 0.92581922911123016
0.97620566700457367 0.97002742590210234 0.96787443843802434 0.96441019064615141 0.9498891999970257 0.93423121021545164 0.91306105613266308
0.97206312271464723 0.96354914180018547 0.96260936463980418 0.95577394906327018 0.93727076216324723 0.91929034923527542 0.88842964245346678
0.96473713140685724 0.95302957845661174 0.95019580493530109 0.93884496978956067 0.91062660582617438 0.88280629910406927 0.84376861912922463
0.95012742298237807 0.9307059919892996 0.92529013819446404 0.90675956555740311 0.85748438472084942 0.80882063437951801 0.75772082338265967
0.91158323504010053 0.87050063725170401 0.85862382390859049 0.81831881053382793 0.72851131322291673 0.66603344809474507 0.59828986107955018
0.80046132667080661 0.71184537561769234 0.68691461332419068 0.61749021783113922 0.5222350718071368 0.47781965778279339 0.44127836094136624
0.98151314871164097 0.97685077517043117 0.97603868971366292 0.9728720044983783 0.96290084771904827 0.95309853635553066 0.93589887667925575
0.98121955210719247 0.97606769103738567 0.97506947970644775 0.97155444102838096 0.96229492718967102 0.95138661721773177 0.93565993971743155
0.98006281261283468 0.9747654186326109 0.97391606813770437 0.96947407288720622 0.95878838384380682 0.94557223840120463 0.93214080201903227
0.97784960063786441 0.97180871877362762 0.97000861048492393 0.96521872231525274 0.95132545324928941 0.93781383084479375 0.91734005707892841
0.97382398955774496 0.96574969415575884 0.96427656051350552 0.95803183041518492 0.93939582644803821 0.92034174197388252 0.89328627299931185
0.96707351916236106 0.9555882197321558 0.95265785292009009 0.94266915360701398 0.91417498316359092 0.88560335287981673 0.847086633973546
0.95338714009602832 0.93428630600469165 0.92892063584792584 0.91098399128612662 0.8601534209728593 0.81502787478246685 0.76063969693236133
0.91717162440970801 0.87696207737253773 0.86431351966936754 0.82303130558985593 0.73098192026555064 0.66659227296631984 0.60118384301821703
0.81081813766305932 0.72100420561892786 0.69390564542362143 0.62239869135789461 0.5205909686490765 0.4773649231559321 0.44051789567141797
0.98151314871164097 0.97685077517043117 0.97603868971366292 0.9728720044983783 0.96290084771904827 0.95309853635553066 0.93589887667925575
0.98121955210719247 0.97606769103738567 0.97506947970644775 0.97155444102838096 0.96229492718967102 0.95138661721773177 0.93565993971743155
0.98006281261283468 0.9747654186326109 0.97391606813770437 0.96947407288720622 0.95878838384380682 0.94557223840120463 0.93214080201903227
0.97784960063786441 0.97180871877362762 0.97000861048492393 0.96521872231525274 0.95132545324928941 0.93781383084479375 0.91734005707892841
0.97382398955774496 0.96574969415575884 0.96427656051350552 0.95803183041518492 0.93939582644803821 0.92034174197388252 0.89328627299931185
0.96707351916236106 0.9555882197321558 0.95265785292009009 0.94266915360701398 0.91417498316359092 0.88560335287981673 0.847086633973546
0.95338714009602832 0.93428630600469165 0.92892063584792584 0.91098399128612662 0.8601534209728593 0.81502787478246685 0.76063969693236133
0.91717162440970801 0.87696207737253773 0.86431351966936754 0.82303130558985593 0.73098192026555064 0.66659227296631984 0.60118384301821703
0.81081813766305932 0.72100420561892786 0.69390564542362143 0.62239869135789461 0.5205909686490765 0.4773649231559321 0.44051789567141797
0.98747126712233313 0.9830382914072302 0.98203373277943917 0.97884906425197438 0.9687743767767889 0.9583133252898357 0.94194762873229054
0.98728637351386395 0.98276147740718833 0.98180276932985278 0.97833117831624539 0.96996722804758506 0.95610098052164194 0.94266375666866131
0.98645913226677084 0.98169381337312545 0.98049939891989035 0.97767489047372569 0.96521742111672038 0.9518547029227955 0.93599337279487793
0.98497012113076277 0.97887786973675817 0.97804222075018388 0.97319846482677663 0.95989122466048726 0.94557898076462676 0.92253641627134786
0.98229063986634579 0.97487749602475682 0.97285884588292126 0.96720199239587834 0.94708188588064046 0.92546261202842817 0.89708289550561027
0.9775983996098746 0.96659910386797154 0.96395877929591112 0.95294860848266594 0.92424642312537875 0.89600246777563441 0.85369692173561174
0.96811091206628674 0.94931219495418517 0.94365349501334672 0.92625604113263471 0.87211116500972952 0.82861268917513642 0.77021214051860731
0.94240783280369111 0.90299218075148791 0.89001585125835714 0.84282039821671595 0.75147359624904675 0.6809525690399747 0.60844692032600312
0.86311977071302892 0.76768785437309928 0.73491365518007212 0.64984472790312764 0.53642369199535356 0.48530216653420527 0.44568283373608369
0.99310543674618335 0.9890848645397573 0.9881752315058755 0.98471598729871535 0.97492462191668994 0.96435100740335522 0.94834336851834644
0.99298929834203309 0.98904925443268732 0.98814031929300228 0.98500373157898968 0.97429226551539005 0.9626081640663362 0.94520087064792713
0.9925880361447309 0.98811411948308137 0.98687853306325457 0.98287850407555788 0.97090380073710403 0.95996764804365231 0.9393168053941634
0.9916706884329497 0.98607983311056691 0.9848157643585479 0.9799210553938198 0.96737676536197681 0.95150523331707093 0.9278220182684026
0.99020482627517981 0.98333163948476676 0.98182180744653147 0.97498895287023501 0.95590085981589434 0.93510825642457496 0.90434727501352496
0.98756483582282395 0.9778516241807651 0.97423475369643542 0.96419807033411264 0.93512174465865328 0.9025183221654578 0.862468461351108
0.98227725863664173 0.9655727370844277 0.95964186209861368 0.94042194972566651 0.8864992604898736 0.83807066869744151 0.77484552455590272
0.96769276261992931 0.93036190962430187 0.91750259126207678 0.87097681055178755 0.76505190323957051 0.69143445979715534 0.61446333357453109
0.91970674066065794 0.82316871018896132 0.78447138474380307 0.6802623997020153 0.54482069014952539 0.48690286226521046 0.44390307955588604
0.99418025103081842 0.99026717497844452 0.98941283979012107 0.9861333606690309 0.97620080428285982 0.96561480380972187 0.94893387386522587
0.99406073153551988 0.98995070757845027 0.98873517570652492 0.98523051999330691 0.97529928267255217 0.96501116292872846 0.94824805928825184
0.99373091360218579 0.98909350930380158 0.98817377832543529 0.98449916294179052 0.97251454535396886 0.95987186472293029 0.94153986751671104
0.99301654730794486 0.98789214503417089 0.9862620078641966 0.98163171780157676 0.96698041401062207 0.95301275547112685 0.92971763182394462
0.99175449579976005 0.98491416079873084 0.9827030212687099 0.97624304105280946 0.95677596739489357 0.93613558412507147 0.90644062784386592
0.9894971842883844 0.97979397557673398 0.97678968324204996 0.96662225111223565 0.93513015023887958 0.9063856933498271 0.86349408766098124
0.98502675678799068 0.96870765118810143 0.96319282029352893 0.94298876834692491 0.88783406848879198 0.84204207965990374 0.77899123009471793
0.97262151107628469 0.93635464426617976 0.92271591645626305 0.87588110717271017 0.76656884178304419 0.69266561542024407 0.61740973236243391
0.93150028204372692 0.83605411312732714 0.79430381376127579 0.6873703281969753 0.54695835179581187 0.49043963263843482 0.44589472275162817
0.99495326864965394 0.99109595880453305 0.99015110869049605 0.98680209976999489 0.97729464721415271 0.96607216420862185 0.95081853522128879
0.99486248787798259 0.991144521720005 0.9897248702856557 0.98641472448796719 0.97656633711975005 0.96600937459733238 0.94707651196183684
0.99451424338167616 0.9901344294016392 0.98906660192190443 0.98488597339377415 0.97374371009278782 0.96226542490447908 0.94141334425966927
0.993909954221876 0.98858202068719525 0.98780369267263668 0.98262019275907064 0.96785367970495095 0.95384540310784427 0.93030628223830869
0.99282727149887406 0.98611899071069442 0.9838207895074822 0.97851811930074872 0.95952262319604287 0.93789256274577637 0.90698421488500536
0.9908649096066815 0.98111902849681498 0.97879261254643024 0.96753642436309584 0.93640049735558284 0.90945285328736591 0.86366521667423835
0.986955987746998 0.97054249864365749 0.96528786873070982 0.9450552033221773 0.88987058963357912 0.84625560065646543 0.78039601566321359
0.97617525836163621 0.94112180227000453 0.9272142712034559 0.87918710245831377 0.77064698048092439 0.69309020230659657 0.61772399271503931
0.93975405134247969 0.84483054380845368 0.80503541616333374 0.69319209353262201 0.54743450596293242 0.49303041913452739 0.44503816768515497
0.9949356440451842 0.99105791826940792 0.99017320869168257 0.98687839092731744 0.97708271167398597 0.96630627284327797 0.94985368559610373
0.9948281722419593 0.99099339933292685 0.98976324472229205 0.98603987716266062 0.9763291738150337 0.96566921465636735 0.9484983064217869
0.99450278094353495 0.99005290422662473 0.98918491961015087 0.98536630142445636 0.97342138038006165 0.96171608025286826 0.94169865206396952
0.99390781479981782 0.98866623552971789 0.98737272663123354 0.98241746812163788 0.96816501014885048 0.95330106297664541 0.93023133860594798
0.99280301681885641 0.98607889023485518 0.98399197856070053 0.97807703365143828 0.95826936132520502 0.9380202744361501 0.90772438524594012
0.99083092318415589 0.98142868990003151 0.97849067324291339 0.96749142244119113 0.93666822647699333 0.90835483352508017 0.8646182084476165
0.98691091381978391 0.97078821266719606 0.96524017936309869 0.94476786776545252 0.89096690546777002 0.84450030685393551 0.7804631892952919
0.97611046785421773 0.94063767614347482 0.92738472979284636 0.87891466689844933 0.76969379234906121 0.6951672992649085 0.61730437051384279
0.93968753531981453 0.84472802365090982 0.80267691999931379 0.69233800742328799 0.54837953104475512 0.49274382478966627 0.44675600075412736
0.9989414372181159 0.99605119661329011 0.99492244308861144 0.99171128567247269 0.98247816461179094 0.97050711128947986 0.95413426185693895
0.99893297303685902 0.99572082745407209 0.99545583599546039 0.99173593690002459 0.98044956793338134 0.97138035859485083 0.95529824949785913
0.99885295488612291 0.99546670828563288 0.99448228762486401 0.99076372553374348 0.97862086832852224 0.96790700715767408 0.9484845250700531
0.99871114342738188 0.99469678794394945 0.99351241784542021 0.98892615565662056 0.97322490847204346 0.96122960638349808 0.93687612253437036
0.99850678699141571 0.99379406071769616 0.99257811900439774 0.9853458608568828 0.96656913749435169 0.94493095088798595 0.91393351485186303
0.99807511378161684 0.99122598187849276 0.98835016990555691 0.97716616030197534 0.94534620165294103 0.91773824219930833 0.87226240416128353
0.99724149471125478 0.98567283122115901 0.98075392077167067 0.95988064353530134 0.90251886073519394 0.8555822619135085 0.79188348561431265
0.99490202702229524 0.96994889339942048 0.95379414842706634 0.90002460200508327 0.78464950785455179 0.70642957819740337 0.62385363946349504
0.98676558486543886 0.9066026290221092 0.85829596312796164 0.72484063897137074 0.55376088075649943 0.4929691561804595 0.44653786899194553
0.91909729102875504 0.91262321345071407 0.9114020660183425 0.90788381572226107 0.89746349331796871 0.88741151146714226 0.87221089989567946
0.91758423433946479 0.91103288942405369 0.9097209126930409 0.9064515953415776 0.89696982305479511 0.88702246617477409 0.87320614256572915
0.91317459474042983 0.90573876904204731 0.9046702449652223 0.90138539309894328 0.89017311527987741 0.87826084707234764 0.86014156945375164
0.90399873033906608 0.89583660292679979 0.89425223611756621 0.88946443231908368 0.87732721868639507 0.86270743724555732 0.84364484045263832
0.88918202209727693 0.87888248875109964 0.87693578835944208 0.87138156790558685 0.85364212668360062 0.83632811596624168 0.81324902534817745
0.86337480004679013 0.84920386306918094 0.84680847597842124 0.83860889906988323 0.81539902663123531 0.79134522286002484 0.7587288217440481
0.81561100594245006 0.79484047469373975 0.79031017878153609 0.77734947297044577 0.74102877905842934 0.71020272572425702 0.66918174824217713
0.70954141539111781 0.67601516903736936 0.66966932255199574 0.64688436052611342 0.60063537143841383 0.56055320309069978 0.52332535321962315
0.52662190465711689 0.49163015120378795 0.48624940841599462 0.47009874561186343 0.43960599110872595 0.42218852940226437 0.40023246783924543
0.95872520815402618 0.95308368297496404 0.95216597362595834 0.9485934790013576 0.93935570621684483 0.92984770264793715 0.91297043089826835
0.95803607259918289 0.95210242144447232 0.95101411269729208 0.94771058728081758 0.93668061417434045 0.92603536321857371 0.91195593802843666
0.95551799313966779 0.94950217680473825 0.94799647235986528 0.94467972297913327 0.93260006474298807 0.91932412487692305 0.90275098688476751
0.9508125509391222 0.9434077467523444 0.94220476437727396 0.93645948998309358 0.92403287719317895 0.9092375307772339 0.88981622582736808
0.94251920755239149 0.93308469618307843 0.93099941472221737 0.92511300834809806 0.90490482179184861 0.88717739707720056 0.86257745354444937
0.928011367740182 0.91474602954419726 0.91186909191791554 0.90253016250306584 0.8753814999882239 0.84950201620694932 0.81132029775484016
0.90000236045540805 0.87891113731326476 0.87366885417773366 0.85599695420102229 0.81307933577128888 0.77402743684889619 0.7245175905755209
0.83032897359221736 0.79019463617140828 0.7805100702360972 0.74951350824640783 0.67485393154598061 0.62367683416305286 0.56830115653504865
0.66391822980386728 0.59959956774241452 0.58617855397572427 0.54659325370208245 0.48626861516617725 0.45594842461004198 0.42755181429080746
0.99836449218016743 0.9950933244502066 0.99410171066388919 0.99104697959242372 0.98115143296612983 0.97031284193858469 0.95415938295597369
0.99834348674278139 0.99518182718741011 0.99441841614891324 0.9916553461885651 0.98107091147244341 0.97020164112133001 0.95099243211892126
0.99822192707428892 0.99468662789802476 0.99403863025747752 0.98964488352610569 0.9763942649451548 0.9660053256814688 0.94660349439189373
0.99801529575058778 0.99395060019653658 0.99282387704646613 0.98768432962907127 0.97487314162585537 0.95901635638436333 0.93314372757964892
0.99769466443425503 0.99300825365019629 0.99054864500785333 0.98348077755012131 0.9637050639889625 0.94391136408052811 0.91215097078324914
0.997081087252083 0.98949693489563073 0.98632481409016926 0.97582322012567047 0.94400172085063161 0.91659111107885494 0.8736519377676879
0.99573934260282193 0.98377131338509449 0.97694117126465663 0.95725076328642666 0.90355847674362644 0.85085065956868799 0.79036504860124934
0.99223465509836073 0.96418934473944196 0.94725347792242087 0.89534754018536145 0.78106421349102428 0.70671566073540848 0.62394963220819633
0.97993216782415415 0.8962047939071125 0.84930167622983266 0.71492369718809878 0.55822694406808482 0.49573184898152106 0.44771582323377052
0.99944153204013131 0.99703124454075132 0.99593146154991929 0.99252874447693473 0.98294914514494736 0.97283174270804351 0.95562924178966935
0.99947139886735215 0.99679035499048885 0.99600941684706257 0.99339783431710338 0.98279444432137819 0.97123324107988329 0.95412006664087057
0.99943230370532199 0.99682640424258007 0.99559296977404443 0.9921251627094313 0.98124285623156915 0.96696253693784917 0.94880385692644587
0.99936954763730734 0.99597909623994618 0.99505482615456553 0.99058628609248789 0.97498016509600627 0.96093674328559819 0.93744775339760877
0.99923806199047693 0.99534839830735422 0.99333991771806196 0.98668501872851055 0.96799113968751038 0.94606125907450278 0.91600471674860651
0.99899944566821597 0.99282238588206018 0.99061343952036074 0.98070800749176634 0.948687286841567 0.91843358342144121 0.87345822242689364
0.99859221471497372 0.98907063030980891 0.98356392171287166 0.9628303132881284 0.90585456867575742 0.85805871197907924 0.79466871277191031
0.99738772621966421 0.97502370749240741 0.96042128665541182 0.90820642833336018 0.78848293301357197 0.70626387586256978 0.6272546196450457
0.99315124574894798 0.92165893969522961 0.86756303994893547 0.72821779760943994 0.5576859367993755 0.49510840428201269 0.44741515211809924
0.99980849932337768 0.99810546881246864 0.99703251387162728 0.99314358781247281 0.98130078172486324 0.9684603267852292 0.94912899987910437
0.99980070538131394 0.99806569475869689 0.99703342581321286 0.99295743011900195 0.98086791410415863 0.96791972197580678 0.94771985968250372
0.99978803790206139 0.99794980553976853 0.9967505512707876 0.99208380721494838 0.97923985372636235 0.9647746641317978 0.94206862669547076
0.99977162601892389 0.99761021214112344 0.9963398056345909 0.99093157838198198 0.97479215403992858 0.95818177682882189 0.93077561238957796
0.99972249735988195 0.99672023498226148 0.99503450058885601 0.98797115582208073 0.9653785140828548 0.94210383310960344 0.90807778802244754
0.99965494231839225 0.99566907990453324 0.99234451991315753 0.98199882870212463 0.94722680378874591 0.91399270115589526 0.86369444471596457
0.99948741073164915 0.99250157770452929 0.98683086578753787 0.96397377598183642 0.90295706763352623 0.84956015501403548 0.77909261181558864
0.99906012695216606 0.98302214140016009 0.96501063354172589 0.90961758595198761 0.78106542341447083 0.69292196644040394 0.60649796366973097
0.99758128608747831 0.94113378238424206 0.88368380123560186 0.73280081573600642 0.54467314968606784 0.47890341405684184 0.42626931456365214
0.9774680915311843 0.97266839753147971 0.97171922001714983 0.96830820480999169 0.95829894405866334 0.94864146482698186 0.93294004900123861
0.97709077040783276 0.97222383474411334 0.97092751141939859 0.96831405818877336 0.9583925486368019 0.94743518519976144 0.92962333431049526
0.97567018384669679 0.97027685502915317 0.9689327208236318 0.96541287933794184 0.95351391110849559 0.94270676846126178 0.92315961007800973
0.97300709353388548 0.96658042737316208 0.9647734330630191 0.96041119523770657 0.94662118650254556 0.93229987028871331 0.91000117670814396
0.96830342237385092 0.95984104306089013 0.95824971265474768 0.95152590228486778 0.93311798346705366 0.9130522881020966 0.88482651600638196
0.96013211718371383 0.94814393169072053 0.94539615176123981 0.93500372713117308 0.90621154328213838 0.88040730502081765 0.84043847400400029
0.94366473753836677 0.92391098998161281 0.91790378659079674 0.90012370062182956 0.85333499888486353 0.80907803774641329 0.7509955616165509
0.90074426922367923 0.85883444104036799 0.8477543019455428 0.80956463855945404 0.72142148324314848 0.65895433553985394 0.59499836723729249
0.7798297126076319 0.69411188248441646 0.67025039565490729 0.60679184482990678 0.51500953251432424 0.47402261255539352 0.4384292528124763
0.99276760176868717 0.98870558798851216 0.98776948667685727 0.98431764946406164 0.97451947167562569 0.96388715329530961 0.94753293643976599
0.99262480135777531 0.98849216173159371 0.98764721261312394 0.98434765396461366 0.97322209995846565 0.96319128521066155 0.94576097537314041
0.99221807545037211 0.98761332186528317 0.98648750112027384 0.98242780851624101 0.97030534331188745 0.95918629174286318 0.93898201016267802
0.99126923840177916 0.98574627014827343 0.98436074654826222 0.97961893055144533 0.9658688292910721 0.95022648012411925 0.92805320410316516
0.98972986516771966 0.98264497228167369 0.98116344717769821 0.9745987012545726 0.95503253372343544 0.93429604187198079 0.90483344670748678
0.9869322579677221 0.97708083097066201 0.97393540612115548 0.96358594776802164 0.93334485071230533 0.90334050476063954 0.86194964064735646
0.98140766891912634 0.96465281963068328 0.95827907387835276 0.93883286139617439 0.8851954600065447 0.83928448642472731 0.77585154224455688
0.96614591844444397 0.92855085330218523 0.91492526671896102 0.86856311332889746 0.76326650723111333 0.69057858009742379 0.61421641696473728
0.91604041808958503 0.8195561051984126 0.78154412099242943 0.67951450140547565 0.54334409246400117 0.48860645804643554 0.44358427416198815
