-0.168651
0.549760
-0.005364
0.997751
-0.000018
0.995520
2.755601
0.000000
0.000000
0.000000
0.000000
0.000000
0.000000
0.000000
0.000000
0.000000
0.000000
0.000000
0.000000
0.008887
0.243450
-0.086680
0.008827
1.102706
-0.150996
-0.015240
-0.186546
0.012890
0.012411
-0.000000
0.822470
0.943846
0.694889
6.8800409590362 
-0.207890349887236
0.00247144791953056
-1.33983685361717e-005
2.79123810755465e-008
0.000238
-0.003341
-0.003700
-0.001111
-0.000015
-0.002434
0.028982
-0.008295
-0.039481
-0.058400
-0.021912
