0.000000
0.000000
-0.002666
0.999901
0.000000
0.000000
0.000000
0.000000
0.000000
0.000000
0.000000
0.000000
0.000000
0.000000
0.000000
0.000000
0.000000
0.000000
0.000000
0.098522
0.136324
-0.048986
0.071745
1.134012
-0.162371
-0.190038
-0.310518
0.235162
0.168046
-0.000000
1.050833
0.923136
0.715003
  6.49980744141812 
  -0.200869637683219   
  0.00245814836575456  
  -1.379594464199e-005 
  2.98285761004519e-008
  -0.007688
-0.024555
-0.019075
-0.002261
-0.008519
0.012415
0.019575
-0.007753
-0.030842
-0.036669
-0.010739
