-0.002574
0.867761
-0.005364
0.997751
-0.000018
0.995520
2.755601
0.000000
0.000000
0.000000
0.000000
0.000000
0.000000
0.000000
0.000000
0.000000
0.000000
0.000000
0.000000
0.006762
0.236634
-0.083122
0.007299
1.099950
-0.143009
-0.012333
-0.180514
0.008055
0.007811
0.000000
0.767404
0.945654
0.692226
6.92378732745347
-0.207670802154627 
0.00244804010991433
-1.31469843120951e-005 
2.71245592247196e-008
0.000849
-0.002369
-0.002731
-0.001026
-0.000006
-0.002174
0.040991
-0.007875
-0.040060
-0.063441
-0.025589
