-0.002170
0.761757
-0.005364
0.997751
-0.000018
0.995520
2.755601
0.000000
0.000000
0.000000
0.000000
0.000000
0.000000
0.000000
0.000000
0.000000
0.000000
0.000000
0.000000
0.009971
0.245897
-0.087963
0.009591
1.103862
-0.154262
-0.016746
-0.189151
0.015725
0.015086
-0.000000
0.846223
0.943052
0.695960
6.8800409590362
-0.207890349887236 
0.00247144791953056 
-1.33983685361717e-005
2.79123810755465e-008
-0.000232
-0.003873
-0.004179
-0.001134
-0.000021
-0.002613
0.025992
-0.008469
-0.039233
-0.056415
-0.020537
