-0.000210
0.836018
-0.044337
0.999601
-0.000233
0.472480
1.947587
0.000000
0.000000
0.000000
0.000000
0.000000
0.000000
0.000000
0.000000
0.000000
0.000000
0.000000
0.000000
0.025092
0.235644
-0.084485
0.018272
1.112285
-0.167223
-0.043386
-0.211177
0.043772
0.039874
0.000000
0.939192
0.936932
0.702789
 6.75804546238563
 -0.206107905412495
 0.00247864320752011
 -1.36206112551809e-005
 2.87893366889704e-008
-0.001429
-0.008797
-0.008395
-0.001763
-0.000181
-0.004644
0.026563
-0.008602
-0.036417
-0.047555
-0.015576
