-0.002346
0.697320
-0.005364
0.997751
-0.076437
0.356590
2.213197
0.000000
0.000000
0.000000
0.000000
0.000000
0.000000
0.000000
0.000000
0.000000
0.000000
0.000000
0.000000
0.016291
0.245158
-0.089276
0.012811
1.107823
-0.161024
-0.028573
-0.199050
0.026032
0.024403
0.000000
0.892297
0.940141
0.699529
 6.81978536450921
 -0.207000092298039
 0.00247468369477262
 -1.35049377223784e-005
 2.83353839433975e-008
 -0.000299
-0.005846
-0.005741
-0.001382
-0.000064
-0.003651
0.028482
-0.008569
-0.037863
-0.051861
-0.017899
