-0.000210
0.836018
-0.006223
0.999723
-0.308167
0.413470
2.151506
0.000000
0.000000
0.000000
0.000000
0.000000
0.000000
0.000000
0.000000
0.000000
0.000000
0.000000
0.000000
0.016233
0.245263
-0.089346
0.012772
1.107803
-0.160986
-0.028501
-0.198993
0.025887
0.024277
0.000000
0.891992
0.940162
0.699512
 6.82006064017316
 -0.207002002964782
 0.00247461391979327
 -1.35039767629431e-005
 2.83320930369698e-008
-0.000280
-0.005819
-0.005710
-0.001377
-0.000064
-0.003630
0.028479
-0.008569
-0.037873
-0.051892
-0.017916
