0.000000
0.000000
-0.020891
0.999390
0.000000
0.000000
0.000000
0.000000
0.000000
0.000000
0.000000
0.000000
0.000000
0.000000
0.000000
0.000000
0.000000
0.000000
0.000000
0.073396
0.166631
-0.056878
0.049864
1.132247
-0.168836
-0.131500
-0.276780
0.154702
0.121499
0.000000
1.029233
0.927136
0.711737
 6.57428560963057
 -0.202585078770926
 0.00246920234167072
 -1.37889505881679e-005
 2.96520410827765e-008
-0.006703
-0.021516
-0.018133
-0.002588
-0.003102
-0.000391
0.022338
-0.008096
-0.032334
-0.039030
-0.011661
