-0.000949
0.883966
-0.105489
0.999648
0.000000
0.000000
0.000000
0.000000
0.000000
0.000000
0.000000
0.000000
0.000000
0.000000
0.000000
0.000000
0.000000
0.000000
0.000000
0.046025
0.205005
-0.070518
0.032047
1.122610
-0.170775
-0.081344
-0.241992
0.088199
0.075129
0.000000
0.992453
0.931798
0.707332
6.66070700051158
-0.204340768603932
0.00247607962142599
-1.3730095415227e-005
2.93029790786338e-008
-0.003392
-0.014741
-0.013456
-0.002361
-0.000888
-0.004524
0.025154
-0.008395
-0.034212
-0.042508
-0.013167
