      390.000     0.09583701193     0.69542831182     0.01886229590     0.74169874191
      391.000     0.09786385298     0.69679641724     0.01938551664     0.73724085093
      392.000     0.10141876340     0.69816416502     0.01993558370     0.73298382759
      393.000     0.10431490839     0.69953185320     0.02051126026     0.72891455889
      394.000     0.10648954660     0.70089912415     0.02111129090     0.72502106428
      395.000     0.10799557716     0.70226621628     0.02173442207     0.72129178047
      396.000     0.11007346958     0.70363301039     0.02237941325     0.71771579981
      397.000     0.11243300885     0.70499968529     0.02304501273     0.71428245306
      398.000     0.11516829580     0.70636618137     0.02372997440     0.71098166704
      399.000     0.11891568452     0.70773249865     0.02443304099     0.70780408382
      400.000     0.12272684276     0.70909845829     0.02515297011     0.70474046469
      401.000     0.12652896345     0.71046441793     0.02588851005     0.70178163052
      402.000     0.12983076274     0.71183019876     0.02663841657     0.69891935587
      403.000     0.13278530538     0.71319586039     0.02740143426     0.69614517689
      404.000     0.13522635400     0.71456134319     0.02817631513     0.69345146418
      405.000     0.13762751222     0.71592670679     0.02896181494     0.69083011150
      406.000     0.14044781029     0.71729207039     0.02975668572     0.68827378750
      407.000     0.14337271452     0.71865719557     0.03055966459     0.68577551842
      408.000     0.14669463038     0.72002238035     0.03136951849     0.68332797289
      409.000     0.15034125745     0.72138744593     0.03218499571     0.68092453480
      410.000     0.15372684598     0.72275263071     0.03300484270     0.67855840921
      411.000     0.15693256259     0.72411757708     0.03382781148     0.67622339725
      412.000     0.15840692818     0.72548252344     0.03465265408     0.67391300201
      413.000     0.16066424549     0.72684758902     0.03547811881     0.67162126303
      414.000     0.16411170363     0.72821247578     0.03630296141     0.66934221983
      415.000     0.16796262562     0.72957760096     0.03712593392     0.66706997156
      416.000     0.17098702490     0.73094266653     0.03794577718     0.66479903460
      417.000     0.17381352186     0.73230773211     0.03876125440     0.66252392530
      418.000     0.17611907423     0.73367285728     0.03957110643     0.66023933887
      419.000     0.17772266269     0.73503804207     0.04037409276     0.65793997049
      420.000     0.17973729968     0.73640340567     0.04116896167     0.65562093258
      421.000     0.18170782924     0.73776876926     0.04195445403     0.65327739716
      422.000     0.18423478305     0.73913431168     0.04272934049     0.65090453625
      423.000     0.18724483252     0.74049991369     0.04349235445     0.64849781990
      424.000     0.19059291482     0.74186563492     0.04424226284     0.64605289698
      425.000     0.19398678839     0.74323165417     0.04497780278     0.64356553555
      426.000     0.19687193632     0.74459767342     0.04569773376     0.64103168249
      427.000     0.19946433604     0.74596393108     0.04640079662     0.63844752312
      428.000     0.20183429122     0.74733042717     0.04708576202     0.63580924273
      429.000     0.20382016897     0.74869704247     0.04775135592     0.63311326504
      430.000     0.20602788031     0.75006389618     0.04839634895     0.63035649061
      431.000     0.20839056373     0.75143104792     0.04901948199     0.62753558159
      432.000     0.21081104875     0.75279825926     0.04961951450     0.62464767694
      433.000     0.21338084340     0.75416588783     0.05019518733     0.62168997526
      434.000     0.21575468779     0.75553369522     0.05074525625     0.61865997314
      435.000     0.21872533858     0.75690186024     0.05126847699     0.61555534601
      436.000     0.22204057872     0.75827026367     0.05176359043     0.61237406731
      437.000     0.22564855218     0.75963896513     0.05222935602     0.60911417007
      438.000     0.22947683930     0.76100802422     0.05266452581     0.60577398539
      439.000     0.23290520906     0.76237732172     0.05306784064     0.60235214233
      440.000     0.23569296300     0.76374709606     0.05343805626     0.59884744883
      441.000     0.23871324956     0.76511710882     0.05377393216     0.59525883198
      442.000     0.24147357047     0.76648753881     0.05407421291     0.59158563614
      443.000     0.24424724281     0.76785838604     0.05433769524     0.58782762289
      444.000     0.24753125012     0.76922857761     0.05456434190     0.58399307728
      445.000     0.25104558468     0.77059674263     0.05475527793     0.58009749651
      446.000     0.25466555357     0.77196091413     0.05491166562     0.57615649700
      447.000     0.25856995583     0.77331948280     0.05503466725     0.57218462229
      448.000     0.26220780611     0.77467077971     0.05512546003     0.56819599867
      449.000     0.26585698128     0.77601295710     0.05518520623     0.56420397758
      450.000     0.26946547627     0.77734452486     0.05521508306     0.56022113562
      451.000     0.27288678288     0.77866351604     0.05521624908     0.55625945330
      452.000     0.27663767338     0.77996832132     0.05518987775     0.55233031511
      453.000     0.28049704432     0.78125733137     0.05513713881     0.54844427109
      454.000     0.28425920010     0.78252869844     0.05505919456     0.54461151361
      455.000     0.28756561875     0.78378075361     0.05495721474     0.54084146023
      456.000     0.29085865617     0.78501176834     0.05483237654     0.53714305162
      457.000     0.29390147328     0.78622001410     0.05468583107     0.53352481127
      458.000     0.29690542817     0.78740388155     0.05451876298     0.52999448776
      459.000     0.30027833581     0.78856152296     0.05433232710     0.52655965090
      460.000     0.30393683910     0.78969126940     0.05412770808     0.52322745323
      461.000     0.30768814683     0.79079145193     0.05390606448     0.52000451088
      462.000     0.31177434325     0.79186034203     0.05366855487     0.51689732075
      463.000     0.31580975652     0.79289621115     0.05341636389     0.51391190290
      464.000     0.31933167577     0.79389739037     0.05315065384     0.51105421782
      465.000     0.32259735465     0.79486203194     0.05287259072     0.50832986832
      466.000     0.32559064031     0.79578852654     0.05258334428     0.50574439764
      467.000     0.32848635316     0.79667514563     0.05228408054     0.50330311060
      468.000     0.33119207621     0.79752027988     0.05197597668     0.50101131201
      469.000     0.33408120275     0.79832202196     0.05166019499     0.49887415767
      470.000     0.33686324954     0.79907876253     0.05133789405     0.49689704180
      471.000     0.34002047777     0.79978883266     0.05101025850     0.49508509040
      472.000     0.34309577942     0.80045038462     0.05067844316     0.49344375730
      473.000     0.34604772925     0.80106186867     0.05034362897     0.49197849631
      474.000     0.34892538190     0.80162137747     0.05000697449     0.49069496989
      475.000     0.35169506073     0.80212736130     0.04966965318     0.48959904909
      476.000     0.35424655676     0.80257803202     0.04933282733     0.48869693279
      477.000     0.35678622127     0.80297178030     0.04899767414     0.48799502850
      478.000     0.35932025313     0.80330675840     0.04866535217     0.48750030994
      479.000     0.36185544729     0.80358135700     0.04833703861     0.48722004890
      480.000     0.36416861415     0.80379366875     0.04801389948     0.48716205359
      481.000     0.36602923274     0.80394220352     0.04769710079     0.48733481765
      482.000     0.36764076352     0.80402523279     0.04738780484     0.48774731159
      483.000     0.36892819405     0.80404084921     0.04708718881     0.48840954900
      484.000     0.36978620291     0.80398756266     0.04679641873     0.48933207989
      485.000     0.37077468634     0.80386352539     0.04651666060     0.49052658677
      486.000     0.37153258920     0.80366712809     0.04624909163     0.49200567603
      487.000     0.37223091722     0.80339646339     0.04599486291     0.49378347397
      488.000     0.37287017703     0.80305004120     0.04575515911     0.49587509036
      489.000     0.37334048748     0.80262601376     0.04553113878     0.49829742312
      490.000     0.37357237935     0.80212277174     0.04532397538     0.50106889009
      491.000     0.37288537621     0.80131268501     0.04525877535     0.50520437956
      492.000     0.37186521292     0.80041730404     0.04519978538     0.50973451138
      493.000     0.37058401108     0.79944604635     0.04514573887     0.51464337111
      494.000     0.36899098754     0.79840832949     0.04509538412     0.51991462708
      495.000     0.36752614379     0.79731345177     0.04504745081     0.52553081512
      496.000     0.36564415693     0.79617106915     0.04500067607     0.53147327900
      497.000     0.36360740662     0.79499042034     0.04495379329     0.53772133589
      498.000     0.36132785678     0.79378104210     0.04490555450     0.54425239563
      499.000     0.35903018713     0.79255241156     0.04485467449     0.55104148388
      500.000     0.35648041964     0.79131364822     0.04479990155     0.55806028843
      501.000     0.35416266322     0.79007452726     0.04473998025     0.56527721882
      502.000     0.35177558661     0.78884434700     0.04467362911     0.57265698910
      503.000     0.34946718812     0.78763234615     0.04459959641     0.58016020060
      504.000     0.34742531180     0.78644824028     0.04451662302     0.58774268627
      505.000     0.34525337815     0.78530132771     0.04442343861     0.59535562992
      506.000     0.34318217635     0.78420096636     0.04431877658     0.60294514894
      507.000     0.34125965834     0.78315669298     0.04420138150     0.61045199633
      508.000     0.33958017826     0.78217786551     0.04406998307     0.61781173944
      509.000     0.33783635497     0.78127384186     0.04392332956     0.62495464087
      510.000     0.33633428812     0.78045427799     0.04376014695     0.63180607557
      511.000     0.33575850725     0.77997577190     0.04354201257     0.63660538197
      512.000     0.33550751209     0.77957975864     0.04330488294     0.64099085331
      513.000     0.33534917235     0.77926433086     0.04304931313     0.64495700598
      514.000     0.33541727066     0.77902758121     0.04277584702     0.64850062132
      515.000     0.33585456014     0.77886754274     0.04248503596     0.65162044764
      516.000     0.33656701446     0.77878236771     0.04217743129     0.65431725979
      517.000     0.33763110638     0.77877008915     0.04185358062     0.65659379959
      518.000     0.33894777298     0.77882874012     0.04151402414     0.65845507383
      519.000     0.34047874808     0.77895647287     0.04115931690     0.65990751982
      520.000     0.34212440252     0.77915126085     0.04079001397     0.66095972061
      521.000     0.34395998716     0.77941125631     0.04040665179     0.66162180901
      522.000     0.34591844678     0.77973443270     0.04000978917     0.66190516949
      523.000     0.34810367227     0.78011900187     0.03959996998     0.66182291508
      524.000     0.35064417124     0.78056299686     0.03917774186     0.66138905287
      525.000     0.35338249803     0.78106445074     0.03874365613     0.66061931849
      526.000     0.35638472438     0.78162139654     0.03829825670     0.65952932835
      527.000     0.35961571336     0.78223192692     0.03784210235     0.65813648701
      528.000     0.36306223273     0.78289431334     0.03737572953     0.65645813942
      529.000     0.36683380604     0.78360629082     0.03689969704     0.65451240540
      530.000     0.37074756622     0.78436625004     0.03641454503     0.65231764317
      531.000     0.37485870719     0.78517198563     0.03592082858     0.64989244938
      532.000     0.37920671701     0.78602176905     0.03541909158     0.64725548029
      533.000     0.38371622562     0.78691363335     0.03490988910     0.64442503452
      534.000     0.38840827346     0.78784555197     0.03439376131     0.64142006636
      535.000     0.39331191778     0.78881579638     0.03387126699     0.63825821877
      536.000     0.39832305908     0.78982216120     0.03334294632     0.63495779037
      537.000     0.40351340175     0.79086303711     0.03280935064     0.63153594732
      538.000     0.40882191062     0.79193621874     0.03227102757     0.62800985575
      539.000     0.41424623132     0.79303985834     0.03172852844     0.62439608574
      540.000     0.41991132498     0.79417222738     0.03118240274     0.62071049213
      541.000     0.42582741380     0.79533112049     0.03063319065     0.61696851254
      542.000     0.43195804954     0.79651468992     0.03008145280     0.61318480968
      543.000     0.43808269501     0.79772120714     0.02952773124     0.60937374830
      544.000     0.44423261285     0.79894840717     0.02897257358     0.60554879904
      545.000     0.45045703650     0.80019468069     0.02841653302     0.60172289610
      546.000     0.45670300722     0.80145788193     0.02786015347     0.59790825844
      547.000     0.46315377951     0.80273616314     0.02730398811     0.59411674738
      548.000     0.46965306997     0.80402767658     0.02674857900     0.59035956860
      549.000     0.47617712617     0.80533027649     0.02619448304     0.58664709330
      550.000     0.48282834888     0.80664229393     0.02564224415     0.58298939466
      551.000     0.48954960704     0.80796164274     0.02509240992     0.57939612865
      552.000     0.49623402953     0.80928641558     0.02454553172     0.57587611675
      553.000     0.50289744139     0.81061476469     0.02400215901     0.57243812084
      554.000     0.50974011421     0.81194466352     0.02346283570     0.56909012794
      555.000     0.51660287380     0.81327414513     0.02292811684     0.56583994627
      556.000     0.52357423306     0.81460154057     0.02239854448     0.56269502640
      557.000     0.53053277731     0.81592458487     0.02187467366     0.55966246128
      558.000     0.53746950626     0.81724160910     0.02135704830     0.55674892664
      559.000     0.54434216022     0.81855058670     0.02084621973     0.55396115780
      560.000     0.55102586746     0.81984955072     0.02034273371     0.55130547285
      561.000     0.55611836910     0.82086092234     0.01984314993     0.55021750927
      562.000     0.56131261587     0.82188475132     0.01934209839     0.54915243387
      563.000     0.56644719839     0.82292044163     0.01883992739     0.54811036587
      564.000     0.57176202536     0.82396745682     0.01833699085     0.54709154367
      565.000     0.57707571983     0.82502526045     0.01783364639     0.54609596729
      566.000     0.58246284723     0.82609319687     0.01733024046     0.54512399435
      567.000     0.58769893646     0.82717078924     0.01682712510     0.54417562485
      568.000     0.59307575226     0.82825744152     0.01632465795     0.54325109720
      569.000     0.59847128391     0.82935255766     0.01582319476     0.54235053062
      570.000     0.60359686613     0.83045560122     0.01532307733     0.54147416353
      571.000     0.60875964165     0.83156597614     0.01482466515     0.54062217474
      572.000     0.61407017708     0.83268320560     0.01432831492     0.53979456425
      573.000     0.61921864748     0.83380657434     0.01383437030     0.53899163008
      574.000     0.62437760830     0.83493560553     0.01334318891     0.53821361065
      575.000     0.62955898046     0.83606976271     0.01285512373     0.53746056557
      576.000     0.63446021080     0.83720839024     0.01237052772     0.53673273325
      577.000     0.63946431875     0.83835095167     0.01188975107     0.53603029251
      578.000     0.64428341389     0.83949702978     0.01141315047     0.53535336256
      579.000     0.64913988113     0.84064584970     0.01094107516     0.53470224142
      580.000     0.65404021740     0.84179687500     0.01047387905     0.53407704830
      581.000     0.65893411636     0.84294956923     0.01001191512     0.53347802162
      582.000     0.66383963823     0.84410345554     0.00955553539     0.53290534019
      583.000     0.66865098476     0.84525781870     0.00910509471     0.53235924244
      584.000     0.67338073254     0.84641218185     0.00866094418     0.53183990717
      585.000     0.67802715302     0.84756594896     0.00822343491     0.53134763241
      586.000     0.68236434460     0.84871864319     0.00779292360     0.53088253736
      587.000     0.68684422970     0.84986954927     0.00736975856     0.53044492006
      588.000     0.69116342068     0.85101824999     0.00695429742     0.53003501892
      589.000     0.69539290667     0.85216397047     0.00654688850     0.52965313196
      590.000     0.69964611530     0.85330629349     0.00614788709     0.52929931879
      591.000     0.70383208990     0.85444468260     0.00575764477     0.52897399664
      592.000     0.70779091120     0.85557848215     0.00537651544     0.52867740393
      593.000     0.71168601513     0.85670715570     0.00500485115     0.52840977907
      594.000     0.71534758806     0.85783022642     0.00464300392     0.52817147970
      595.000     0.71892064810     0.85894691944     0.00429132767     0.52796274424
      596.000     0.72231334448     0.86005687714     0.00395017536     0.52778387070
      597.000     0.72572129965     0.86115938425     0.00361989811     0.52763509750
      598.000     0.72904098034     0.86225390434     0.00330084981     0.52751690149
      599.000     0.73225146532     0.86333990097     0.00299338344     0.52742952108
      600.000     0.73531371355     0.86441695690     0.00269785151     0.52737325430
      601.000     0.73829996586     0.86548423767     0.00241460605     0.52734851837
      602.000     0.74114459753     0.86654132605     0.00214400119     0.52735561132
      603.000     0.74395781755     0.86758756638     0.00188638736     0.52739495039
      604.000     0.74666452408     0.86862254143     0.00164212030     0.52746689320
      605.000     0.74920099974     0.86964547634     0.00141155045     0.52757185698
      606.000     0.75173604488     0.87065601349     0.00119503168     0.52771025896
      607.000     0.75411349535     0.87165349722     0.00099291676     0.52788239717
      608.000     0.75646841526     0.87263727188     0.00080555887     0.52808892727
      609.000     0.75868272781     0.87360686064     0.00063330820     0.52833014727
      610.000     0.76081669331     0.87456166744     0.00047651981     0.52860653400
      611.000     0.76281052828     0.87550127506     0.00033554644     0.52891862392
      612.000     0.76473832130     0.87642490864     0.00021074084     0.52926689386
      613.000     0.76674759388     0.87733209133     0.00010245456     0.52965176105
      614.000     0.76869952679     0.87822216749     0.00001104025     0.53007394075
      615.000     0.77048671246     0.87909477949    -0.00006314693     0.53053379059
      616.000     0.77209347486     0.87994915247    -0.00011975679     0.53103202581
      617.000     0.77365428209     0.88078480959    -0.00015843555     0.53156918287
      618.000     0.77499002218     0.88160109520    -0.00017883105     0.53214579821
      619.000     0.77637797594     0.88239771128    -0.00018058806     0.53276264668
      620.000     0.77764809132     0.88317370415    -0.00016335715     0.53342020512
      621.000     0.77899932861     0.88423383236    -0.00000206078     0.53406029940
      622.000     0.78013437986     0.88529235125     0.00018264478     0.53474640846
      623.000     0.78111237288     0.88634747267     0.00038962087     0.53547763824
      624.000     0.78195381165     0.88739734888     0.00061772706     0.53625345230
      625.000     0.78276890516     0.88844031096     0.00086582411     0.53707301617
      626.000     0.78340280056     0.88947427273     0.00113277289     0.53793567419
      627.000     0.78388553858     0.89049756527     0.00141743268     0.53884083033
      628.000     0.78435528278     0.89150840044     0.00171866547     0.53978765011
      629.000     0.78472518921     0.89250481129     0.00203533075     0.54077553749
      630.000     0.78503459692     0.89348512888     0.00236628950     0.54180389643
      631.000     0.78527003527     0.89444744587     0.00271040131     0.54287183285
      632.000     0.78536957502     0.89538991451     0.00306652836     0.54397892952
      633.000     0.78527599573     0.89631080627     0.00343352929     0.54512447119
      634.000     0.78496879339     0.89720827341     0.00381026603     0.54630762339
      635.000     0.78476363420     0.89808040857     0.00419559795     0.54752790928
      636.000     0.78462910652     0.89892554283     0.00458838604     0.54878455400
      637.000     0.78448277712     0.89974159002     0.00498748943     0.55007696152
      638.000     0.78424310684     0.90052706003     0.00539177144     0.55140447617
      639.000     0.78387844563     0.90127992630     0.00580009166     0.55276626348
      640.000     0.78349667788     0.90199840069     0.00621130783     0.55416172743
      641.000     0.78302353621     0.90268063545     0.00662428327     0.55559021235
      642.000     0.78257465363     0.90332490206     0.00703787804     0.55705094337
      643.000     0.78224939108     0.90392923355     0.00745095173     0.55854314566
      644.000     0.78193455935     0.90449196100     0.00786236580     0.56006616354
      645.000     0.78151327372     0.90501123667     0.00827098079     0.56161928177
      646.000     0.78105401993     0.90548503399     0.00867565535     0.56320178509
      647.000     0.78044641018     0.90591186285     0.00907525141     0.56481266022
      648.000     0.77975434065     0.90628957748     0.00946862902     0.56645137072
      649.000     0.77904546261     0.90661662817     0.00985464826     0.56811690331
      650.000     0.77825236320     0.90689092875     0.01023217198     0.56980860233
      651.000     0.77743929625     0.90711092949     0.01060005743     0.57152557373
      652.000     0.77654540539     0.90727454424     0.01095716748     0.57326686382
      653.000     0.77562946081     0.90738022327     0.01130236126     0.57503169775
      654.000     0.77485185862     0.90742588043     0.01163449977     0.57681900263
      655.000     0.77408587933     0.90740984678     0.01195244212     0.57862806320
      656.000     0.77317750454     0.90733033419     0.01225505117     0.58045768738
      657.000     0.77223604918     0.90718537569     0.01254118700     0.58230710030
      658.000     0.77133113146     0.90697330236     0.01280970871     0.58417510986
      659.000     0.77039659023     0.90669220686     0.01305947732     0.58606076241
      660.000     0.76953232288     0.90634024143     0.01328935381     0.58796292543
      661.000     0.76875638962     0.90591561794     0.01349819731     0.58988052607
      662.000     0.76777464151     0.90541648865     0.01368486881     0.59181249142
      663.000     0.76666563749     0.90484106541     0.01384823024     0.59375762939
      664.000     0.76545286179     0.90418756008     0.01398713980     0.59571462870
      665.000     0.76418828964     0.90345406532     0.01410046034     0.59768235683
      666.000     0.76295232773     0.90248852968     0.01413912047     0.59968507290
      667.000     0.76179063320     0.90144181252     0.01416103635     0.60172176361
      668.000     0.76061981916     0.90032380819     0.01416743454     0.60378742218
      669.000     0.75939893723     0.89914494753     0.01415953785     0.60587674379
      670.000     0.75816249847     0.89791530371     0.01413857471     0.60798472166
      671.000     0.75698113441     0.89664500952     0.01410576608     0.61010581255
      672.000     0.75579166412     0.89534425735     0.01406233944     0.61223441362
      673.000     0.75451916456     0.89402323961     0.01400951855     0.61436480284
      674.000     0.75319015980     0.89269220829     0.01394852996     0.61649119854
      675.000     0.75183051825     0.89136123657     0.01388059836     0.61860740185
      676.000     0.75056231022     0.89004045725     0.01380694937     0.62070721388
      677.000     0.74939823151     0.88874012232     0.01372880582     0.62278431654
      678.000     0.74828934669     0.88747036457     0.01364739519     0.62483209372
      679.000     0.74701225758     0.88624137640     0.01356394123     0.62684410810
      680.000     0.74574708939     0.88506335020     0.01347966958     0.62881320715
      681.000     0.74447929859     0.88394641876     0.01339580491     0.63073247671
      682.000     0.74339699745     0.88320863247     0.01336055435     0.63249540329
      683.000     0.74245738983     0.88267010450     0.01334491652     0.63415688276
      684.000     0.74166494608     0.88222908974     0.01333330572     0.63574916124
      685.000     0.74099856615     0.88188290596     0.01332552545     0.63727277517
      686.000     0.74029552937     0.88162893057     0.01332137547     0.63872814178
      687.000     0.73964637518     0.88146442175     0.01332066115     0.64011585712
      688.000     0.73915654421     0.88138687611     0.01332318038     0.64143657684
      689.000     0.73872554302     0.88139349222     0.01332873758     0.64269083738
      690.000     0.73828309774     0.88148188591     0.01333713531     0.64387965202
      691.000     0.73805958033     0.88164913654     0.01334817242     0.64500373602
      692.000     0.73782271147     0.88189262152     0.01336165238     0.64606374502
      693.000     0.73779582977     0.88220977783     0.01337737776     0.64706099033
      694.000     0.73772168159     0.88259804249     0.01339514740     0.64799624681
      695.000     0.73784959316     0.88305461407     0.01341476571     0.64887052774
      696.000     0.73799252510     0.88357698917     0.01343603618     0.64968508482
      697.000     0.73816740513     0.88416236639     0.01345875580     0.65044087172
      698.000     0.73845201731     0.88480818272     0.01348273177     0.65113919973
      699.000     0.73885309696     0.88551181555     0.01350776292     0.65178132057
      700.000     0.73933941126     0.88627052307     0.01353364997     0.65236836672
      701.000     0.73988777399     0.88708174229     0.01356019638     0.65290188789
      702.000     0.74047201872     0.88794285059     0.01358720474     0.65338289738
      703.000     0.74126434326     0.88885116577     0.01361447573     0.65381306410
      704.000     0.74205321074     0.88980394602     0.01364181004     0.65419369936
      705.000     0.74293828011     0.89079868793     0.01366901305     0.65452629328
      706.000     0.74388742447     0.89183276892     0.01369588450     0.65481209755
      707.000     0.74491500854     0.89290344715     0.01372222416     0.65505301952
      708.000     0.74594008923     0.89400804043     0.01374783739     0.65525031090
      709.000     0.74696612358     0.89514398575     0.01377252303     0.65540546179
      710.000     0.74806022644     0.89630860090     0.01379608549     0.65552031994
      711.000     0.74911582470     0.89749932289     0.01381832547     0.65559619665
      712.000     0.75023651123     0.89871335030     0.01383904368     0.65563476086
      713.000     0.75135886669     0.89994806051     0.01385804545     0.65563774109
      714.000     0.75254750252     0.90120106936     0.01387512963     0.65560656786
      715.000     0.75378364325     0.90246939659     0.01389009785     0.65554308891
      716.000     0.75493770838     0.90375053883     0.01390275266     0.65544891357
      717.000     0.75616067648     0.90504187346     0.01391289569     0.65532541275
      718.000     0.75732254982     0.90634065866     0.01392033044     0.65517461300
      719.000     0.75852072239     0.90764439106     0.01392485667     0.65499794483
      720.000     0.75965619087     0.90895032883     0.01392627787     0.65479725599
      721.000     0.76086646318     0.91025578976     0.01392439287     0.65457397699
      722.000     0.76217031479     0.91155821085     0.01391900703     0.65433001518
      723.000     0.76336842775     0.91285496950     0.01390992012     0.65406686068
      724.000     0.76465731859     0.91414326429     0.01389693562     0.65378624201
      725.000     0.76580697298     0.91542071104     0.01387985330     0.65348976851
      726.000     0.76703131199     0.91668432951     0.01385847759     0.65317922831
      727.000     0.76823371649     0.91793173552     0.01383260731     0.65285617113
      728.000     0.76957607269     0.91916024685     0.01380204596     0.65252226591
      729.000     0.77074062824     0.92036706209     0.01376659423     0.65217912197
      730.000     0.77215665579     0.92154967785     0.01372605655     0.65182852745
      731.000     0.77349513769     0.92270547152     0.01368023176     0.65147185326
      732.000     0.77486252785     0.92383164167     0.01362892333     0.65111088753
      733.000     0.77624732256     0.92492574453     0.01357193384     0.65074729919
      734.000     0.77758729458     0.92598491907     0.01350906398     0.65038251877
      735.000     0.77895182371     0.92700672150     0.01344011538     0.65001839399
      736.000     0.78024715185     0.92798841000     0.01336488873     0.64965629578
      737.000     0.78161257505     0.92892730236     0.01328318845     0.64929789305
      738.000     0.78291445971     0.92982077599     0.01319481432     0.64894485474
      739.000     0.78425532579     0.93066620827     0.01309957076     0.64859861135
      740.000     0.78544718027     0.93146091700     0.01299725752     0.64826083183
      741.000     0.78674829006     0.93220233917     0.01288767532     0.64793300629
      742.000     0.78791487217     0.93288785219     0.01277062949     0.64761674404
      743.000     0.78900289536     0.93351459503     0.01264591888     0.64731365442
      744.000     0.79009187222     0.93408012390     0.01251334604     0.64702504873
      745.000     0.79111421108     0.93458169699     0.01237271354     0.64675277472
      746.000     0.79217761755     0.93501675129     0.01222382300     0.64649826288
      747.000     0.79303389788     0.93538260460     0.01206647605     0.64626288414
      748.000     0.79398614168     0.93567651510     0.01190047339     0.64604848623
      749.000     0.79478168488     0.93589597940     0.01172561944     0.64585626125
      750.000     0.79558163881     0.93603825569     0.01154171303     0.64568805695
      751.000     0.79610079527     0.93610078096     0.01134855859     0.64554518461
      752.000     0.79675489664     0.93608081341     0.01114595588     0.64542931318
      753.000     0.79723298550     0.93597573042     0.01093370933     0.64534199238
      754.000     0.79754954576     0.93567919731     0.01070144027     0.64535069466
      755.000     0.79762607813     0.93500411510     0.01042919978     0.64556968212
      756.000     0.79762274027     0.93427741528     0.01014838181     0.64578938484
      757.000     0.79776644707     0.93350267410     0.00985971652     0.64600968361
      758.000     0.79781442881     0.93268358707     0.00956393499     0.64623045921
      759.000     0.79796528816     0.93182367086     0.00926177017     0.64645135403
      760.000     0.79810732603     0.93092644215     0.00895395037     0.64667236805
      761.000     0.79820495844     0.92999559641     0.00864120852     0.64689326286
      762.000     0.79845577478     0.92903453112     0.00832427572     0.64711385965
      763.000     0.79863625765     0.92804688215     0.00800388306     0.64733403921
      764.000     0.79896211624     0.92703622580     0.00768076116     0.64755362272
      765.000     0.79935395718     0.92600607872     0.00735564297     0.64777231216
      766.000     0.79974681139     0.92496025562     0.00702925771     0.64799010754
      767.000     0.80007368326     0.92390197515     0.00670233788     0.64820671082
      768.000     0.80045241117     0.92283505201     0.00637561409     0.64842200279
      769.000     0.80091416836     0.92176294327     0.00604981743     0.64863580465
      770.000     0.80132114887     0.92068916559     0.00572567992     0.64884787798
      771.000     0.80179524422     0.91961753368     0.00540393172     0.64905816317
      772.000     0.80235916376     0.91855144501     0.00508530531     0.64926636219
      773.000     0.80278909206     0.91749435663     0.00477053039     0.64947241545
      774.000     0.80341345072     0.91645002365     0.00446033897     0.64967602491
      775.000     0.80402439833     0.91542196274     0.00415546261     0.64987707138
      776.000     0.80450963974     0.91441369057     0.00385663146     0.65007543564
      777.000     0.80509966612     0.91342884302     0.00356457825     0.65027081966
      778.000     0.80571544170     0.91247093678     0.00328003312     0.65046310425
      779.000     0.80628526211     0.91158783436     0.00301735359     0.65065860748
      780.000     0.80670189857     0.91086614132     0.00280533708     0.65087193251
      781.000     0.80717021227     0.91017067432     0.00260361657     0.65108519793
      782.000     0.80751878023     0.90950107574     0.00241198880     0.65129828453
      783.000     0.80779123306     0.90885710716     0.00223024539     0.65151113272
      784.000     0.80799043179     0.90823835135     0.00205817609     0.65172362328
      785.000     0.80809754133     0.90764468908     0.00189557765     0.65193557739
      786.000     0.80825269222     0.90707564354     0.00174223993     0.65214693546
      787.000     0.80832165480     0.90653103590     0.00159795803     0.65235769749
      788.000     0.80854761600     0.90601044893     0.00146252266     0.65256762505
      789.000     0.80859667063     0.90551370382     0.00133572868     0.65277665854
      790.000     0.80875921249     0.90504044294     0.00121736701     0.65298485756
      791.000     0.80897003412     0.90459042788     0.00110723160     0.65319186449
      792.000     0.80905759335     0.90416336060     0.00100511557     0.65339767933
      793.000     0.80926966667     0.90375888348     0.00091080961     0.65360224247
      794.000     0.80941176414     0.90337675810     0.00082410860     0.65380537510
      795.000     0.80945122242     0.90301656723     0.00074480451     0.65400707722
      796.000     0.80940967798     0.90267819166     0.00067268987     0.65420711040
      797.000     0.80935949087     0.90236115456     0.00060755736     0.65440559387
      798.000     0.80937141180     0.90206533670     0.00054920185     0.65460216999
      799.000     0.80925565958     0.90179032087     0.00049741333     0.65479683876
      800.000     0.80930620432     0.90153580904     0.00045198598     0.65498960018
      801.000     0.80930131674     0.90130162239     0.00041271257     0.65518009663
      802.000     0.80928760767     0.90108728409     0.00037938543     0.65536844730
      803.000     0.80936193466     0.90089267492     0.00035179825     0.65555447340
      804.000     0.80939531326     0.90071737766     0.00032974244     0.65573811531
      805.000     0.80954188108     0.90056115389     0.00031301123     0.65591925383
      806.000     0.80956393480     0.90042370558     0.00030139764     0.65609776974
      807.000     0.80965620279     0.90030473471     0.00029469561     0.65627342463
      808.000     0.80970656872     0.90020382404     0.00029269583     0.65644633770
      809.000     0.80983072519     0.90012091398     0.00029519270     0.65661627054
      810.000     0.80987775326     0.90005552769     0.00030197832     0.65678322315
      811.000     0.81002050638     0.90000736713     0.00031284592     0.65694695711
      812.000     0.81002759933     0.89997625351     0.00032758713     0.65710741282
      813.000     0.81005525589     0.89996182919     0.00034599565     0.65726459026
      814.000     0.81014847755     0.89996379614     0.00036786415     0.65741825104
      815.000     0.81018197536     0.89998173714     0.00039298483     0.65756827593
      816.000     0.81028139591     0.90001559258     0.00042115164     0.65771466494
      817.000     0.81043159962     0.90006500483     0.00045215653     0.65785729885
      818.000     0.81065034866     0.90012949705     0.00048579322     0.65799593925
      819.000     0.81076461077     0.90020895004     0.00052185275     0.65813064575
      820.000     0.81095486879     0.90030294657     0.00056012953     0.65826117992
      821.000     0.81108289957     0.90041136742     0.00060041540     0.65838754177
      822.000     0.81116580963     0.90053367615     0.00064250419     0.65850961208
      823.000     0.81139582396     0.90066975355     0.00068618753     0.65862733126
      824.000     0.81154894829     0.90081924200     0.00073125865     0.65874034166
      825.000     0.81174045801     0.90098184347     0.00077751011     0.65884882212
      826.000     0.81188422441     0.90115743876     0.00082473550     0.65895247459
      827.000     0.81216031313     0.90134531260     0.00087272655     0.65905129910
      828.000     0.81235569715     0.90154552460     0.00092127686     0.65914523602
      829.000     0.81247872114     0.90175765753     0.00097017863     0.65923410654
      830.000     0.81269842386     0.90198147297     0.00101922546     0.65931773186
      831.000     0.81274372339     0.90221667290     0.00106820907     0.65939605236
      832.000     0.81293410063     0.90246284008     0.00111692306     0.65946912766
      833.000     0.81314671040     0.90271973610     0.00116515998     0.65953665972
      834.000     0.81348091364     0.90298718214     0.00121271191     0.65959858894
      835.000     0.81378823519     0.90326476097     0.00125937269     0.65965479612
      836.000     0.81411248446     0.90355217457     0.00130493473     0.65970528126
      837.000     0.81437432766     0.90384912491     0.00134919118     0.65974986553
      838.000     0.81468909979     0.90415543318     0.00139193400     0.65978837013
      839.000     0.81497943401     0.90447056293     0.00143295608     0.65982085466
      840.000     0.81518232822     0.90479445457     0.00147205114     0.65984702110
      841.000     0.81552088261     0.90512675047     0.00150901102     0.65986692905
      842.000     0.81577801704     0.90546721220     0.00154362863     0.65988045931
      843.000     0.81603050232     0.90581524372     0.00157569721     0.65988731384
      844.000     0.81637567282     0.90617090464     0.00160500943     0.65988773108
      845.000     0.81669890881     0.90653377771     0.00163135794     0.65988135338
      846.000     0.81712943316     0.90690344572     0.00165453518     0.65986812115
      847.000     0.81749939919     0.90727978945     0.00167433452     0.65984797478
      848.000     0.81790500879     0.90766233206     0.00169054908     0.65982085466
      849.000     0.81829577684     0.90805107355     0.00170297024     0.65978652239
      850.000     0.81872469187     0.90844529867     0.00171139149     0.65974497795
      851.000     0.81909167767     0.90884512663     0.00171560631     0.65969616175
      852.000     0.81938076019     0.90924990177     0.00171540747     0.65963989496
      853.000     0.81974679232     0.90965968370     0.00171058602     0.65957611799
      854.000     0.82013541460     0.91007381678     0.00170093612     0.65950471163
      855.000     0.82047665119     0.91049230099     0.00168625033     0.65942555666
      856.000     0.82074284554     0.91091459990     0.00166632258     0.65933871269
      857.000     0.82117640972     0.91134059429     0.00164094404     0.65924382210
      858.000     0.82158064842     0.91176992655     0.00160990714     0.65914094448
      859.000     0.82206654549     0.91220229864     0.00157300651     0.65903002024
      860.000     0.82257151604     0.91263741255     0.00153003307     0.65891093016
      861.000     0.82311010361     0.91307491064     0.00148078101     0.65878349543
      862.000     0.82368421555     0.91351467371     0.00142504228     0.65864771605
      863.000     0.82428807020     0.91395616531     0.00136261096     0.65850353241
      864.000     0.82480281591     0.91439932585     0.00129327783     0.65835076571
      865.000     0.82535636425     0.91484367847     0.00121683720     0.65818929672
      866.000     0.82588201761     0.91528898478     0.00113317673     0.65801924467
      867.000     0.82653826475     0.91573536396     0.00104256684     0.65784090757
      868.000     0.82711738348     0.91618251801     0.00094537315     0.65765470266
      869.000     0.82777655125     0.91663044691     0.00084196159     0.65746116638
      870.000     0.82844340801     0.91707926989     0.00073269784     0.65726065636
      871.000     0.82920151949     0.91752868891     0.00061794772     0.65705382824
      872.000     0.83000206947     0.91797876358     0.00049807690     0.65684092045
      873.000     0.83078771830     0.91842955351     0.00037345127     0.65662235022
      874.000     0.83167457581     0.91888087988     0.00024443644     0.65639877319
      875.000     0.83235853910     0.91933274269     0.00011139827     0.65617048740
      876.000     0.83300369978     0.91978514194    -0.00002529753     0.65593796968
      877.000     0.83370429277     0.92023789883    -0.00016528515     0.65570169687
      878.000     0.83450388908     0.92069107294    -0.00030819883     0.65546208620
      879.000     0.83528465033     0.92114454508    -0.00045367284     0.65521961451
      880.000     0.83606994152     0.92159831524    -0.00060134148     0.65497475863
      881.000     0.83697491884     0.92205238342    -0.00075083884     0.65472775698
      882.000     0.83788299561     0.92250657082    -0.00090179936     0.65447932482
      883.000     0.83895933628     0.92296093702    -0.00105385704     0.65422976017
      884.000     0.83984839916     0.92341542244    -0.00120664621     0.65397948027
      885.000     0.84064257145     0.92386996746    -0.00135980127     0.65372902155
      886.000     0.84143459797     0.92432451248    -0.00151295634     0.65347874165
      887.000     0.84206300974     0.92477893829    -0.00166574551     0.65322899818
      888.000     0.84282428026     0.92523324490    -0.00181780325     0.65298038721
      889.000     0.84368491173     0.92568761110    -0.00196876377     0.65273320675
      890.000     0.84462910891     0.92614161968    -0.00211826107     0.65248799324
      891.000     0.84554743767     0.92659538984    -0.00226592948     0.65224510431
      892.000     0.84633398056     0.92704886198    -0.00241140393     0.65200501680
      893.000     0.84714138508     0.92750203609    -0.00255431747     0.65176820755
      894.000     0.84786528349     0.92795491219    -0.00269430503     0.65153485537
      895.000     0.84858274460     0.92840713263    -0.00283100083     0.65130567551
      896.000     0.84936600924     0.92885893583    -0.00296403910     0.65108090639
      897.000     0.85017395020     0.92931038141    -0.00309305382     0.65086102486
      898.000     0.85105848312     0.92976117134    -0.00321767922     0.65064650774
      899.000     0.85188871622     0.93021124601    -0.00333755044     0.65043759346
      900.000     0.85272496939     0.93066066504    -0.00345230033     0.65023505688
      901.000     0.85352694988     0.93110942841    -0.00356156402     0.65003901720
      902.000     0.85418182611     0.93155747652    -0.00366497575     0.64984989166
      903.000     0.85478878021     0.93200463057    -0.00376216928     0.64966821671
      904.000     0.85540574789     0.93245095015    -0.00385277928     0.64949429035
      905.000     0.85608631372     0.93289625645    -0.00393643975     0.64932876825
      906.000     0.85689789057     0.93334066868    -0.00401278492     0.64917176962
      907.000     0.85781145096     0.93378394842    -0.00408144947     0.64902400970
      908.000     0.85862624645     0.93422645330    -0.00414206740     0.64888542891
      909.000     0.85945540667     0.93466758728    -0.00419427222     0.64875704050
      910.000     0.86021512747     0.93510776758    -0.00423769886     0.64863890409
      911.000     0.86104911566     0.93554651737    -0.00427198131     0.64853149652
      912.000     0.86188143492     0.93598419428    -0.00429675449     0.64843529463
      913.000     0.86274135113     0.93642061949    -0.00431165239     0.64835035801
      914.000     0.86371755600     0.93685537577    -0.00431630807     0.64827775955
      915.000     0.86470645666     0.93728905916    -0.00431035738     0.64821755886
      916.000     0.86556279659     0.93772125244    -0.00429343386     0.64817011356
      917.000     0.86630576849     0.93815189600    -0.00426517148     0.64813601971
      918.000     0.86702364683     0.93858110905    -0.00422520516     0.64811539650
      919.000     0.86767375469     0.93900841475    -0.00417316798     0.64810901880
      920.000     0.86831158400     0.93943440914    -0.00410869531     0.64811712503
      921.000     0.86892610788     0.93985849619    -0.00403142162     0.64814019203
      922.000     0.86953300238     0.94028085470    -0.00394097995     0.64817875624
      923.000     0.87013643980     0.94070190191    -0.00383700547     0.64823275805
      924.000     0.87074100971     0.94112056494    -0.00371913193     0.64830344915
      925.000     0.87125998735     0.94153743982    -0.00358699332     0.64839059114
      926.000     0.87159717083     0.94195258617    -0.00344022480     0.64849495888
      927.000     0.87185800076     0.94236558676    -0.00327846035     0.64861685038
      928.000     0.87200510502     0.94277691841    -0.00310133281     0.64875680208
      929.000     0.87197291851     0.94318562746    -0.00290847803     0.64891523123
      930.000     0.87174308300     0.94359254837    -0.00269953115     0.64909261465
      931.000     0.87162691355     0.94399726391    -0.00247412361     0.64928936958
      932.000     0.87157344818     0.94439977407    -0.00223189173     0.64950609207
      933.000     0.87135225534     0.94480001926    -0.00197246810     0.64974290133
      934.000     0.87132799625     0.94519793987    -0.00169548858     0.65000063181
      935.000     0.87122362852     0.94559347630    -0.00140058668     0.65027964115
      936.000     0.87114435434     0.94598668814    -0.00108739827     0.65058058500
      937.000     0.87088185549     0.94637739658    -0.00075555500     0.65090358257
      938.000     0.87063473463     0.94676560163    -0.00040468993     0.65124928951
      939.000     0.87020891905     0.94715124369    -0.00003444124     0.65161836147
      940.000     0.86979871988     0.94753432274     0.00035555754     0.65201115608
      941.000     0.86936950684     0.94791471958     0.00076567288     0.65242832899
      942.000     0.86907297373     0.94829243422     0.00119627081     0.65287041664
      943.000     0.86879783869     0.94866716862     0.00164772104     0.65333747864
      944.000     0.86842310429     0.94903957844     0.00212038122     0.65383064747
      945.000     0.86805003881     0.94940871000     0.00261462294     0.65435045958
      946.000     0.86760759354     0.94977539778     0.00313080754     0.65489685535
      947.000     0.86730164289     0.95013892651     0.00366930664     0.65547120571
      948.000     0.86679351330     0.95049923658     0.00423048530     0.65607339144
      949.000     0.86665636301     0.95085674524     0.00481470115     0.65670484304
      950.000     0.86647832394     0.95121115446     0.00542232860     0.65736508369
      951.000     0.86618369818     0.95156270266     0.00605372898     0.65805524588
      952.000     0.86576247215     0.95191037655     0.00670927018     0.65877640247
      953.000     0.86522096395     0.95225524902     0.00738931913     0.65952855349
      954.000     0.86451959610     0.95259714127     0.00809423998     0.66031289101
      955.000     0.86365461349     0.95293539762     0.00882439502     0.66112929583
      956.000     0.86281228065     0.95327061415     0.00958015211     0.66197890043
      957.000     0.86207985878     0.95360165834     0.01036188193     0.66286289692
      958.000     0.86150127649     0.95392966270     0.01116994768     0.66378128529
      959.000     0.86039078236     0.95425444841     0.01200471446     0.66473525763
