# AATSR total downward transmittance (direct+diffuse, Rayleigh+aerosol) for aerosol model MAR99V
# Columns gives t_up for 7 aerosol optical thickness (total, i.e. all layers) given in file TAUA_AATSR.txt
# (first optical thickness is zero hence gives Rayleigh transmittance)
# lambda: 555 660 865 1610
# thetas: 0.0 10.222899999999999 21.347999999999999 32.478999999999999 43.611400000000003 54.744399999999999 65.877600000000001 77.010999999999996 85.0
# Inner loop is on thetas, then on bands 
# Dimensions: 4 9 7
0.96042227511048806 0.95489301462578324 0.95392091586418859 0.95043568172378345 0.94089113792314949 0.92989177930564526 0.91570811760738091
0.95975338759956408 0.9542150681869237 0.95287962233001644 0.94949554151724935 0.93869631969784217 0.92948989158432294 0.91324849665932661
0.95734351994200029 0.95112739107575084 0.95020050311353943 0.94541561255251561 0.93492950806107311 0.92344013892650978 0.90622360379581279
0.95274931444014976 0.94562495099067922 0.9441793242648413 0.93863115420605259 0.92566130897048804 0.91177768860811947 0.89005497971330605
0.94471690227765881 0.93551224890468998 0.93376916573010349 0.9275248275687733 0.91011644775690936 0.89067345461639946 0.86280700692265699
0.93091589733701008 0.91793270536002092 0.91496382366302409 0.90532526863072105 0.87809031397270942 0.85224665350085216 0.81410380313355202
0.90384176722188381 0.88269470993094545 0.87773310576005881 0.86111024475943143 0.81761687718049403 0.77831089059395009 0.7270662836501075
0.83625574017507631 0.79607333412791925 0.78655527383469948 0.75365566820077456 0.68106773479253435 0.6286021453726276 0.57246086824213538
0.67277057649208849 0.60696946727795142 0.59222488848862709 0.5517011886113371 0.48980200628420889 0.4583095301625898 0.42760265766401256
0.97943275242807071 0.97476414667779732 0.97368352932918889 0.97020871681215426 0.96011080735092313 0.95047984292470411 0.9344377134275893
0.97905082909374619 0.97406927392000719 0.97286599791029882 0.97013016625967696 0.95965552712168789 0.94888514706468086 0.9349922273152601
0.97781063969957105 0.97227766295207185 0.97123118631885186 0.96672304341529935 0.95605880708829538 0.94450020480432595 0.92639693633558029
0.97538758334024567 0.9689257071785613 0.96733730956903075 0.96329832480812005 0.95055211016207242 0.93281438475566048 0.91250121426447817
0.97102579616224904 0.96280371223009342 0.96080390775123947 0.95434125054951335 0.93578437447178486 0.91795312603492552 0.88829733717196313
0.96349152213529154 0.95155505696296272 0.9487436590447712 0.93906395685954747 0.91133453030085398 0.88292841744687378 0.84376629768474232
0.94843740709645363 0.92872497825715894 0.92349655598317126 0.90535714292068448 0.85638648835987197 0.81261772375884833 0.75604957987064436
0.90853944988918578 0.86772147308620473 0.85579320845711648 0.81600503098447674 0.7265965708650941 0.66227787835697305 0.59831509077242051
0.79419374027123879 0.7071645463469074 0.68165767441927094 0.61391510803973259 0.52009402245509517 0.4773682718493758 0.43940216219358413
0.99298574202270595 0.98899185902050091 0.98804962309640898 0.98448352688590968 0.97467862946818984 0.96433074404448416 0.94786886420634342
0.99280959676322567 0.98877247588448247 0.98770243465215146 0.98418845281607326 0.97378000827827893 0.96281285659051974 0.94647606091178227
0.99241224681071571 0.98785926877200636 0.98664659288196443 0.98300478689554005 0.97149408453155306 0.95915062273829987 0.93957598752316651
0.99151601323339855 0.98619857574250369 0.98464847721516657 0.98007416563949634 0.96594104500540756 0.94973480918697939 0.92748973029975834
0.99002426111407649 0.98296137383913418 0.98130434270316302 0.9751846923838714 0.95540842440291462 0.93498941851933937 0.90476194818708711
0.98737588568125112 0.97769328089932661 0.97406391737596709 0.96370233008249284 0.9333960940764372 0.90348742673553994 0.86149959158458334
0.98188413356652549 0.96519962190217889 0.95973052646881374 0.93942001135480324 0.88684846979987486 0.8381462193357182 0.77680222839525803
0.96693586169197709 0.93037405372477266 0.91615564687530027 0.86946003733012078 0.76493255560106577 0.69014254619163118 0.61545249534722035
0.91823767830634651 0.82208414822579901 0.78326461258230839 0.68031858017714197 0.54418253605962685 0.48969623034426907 0.44426288014205984
0.99940886188566269 0.99678685577892423 0.99589806630479116 0.99247433885274683 0.98279034841493329 0.97210508282948538 0.9553600982002789
0.9993710174286452 0.99674857192927524 0.99583237977832761 0.99290164907999612 0.98244531660564594 0.97240980397784527 0.95362831247268109
0.99933297150734557 0.99651586349640853 0.99558165347568295 0.99272476179214098 0.97963989227565929 0.96759163817097427 0.94880513829185742
0.99928868555257222 0.99594818862823853 0.99466292857287031 0.98961092139262941 0.97607950984968128 0.96090071298646962 0.93748722774245163
0.99914154101162711 0.99499055231943401 0.99335279247899777 0.98723485807740374 0.96763342861258017 0.94724454592564888 0.91724497400004468
0.99892111005495254 0.99302011171054971 0.99023010478640772 0.97953330638363489 0.94938106294172797 0.91823856926663849 0.87489681414733689
0.99844361719751218 0.98836392961163155 0.98256571681167593 0.962944135783948 0.90715397022579936 0.85747161009613371 0.79295700598098817
0.99709366637244934 0.97438818492842139 0.95882457996480963 0.90645988821238299 0.7898082535598473 0.70791563603434393 0.62575953261837702
0.99248458798507255 0.92130476018821872 0.86792106598311458 0.73094991697022416 0.55951221262771655 0.49519605534790506 0.44432004149398624
