# AATSR total upward transmittance (direct+diffuse, Rayleigh+aerosol) for aerosol model MAR99V
# Columns gives t_up for 7 aerosol optical thickness (total, i.e. all layers) given in file TAUA_AATSR.txt
# (first optical thickness is zero hence gives Rayleigh transmittance)
# lambda: 555 660 865 1610
# thetav: 0.0 10.222899999999999 21.347999999999999 32.478999999999999 43.611400000000003 54.744399999999999 65.877600000000001 77.010999999999996 85.0
# Inner loop is on thetav, then on bands 
# Dimensions: 4 9 7
0.96045414682166708 0.95488472969290639 0.9539096779387668 0.95050895288252713 0.94128354360067057 0.93115512094485187 0.91489253287872563
0.95980262922124493 0.95388475090885794 0.95284580966771182 0.9498367142146098 0.93843585169120913 0.92862041100448312 0.91344944109109594
0.95735546113718084 0.95137589202696193 0.94993119233219836 0.9463547612847889 0.93367051625430919 0.92186805081455059 0.90479735973722097
0.95284617253807147 0.94556274505169535 0.94430410651140251 0.93858289718195664 0.92609708209857 0.91168381464443049 0.89174653252139124
0.94488334681284147 0.93546134774662282 0.93365161666681062 0.92717687835151952 0.90790014007108 0.88955471681004994 0.86476685292863298
0.9309056522869823 0.91779990177982307 0.91493192188292805 0.90543887320019201 0.87803796676388879 0.85181347691382903 0.8141545845812026
0.90382087296172287 0.88285602361398885 0.87745223396540561 0.8599123242493375 0.81657122151072459 0.77735680068403712 0.72620304205608421
0.83637525472832119 0.79628766974767806 0.78619684050659044 0.75505761360982604 0.67778198846380311 0.62627113335981022 0.57145878785510107
0.67278327747223388 0.60637276031982246 0.59263328323371689 0.55036085908258303 0.48859988924973319 0.45759618884272896 0.42844375754373765
0.9794142239674839 0.97466511097775677 0.97378569457581965 0.97030557081745905 0.96043985125701647 0.95084520277733853 0.93459138192282598
0.97905208382358333 0.97433028026549651 0.97275392038491848 0.970572653872809 0.95999289152198597 0.94971898826589607 0.9327533005044405
0.97775153074983989 0.97236771348190987 0.97101426929699319 0.96743880398085458 0.95559040494340941 0.94387170247732155 0.92506947028705633
0.97529247124480323 0.96903981480238843 0.96715440309457068 0.96317433883395287 0.94845418828364469 0.93462718238290876 0.9126919754030226
0.97095998392776295 0.9626043659871899 0.96093699096283081 0.9545395557230274 0.93569288105407344 0.91654604247383142 0.88802398854876885
0.96345490026903802 0.95163251201678856 0.94895630231789374 0.93876166937321637 0.90885276531315118 0.8823225442605237 0.84399787674585625
0.94836419159812269 0.9289707390839973 0.92305450747043905 0.90404217765817507 0.85732807858951976 0.80958110836972574 0.75415957147789714
0.90857825788733526 0.86701206311207124 0.85582380857773543 0.81625695522075958 0.72663640172769051 0.66398156275443743 0.59663106897533025
0.79459146793797197 0.70616888620115226 0.68140558077854019 0.61363984004648653 0.51970560021861534 0.47686440671090269 0.43804895058942089
0.99296002393228155 0.98892503040368041 0.98805466969653932 0.98457105812654189 0.97488353788099191 0.96446719326581432 0.94787892862739154
0.99284486099492308 0.98880484088925413 0.98785198328771884 0.98471729125912155 0.9734903001143923 0.9626326187979013 0.94538557189302264
0.99243363708221111 0.98790466891730078 0.98664809097943562 0.98261930053720126 0.969796469037144 0.95915690444759816 0.93917290866893499
0.99149443780623547 0.98600747068460737 0.98455837974770311 0.97989217860598354 0.96657111309134058 0.95060461138232799 0.92829930542290517
0.99002063697393605 0.98300704318149834 0.98154385818657264 0.97511324974266966 0.95528869970325403 0.9345175776383744 0.90463294749330825
0.98729341327673981 0.97755192090712095 0.97407380618782147 0.96394508658891598 0.93417211036959036 0.90191974040211287 0.86233033921426649
0.98192599729162156 0.9653131527163582 0.95901377472130223 0.93955348202872291 0.88582405578746759 0.83920786464129915 0.77603322209636538
0.96703125658443656 0.92943688189618201 0.91643431556886001 0.87008270277425326 0.76519209746319317 0.69113686724968038 0.61383401032994755
0.9181442666358085 0.82230505841471291 0.7838843662546513 0.67912826574406704 0.54345802342879879 0.48715594253517447 0.44335098430806225
0.99939828361124583 0.99685237902281487 0.99581267276275554 0.99237917022637956 0.98317864309304603 0.97289407963060914 0.95571107925935184
0.99941125930435959 0.99663075081261088 0.99588242723913256 0.99255517854593733 0.98180910042467329 0.97089296533450009 0.95491257786560491
0.99934958092986736 0.99652778589171709 0.99557624455595473 0.99187034636643401 0.98015491830153456 0.96740831011309603 0.94936816659453094
0.99928852695027626 0.99582681413434493 0.99489694087817004 0.99018326444374494 0.9754127795773947 0.96024731102438721 0.93765909897092092
0.99915724723872412 0.99513955475337257 0.99299069986020827 0.98744765098936416 0.96730514917424237 0.94611322005675158 0.91676596266823418
0.99892541118403078 0.99284981278902884 0.9904810613018582 0.98025302987873519 0.94857291550077139 0.91703253122566375 0.87613193762323338
0.99845587204843089 0.98836421067406999 0.98317548074968319 0.96239740164403731 0.90520333076401571 0.85640482868911427 0.79435930363580753
0.99710271587749832 0.97429407141316926 0.95862605956736535 0.90761035060216166 0.7914686795711976 0.70923962073787494 0.62484235612011585
0.9925059978538594 0.92007683828400122 0.86857528813523577 0.73077735587495118 0.55718226384659764 0.49402555360598871 0.4462729948059776
