# AATSR total upward transmittance (direct+diffuse, Rayleigh+aerosol) for aerosol model MC50
# Columns gives t_up for 7 aerosol optical thickness (total, i.e. all layers) given in file TAUA_AATSR.txt
# (first optical thickness is zero hence gives Rayleigh transmittance)
# lambda: 555 660 865 1610
# thetav: 0.0 10.222899999999999 21.347999999999999 32.478999999999999 43.611400000000003 54.744399999999999 65.877600000000001 77.010999999999996 85.0
# Inner loop is on thetav, then on bands 
# Dimensions: 4 9 7
0.96046474689909778 0.95610610743567903 0.95467945266654319 0.9500722252630881 0.93547441281867882 0.92075416876591676 0.89790876526910524
0.9596893325377216 0.95511379852460165 0.95369218160481473 0.94828709923203858 0.9342392525728852 0.91735942364651668 0.89542078979709105
0.95739247117322956 0.95262484510209577 0.95077123668136398 0.94531698653857121 0.92879124560651383 0.91194764244179172 0.88703523653771887
0.95290623163422483 0.94661104041616484 0.9449835710229062 0.93777041215751034 0.91871293927915088 0.8987406970052082 0.86865091138315054
0.94470502308529292 0.93757650677846571 0.93458924511692809 0.92527426394665724 0.90007513564051667 0.87389952919653902 0.83705765023553569
0.93089329882018645 0.9203245165497238 0.91661614401405811 0.90299957433773748 0.86669955022335232 0.83225800558613661 0.78264864420185321
0.90391790190767662 0.88585985620126217 0.87922501009076592 0.85805050298015884 0.80121691821792784 0.75130287655686379 0.69042868013148995
0.8362619080620397 0.80124476578801607 0.78862538015549455 0.74794201888049849 0.65867814743472286 0.59965378068492126 0.5395989430592234
0.67306068912089101 0.61317713965474874 0.59283768634218659 0.54518883389745709 0.47837934228875284 0.44581688070721398 0.4109679180015598
0.97950658006901636 0.97542366380339462 0.97410890041367604 0.96979129008763398 0.95620740335221255 0.94209200029460449 0.91995270592208978
0.97924639361203947 0.97498216826961348 0.97370808545271104 0.96903742857510378 0.95476974474699383 0.94019515168596812 0.91760160635301879
0.97765733322437309 0.97350566372498659 0.97237476790025712 0.96666350540550672 0.9504837415153693 0.93461542924036978 0.90915569958558029
0.97549733516802661 0.96998901737579668 0.96845017722339621 0.96150634702386883 0.94249403723421521 0.92241982080507146 0.89374437253980499
0.97107570783867514 0.96473199577139623 0.96170977216136799 0.95195844987326084 0.92791764847033165 0.90260930370943326 0.86343467239744753
0.96336414750907196 0.95358245527463015 0.94997038073739137 0.93623562874027966 0.89735517402001841 0.86175415512291209 0.81259149934190789
0.94830924846535636 0.9309189121657615 0.92385637276065236 0.9004425049556225 0.83886676030936347 0.78524887921585662 0.72044451047839386
0.90853883674301128 0.87026413185706875 0.85525363285875844 0.80431135981604018 0.70154406678452719 0.6311204235781257 0.56269160223450632
0.7942482561221319 0.70804855131903677 0.67861565655979195 0.59942054346849794 0.50240496337134688 0.46021264346617219 0.42264841877329451
0.99298414718896244 0.98979506364545788 0.98870314120346037 0.98473198691298525 0.97236538896379221 0.95901867680931874 0.93913146457130081
0.99279930387788795 0.98956076291327588 0.98854717349903209 0.98428129384460039 0.97147968123836437 0.95907281553712975 0.93633200475254219
0.99244064383637776 0.98859507243179912 0.98699265645136613 0.98194045863179624 0.96828083011320554 0.95306151928408134 0.9297485375350103
0.99156503878469815 0.98707288655464254 0.98534602378820213 0.97961638704482901 0.96219873808014966 0.94343786651839379 0.91424140182652147
0.98998195553887336 0.9838950856536518 0.98195469682358238 0.97361597403543287 0.9494633478169876 0.92485645468727518 0.8872214369790129
0.9873571666902401 0.97839669551919184 0.9745217528007879 0.9609976011280934 0.92369625299611002 0.88938936791005008 0.83886834224310114
0.9818814059034251 0.96589442184007157 0.95909097347836236 0.9351464847741201 0.87227711845816236 0.81535622129548047 0.74722153038403127
0.9668480540905694 0.92956423280444178 0.91128171538855862 0.85625065271036771 0.73449504121187836 0.65883634784957057 0.58342403744234095
0.91821258449801257 0.81321767593908723 0.76586868885069659 0.65514385131048503 0.52204534260806379 0.47245392367261063 0.42816081941502715
0.99939697276959405 0.99737355890461166 0.99646376570690776 0.99399900854562939 0.98606017896175191 0.97696259399767527 0.96256505341412413
0.99937694851890702 0.99725967929881176 0.99670471047993869 0.99322434034939988 0.9854097134355142 0.97679512496685239 0.96104895391001044
0.99936018054301923 0.99703072066514686 0.99634939460638583 0.99327202258727032 0.98319137647648436 0.97331628756635802 0.95550004670914446
0.99930041976669193 0.99643988585755927 0.99534299946427129 0.99145447145378229 0.97928457232582733 0.96653270504656519 0.9453236568843737
0.99911684608355888 0.99532746798790495 0.99416141598717755 0.98827623554106636 0.9702755730420427 0.95135003067331636 0.92320899897533892
0.99891537147744447 0.99301712698280475 0.9908891016295891 0.9806230310965145 0.95095273948079184 0.92405480093500869 0.88111840513903184
0.99844351471535053 0.98784903113688538 0.98244462270958233 0.96218877357749832 0.90962240785870385 0.86059475451698686 0.79758712303137824
0.99708662073856991 0.9695970084349872 0.95380287418231036 0.90149295473814417 0.78785427595698621 0.70848409002747614 0.62966955811514835
0.99236929723422573 0.89975770202458905 0.85165844188638218 0.72661164412510626 0.56344742718324281 0.49839476115411346 0.45198354914848365
