# AATSR total downward transmittance (direct+diffuse, Rayleigh+aerosol) for aerosol model MC50
# Columns gives t_up for 7 aerosol optical thickness (total, i.e. all layers) given in file TAUA_AATSR.txt
# (first optical thickness is zero hence gives Rayleigh transmittance)
# lambda: 555 660 865 1610
# thetas: 0.0 10.222899999999999 21.347999999999999 32.478999999999999 43.611400000000003 54.744399999999999 65.877600000000001 77.010999999999996 85.0
# Inner loop is on thetas, then on bands 
# Dimensions: 4 9 7
0.96044710086676288 0.95612816766248576 0.95473409429676193 0.94977114172072541 0.93567234668726829 0.92059010424927679 0.89731864640107784
0.95979816152515374 0.95525871658505557 0.95407453407785836 0.94868296598017965 0.93368112504951695 0.91942554584758729 0.89520326769025393
0.95745210880984855 0.95229145477718657 0.95112029212271532 0.94526802144438471 0.92877347361109264 0.91323711070465563 0.88618484626905492
0.95285809938915811 0.94698295527387111 0.94530536245631558 0.93806460916447465 0.91903546932581948 0.89894667965222053 0.86830936602472819
0.94464465478471371 0.93713739501988658 0.93488003332621239 0.92556037153539716 0.90053582829625978 0.87450503478755315 0.83702598119108795
0.93072232041675385 0.92026734176874259 0.9166308792385085 0.90289121905902525 0.86579769068359369 0.83129706193827546 0.78317621546758176
0.90376423779254322 0.88598163799877216 0.87961860731994246 0.85750773781932288 0.79982543327691147 0.75116568401003914 0.68998851400798988
0.8362573688842655 0.80133392508028856 0.78873251545977463 0.74739106635399932 0.65812680512969857 0.59926773771359976 0.53962032600768672
0.67303140150318141 0.61337420176102087 0.59461900088918096 0.5453763841195699 0.47814898263001049 0.44459743768055532 0.41080221984193738
0.97954598368643064 0.97549762576841559 0.974187666811831 0.96950762494381681 0.9561607597742503 0.94224600936077407 0.91947442190910589
0.97896448212945764 0.97478193460628049 0.9738838796727769 0.96904395644815766 0.9543853093669511 0.93989881060432745 0.91804189810512815
0.97769786177159224 0.97337418942866227 0.97183013199012647 0.96691496848824221 0.95072135682090053 0.9341472563225327 0.90942907512362103
0.97530747299136955 0.97019480673794434 0.96831063275153617 0.96162251276045829 0.94259182484112625 0.9227516090620359 0.89362599374269536
0.97109130750970862 0.96422275257559709 0.96167668274650364 0.95268366334091836 0.92807614692267304 0.90196407893335595 0.86442798804624243
0.96334542855941097 0.95328541113514176 0.94929377397714843 0.93599547237226999 0.89883833423836812 0.86182251371375662 0.81205860749404291
0.94829323479782046 0.93120079980713522 0.92434605893802302 0.90072368272895909 0.83926778732626184 0.7842772369666422 0.71888882503802465
0.90881806832649581 0.87076709339680536 0.85501187902324072 0.80584079537169395 0.70013711176358195 0.62996395467580213 0.56364563002817769
0.79410084612396581 0.70845405424395402 0.67743642335782694 0.60020485206479612 0.50162189223704379 0.45949563689603018 0.42089167017071638
0.99293577812574563 0.98967668891613048 0.98857098735839966 0.98463779251690053 0.97226055947450885 0.95892855039471492 0.93853182556403758
0.99292700583680715 0.98946747840973481 0.98839335873415479 0.98379435310034047 0.97127579952307053 0.95791877692225313 0.93626539143025
0.99245624275978572 0.98854803680215797 0.9873556849183428 0.98236955958968697 0.96791056270695985 0.95264279983441935 0.92907365886833482
0.99155976879919094 0.9869824863661304 0.98527343082320273 0.97947000424912567 0.96209352460190034 0.94370833135094601 0.91418032257942972
0.99007915909227184 0.98447562626687335 0.9819573089572432 0.97327152400301797 0.94927924437580868 0.92409436701688452 0.88817653348680525
0.9873092712130459 0.97857941072352239 0.97468296223446982 0.9615717848701727 0.92468199563969966 0.88912960759001747 0.83816830360442263
0.98183164469615036 0.966002663201324 0.95885864311372759 0.93494911635783606 0.87095280475898929 0.8153367727601305 0.74585189563580478
0.96712957039245939 0.92940975144312854 0.91191629655208251 0.85550980317076408 0.73626019756886096 0.65807998627866116 0.58384988076543876
0.9180647920303685 0.81126640040075859 0.76647218186812816 0.65507245679689974 0.52229913287506746 0.47098235039937908 0.42694805242768413
0.99940094768343779 0.99729871955099358 0.9965693269917455 0.9940127758996018 0.98598798444670432 0.97727475988367019 0.96286127961474921
0.99939988442262195 0.99735099695136853 0.99657707450551569 0.9938485199075513 0.98512327916158615 0.97664908258199223 0.96233268349704004
0.99933749447863907 0.99692291190406102 0.99600945088013726 0.99326583287119752 0.98385171689196094 0.97362652605566558 0.95638522550714833
0.99926866230024169 0.99661343120320256 0.99580355780194396 0.99160255188478208 0.97950074825169575 0.96573758422680411 0.94630299624970371
0.99918072310880313 0.99567635059531068 0.99377892825240355 0.9880883596761616 0.97015533853692992 0.95229672513107555 0.92423812430657404
0.99892213771263505 0.99305632799883026 0.99017279693843629 0.98109651805773712 0.95261818183891978 0.92280930740663181 0.88133649901506328
0.99841069475193167 0.98772038515770033 0.98222272497429886 0.96277637619554257 0.90923700600656743 0.86015301280276601 0.7976466606714735
0.99716363189048496 0.96898586496223293 0.95315880201674408 0.90264154621256265 0.78912696940783755 0.70935500601737123 0.62978260497762106
0.99241142888274303 0.8997269938975726 0.85124715196333589 0.72632627207692702 0.56202473450686696 0.49817067470684651 0.45007346547512045
