# VEGETATION total upward transmittance (direct+diffuse, Rayleigh+aerosol) for aerosol model MC50
# Columns gives t_up for 7 aerosol optical thickness (total, i.e. all layers) given in file TAUA_VEGETATION.txt
# (first optical thickness is zero hence gives Rayleigh transmittance)
# lambda: 450.0 645 835 1665
# thetav: 0.0 10.222899999999999 21.347999999999999 32.478999999999999 43.611400000000003 54.744399999999999 65.877600000000001 77.010999999999996 85.0
# Inner loop is on thetav, then on bands 
# Dimensions: 4 9 7
0.91385015168224359 0.9090267409646613 0.90745870241946158 0.90246631806792355 0.88791228606589923 0.87304943369482912 0.85057254654500558
0.91258583078922839 0.90769018389761968 0.90587907591752037 0.90062999878040806 0.88581718009536425 0.87031559798644231 0.84765875199328344
0.90765146869508184 0.90204969903945664 0.90047776143277536 0.89472985517594528 0.87825452473481536 0.86184288981441615 0.83748265022665713
0.89832734567273453 0.89187195691438492 0.88999481621323484 0.88333488457770293 0.86389927960301549 0.84461450153944462 0.81643223860986203
0.8822354497209558 0.8746676771188947 0.8720296497699126 0.86349558001148818 0.83915108891777779 0.81455923226420779 0.78160275636847243
0.85552636224162992 0.84466614829503028 0.84133964583536813 0.82918306364184902 0.79549397090608265 0.76563767544928674 0.72377349898251042
0.80570218275707972 0.78974083643610804 0.78435133277878666 0.76698293006342855 0.72097884081595021 0.68090693539582903 0.63163579162987504
0.69694929973634656 0.6716240174092355 0.66335231435737863 0.63714610008929284 0.57816533953819083 0.53749887042228905 0.49469722232135971
0.51659843591176802 0.49064975693049978 0.48331596278708144 0.46493048297447109 0.43180311794787452 0.40964195573990958 0.38463433836798633
0.97937402535188745 0.97542198848368522 0.97417981445937329 0.96965464571337134 0.95601080158349339 0.94187246033269334 0.91987216546705031
0.97902068722008961 0.97495488219769688 0.97356547144913652 0.96895461668266158 0.95467908373320531 0.94008136340371062 0.91755224576135685
0.97769187811900182 0.97340826175623807 0.97201823568458101 0.96650567386436304 0.9506920061580294 0.93446783181381965 0.90918229038707643
0.97532564595329529 0.97003492850287898 0.96825506373960346 0.96171403910748621 0.94267064107485599 0.922564836452336 0.89326036804222653
0.97096951919385799 0.96424644577735152 0.96173154358605251 0.95242468506078082 0.92714092666346726 0.90172913699616086 0.86361506134037114
0.96330102487204128 0.95332211884197071 0.94955172728726789 0.93601844953614788 0.89813352575175953 0.86192669385796539 0.81219251311580265
0.94823828150991696 0.93106553007037773 0.92381986844209862 0.900234672024952 0.83844435708573273 0.78514734149072318 0.71963737675943718
0.90841072776711485 0.87037989843250163 0.8548245620601409 0.80541855854126709 0.70052793154190673 0.63038174728087004 0.56260227303262933
0.79454045649392202 0.70880627199296242 0.67761743626039661 0.59924227551183618 0.50191369297824695 0.4595703211772233 0.42103814963211778
0.99180373121070053 0.98846596007957821 0.98732052613322185 0.98326356252705449 0.97083414592152928 0.95756373366561365 0.93690591576408
0.99165494213571237 0.98818196573249839 0.98717611492642321 0.98278034312709284 0.97012541855267598 0.95655617230496204 0.93457400186400319
0.99117702389589224 0.98742147670255687 0.98596490926514269 0.98110061562348527 0.96682916470049685 0.9515229332974996 0.92730798835962602
0.99013697666174749 0.98559883830451767 0.98397202265456463 0.97798898940114742 0.96025996289651872 0.94120393705844774 0.91245024217707049
0.98841325443378536 0.98243438321877885 0.97996695299001024 0.97169041360398212 0.94736064607044379 0.92282283105666041 0.88554869887224463
0.98528103561866609 0.97618001671144972 0.97264884336833723 0.95936798939695722 0.92256336225311353 0.88640345021826739 0.83540029224634049
0.97896825547187927 0.96303346776864984 0.95591975425532727 0.93215524068035094 0.8682169974376478 0.81292451366078156 0.74426351531265944
0.96179884071268285 0.9238192120491332 0.90683193668327577 0.85096882487091208 0.73208120347128958 0.65558513476077007 0.58105320080571055
0.90618149586344199 0.80138185986876442 0.75711229650026424 0.64966768816893206 0.51977006679402205 0.47055740754875902 0.42706367681649693
0.99946996408495559 0.99758690218648172 0.99677104399494376 0.99444949501089808 0.98671390018094529 0.97820364679425531 0.96466152308467201
0.99946320957986967 0.99767433729089072 0.99694803794068476 0.99391835529204853 0.9861312137289685 0.97737149718738403 0.96280639946037927
0.99944964271674541 0.99706071258666229 0.99635487831199676 0.99339685818198709 0.98380219993191964 0.97442063493453446 0.95754964074368609
0.99936512175244541 0.99686003986922411 0.9957873172952808 0.9915966807312282 0.9803901559450855 0.96733147513875606 0.94698656078798693
0.99924890219570206 0.9957090119817753 0.99424521547606148 0.98848435749020214 0.97214801604409407 0.95369388030828062 0.92623260135327312
0.99905206788190959 0.99396958473829433 0.99093893621138807 0.98194188621849221 0.95293153127046981 0.92601580471242761 0.885909250068178
0.9986729301484818 0.9885866867356039 0.98322702797385886 0.96330107616070149 0.91197123778975531 0.86430723355648453 0.80216619403696321
0.99748556291431012 0.97037184441086488 0.95495638900619062 0.90444679078961365 0.79181624630174507 0.71314824411261113 0.63489319157255064
0.99335739725697636 0.90343384464374743 0.85682922607170842 0.7307868164233865 0.56540349678652846 0.50215758389570453 0.45424967589820331
