# VEGETATION total upward transmittance (direct+diffuse, Rayleigh+aerosol) for aerosol model MAR99V
# Columns gives t_up for 7 aerosol optical thickness (total, i.e. all layers) given in file TAUA_VEGETATION.txt
# (first optical thickness is zero hence gives Rayleigh transmittance)
# lambda: 450.0 645 835 1665
# thetav: 0.0 10.222899999999999 21.347999999999999 32.478999999999999 43.611400000000003 54.744399999999999 65.877600000000001 77.010999999999996 85.0
# Inner loop is on thetav, then on bands 
# Dimensions: 4 9 7
0.91390717810176736 0.90732075234186771 0.90618921045371459 0.90267328214977793 0.89277230744536329 0.882682467638646 0.86742175885801942
0.9123988907309486 0.90578589913141438 0.90447998788690687 0.90073925968839241 0.89065145068839413 0.88100359976612552 0.86632425910190058
0.9076892344955757 0.90024589661531795 0.89910257823770412 0.89558560292689338 0.88442269899603254 0.87265404884776021 0.85438021974512202
0.89814068631171395 0.88987879677648218 0.8882884868489741 0.88316584338536741 0.8703922359211349 0.85674473456078237 0.83726167151603836
0.88239795827580148 0.87205985798882169 0.8702357567086082 0.86432740135771879 0.84684376357744928 0.82993481313426942 0.80697373021904284
0.85545578831625235 0.84140846178949447 0.83883597516328268 0.83060463513869887 0.80727729502451395 0.78340399000341143 0.75193180306018415
0.80573378218904235 0.78504132956632011 0.78116247950418838 0.76745563923229798 0.73211197236722658 0.70267071784043111 0.66228318387704155
0.69706967321784652 0.66464577377245881 0.65837797895102501 0.63728624067460549 0.59138014874133571 0.5547140286321387 0.5183196756067564
0.51640912272615114 0.48377625858504808 0.47835217770132432 0.46355018914988655 0.43515393473349795 0.41791493994314505 0.3966499957103089
0.97933948288547645 0.97460121441138858 0.97368097816698673 0.97031799472168945 0.96022514891234778 0.95041045425463933 0.93451730222328844
0.97899143498080587 0.97414189427383224 0.97290314795265553 0.96986917418426077 0.96011918969929633 0.94935975079974411 0.9322392899072296
0.97768342602367175 0.97235505302303293 0.97102623368522079 0.96725430694177894 0.95584038467690369 0.94413935308701225 0.92592394753678853
0.97523224984005108 0.96890157333653237 0.96719043538067817 0.96266104262635954 0.94914851799424194 0.93490128958733221 0.91253489243442087
0.97089810212731908 0.96257837731925777 0.96102425359884824 0.95433297048944354 0.93578947936660295 0.91647308557261664 0.88762710772552778
0.96334879670505447 0.95155962428023022 0.94870198616442736 0.93858567498400514 0.90951391898592482 0.88304292522392824 0.84293302791106828
0.94818021681062048 0.92865845345489439 0.92278445529430586 0.90509671992962215 0.85654851655470277 0.81225890019193847 0.75483684900831738
0.90841830590211092 0.86715413747600789 0.85558382317658399 0.81590970729366619 0.72626556214011517 0.66293258029430568 0.59793286532309664
0.79458904894433768 0.70712629134676908 0.68167424824056289 0.61406276151631467 0.51872087100127962 0.47609777999040315 0.43964516506717843
0.9918138046429017 0.98768692359743449 0.98672513935766648 0.98335870922615465 0.97360638873561489 0.96308288763914351 0.94673800000036434
0.99167305284138374 0.98745922662643559 0.98637968877400706 0.98289451569770125 0.9722543983325217 0.96264900074196713 0.94483885893290542
0.99115643964232913 0.98651333524642759 0.98546496723029009 0.98148173716449538 0.96992658274402521 0.9578768213377794 0.93832826481380083
0.99013499766831314 0.98465615199755174 0.9832187174889303 0.97848457827789159 0.96429401993190011 0.94940610551170945 0.92696037241111762
0.98839099508625461 0.98119197177915163 0.97952787437159294 0.97299705778967782 0.95315485602159822 0.93290850169218176 0.90344358856985996
0.98526662652823294 0.97503665268506656 0.97202387131869139 0.9617893773880607 0.93140414186739928 0.90204393825413187 0.85984840736551149
0.97899687260080936 0.96181604437304324 0.95581577159273401 0.93600022444905673 0.88354392458419884 0.8374183765647496 0.775334224614456
0.96180348621556844 0.9239495329479871 0.91026427714467228 0.86388446924255924 0.75966439878714687 0.68756282841453509 0.61315851090145723
0.90638751879737511 0.80948205094475589 0.77198218128975882 0.67317776344351843 0.54171695600256786 0.48807593061856241 0.4438408220086198
0.99947175848902814 0.99701558485796415 0.99605224956413851 0.99278853896418218 0.9831487924119674 0.97291526740851597 0.95588158896753839
0.99948461278169443 0.99689607186971085 0.99613822752872805 0.99309512353811547 0.98279524723345724 0.97164123115350787 0.95419486846081492
0.99944447306964057 0.99671888431433264 0.99568764473214766 0.99211803993081005 0.98105960271687687 0.96747659070259096 0.94923065070586587
0.99938295210022243 0.99612785431256523 0.99500970255866317 0.99016707212336408 0.97579326954564038 0.96104671658023766 0.93779294168043847
0.99926100998877232 0.99546549303010956 0.99344479054018775 0.98695862272602963 0.96734215001872681 0.94641111796770261 0.91646750303453062
0.99905413572923307 0.99330098804632883 0.99052178227142207 0.98039126131199028 0.94921283422757718 0.918045305521346 0.87445301975622103
0.99865551897626981 0.9891710059057216 0.98373451696376202 0.9629038439234151 0.90655405628360464 0.85741848725115244 0.79351034134778431
0.99746310583078479 0.97540054081430927 0.95978919952860575 0.90890453228449819 0.78927766912495112 0.70637720564259077 0.62777897301182428
0.99345562082863648 0.92342467866555777 0.87028155487224912 0.73061149727720676 0.55751563169677087 0.49384828357825661 0.44617988520306945
