# VEGETATION total downward transmittance (direct+diffuse, Rayleigh+aerosol) for aerosol model MAR99V
# Columns gives t_up for 7 aerosol optical thickness (total, i.e. all layers) given in file TAUA_VEGETATION.txt
# (first optical thickness is zero hence gives Rayleigh transmittance)
# lambda: 450.0 645 835 1665
# thetas: 0.0 10.222899999999999 21.347999999999999 32.478999999999999 43.611400000000003 54.744399999999999 65.877600000000001 77.010999999999996 85.0
# Inner loop is on thetas, then on bands 
# Dimensions: 4 9 7
0.91386240753750991 0.90731017970787275 0.90633035971977127 0.90267504049279368 0.89300840330568187 0.88322136298871112 0.86769431463836133
0.91251494914496345 0.90588615478919887 0.90445582762493137 0.90096456335725716 0.89020841545538087 0.88105942541799709 0.86572991155643531
0.90756102908577374 0.90039663979549656 0.8990256293151907 0.89467695860903129 0.88313132742800027 0.87168963252940024 0.85637775383152082
0.89824109286852394 0.89006766283633709 0.88858022625143795 0.88394675685845348 0.87053254699626914 0.85597701539183213 0.83820430106956634
0.88254166302424841 0.87229217632364597 0.87055993129738718 0.8638620130793877 0.84757787766051451 0.82948350096536771 0.80473714193434964
0.85553112190275482 0.84161965855786813 0.83892343076372977 0.83072351070533867 0.80656014020798128 0.78328298684330921 0.75203965303347653
0.80578074459375026 0.78531619351768511 0.78132540332500067 0.76810641682488445 0.73398276154422115 0.70242006152862368 0.66069404734793735
0.69728255559916896 0.66507966273725938 0.65873213200391989 0.63868831178031171 0.59201546579168718 0.55671473715707276 0.5184873739102781
0.51678681225983203 0.48427178150073408 0.4793809936124323 0.46474651440857451 0.43666807939087349 0.41813698902654484 0.39716490674235888
0.97934860028790804 0.97464134796864965 0.97365715866922564 0.97028854678502907 0.96045712883877199 0.95040203646833044 0.9343759332213688
0.97902264923224558 0.97398614723288535 0.97299700063979533 0.96955833253358925 0.95968615467050522 0.94878976783429303 0.93379493378118994
0.97770064483365327 0.97221807749520173 0.97114121873000603 0.96711079302623193 0.95571660748560516 0.94461696369161907 0.92621946177223236
0.97524487012156102 0.96890639595329486 0.96742674016314745 0.96276993234165043 0.94945554718490088 0.93378111748240555 0.91277178502879119
0.97094707901471511 0.96267004598528505 0.96067289883237394 0.95444856525911725 0.93560360620601413 0.91666435844529759 0.88841187723928361
0.96333133541266747 0.95148715251119631 0.94866726591490713 0.9384511998560463 0.91007005118362094 0.88221754678502862 0.84279092658349308
0.94825690339091495 0.92859209956813804 0.9232888174984003 0.90500363059820876 0.85629567394433792 0.81284778262955859 0.75625684604926435
0.90838622920665379 0.86768692418426097 0.85561886092450401 0.816122777511197 0.7261914027511196 0.66272728542866277 0.59781965283109428
0.79452310980486252 0.70768762939859253 0.68218143586052471 0.61445503678822777 0.51954818682021742 0.47752029854446559 0.44001019481765857
0.99181486476657232 0.98768684407896035 0.98670516233457095 0.98333019093897855 0.97344291788438797 0.96302250328195871 0.94685415319003696
0.9916539309059158 0.98739301613787467 0.98646933128233161 0.98278828680115593 0.973034666306971 0.96175139459806436 0.94523671519778796
0.99114589458362201 0.9864627921187894 0.98548840312573671 0.9817323336399324 0.97006516839094925 0.95765960727899857 0.93871223782653601
0.9901706487048354 0.9847292170152302 0.9832595028038843 0.97853617838452933 0.9642804335801588 0.94906190718544026 0.92647039362609984
0.98840537355445535 0.98125714420612553 0.9794340542056913 0.97277871886542955 0.95324480669203493 0.93316987102917504 0.90271827363814827
0.98529841530638818 0.97520437280875916 0.97200012009944714 0.96141353553894227 0.93179349995741123 0.90147013457831593 0.85913716143230878
0.97900194442340682 0.96187635720652054 0.95624915898177454 0.93641375643111069 0.88333576473613817 0.8362507733837532 0.77581673824952724
0.96182340195348515 0.92446955510284101 0.91039574231884524 0.86445092651885058 0.76125234175560563 0.68792774477499807 0.6141270454710861
0.90634262363171103 0.80968544920237084 0.77238609479210019 0.67389054024495276 0.54206787263617984 0.48895334301430271 0.44484423902918885
0.99948076447592316 0.99702838321298803 0.99604517966987782 0.99271439726532529 0.98311148722822994 0.97236452499162196 0.95572559693843595
0.99946303792690672 0.99689493220153413 0.99583031549373635 0.99307009574691063 0.98219063644529214 0.97299422531366064 0.95520184819582743
0.99943146108442127 0.99667105988207316 0.99563147516485373 0.99231950496001464 0.97966089001354062 0.96776367467514979 0.94886448511756116
0.99936041118132901 0.9961012016619154 0.99511052285324486 0.98989126744878753 0.97609721539346839 0.96165840913748668 0.93748494636699964
0.99926038323734245 0.99528514775213006 0.9938247684518402 0.98739836739049536 0.96672106196130791 0.94759273689617896 0.91655665848961054
0.9990559800441372 0.99341202189124689 0.99079021756998453 0.97976307597684154 0.94929865876737074 0.91897968420138587 0.87538258276834746
0.99865091816910156 0.9890975410098567 0.98316361283605502 0.96310134320037377 0.90668464840934138 0.85706214329843688 0.79290869270107256
0.99745160482170614 0.97554368274213421 0.95964700214400933 0.90721026952299544 0.78937705983009288 0.70753034907807422 0.62605531718093432
0.99337282041924935 0.92452230561628479 0.87023921168625828 0.73158463272917018 0.55898041117455644 0.49469554664240101 0.44461251312802297
