# VEGETATION total downward transmittance (direct+diffuse, Rayleigh+aerosol) for aerosol model MC50
# Columns gives t_up for 7 aerosol optical thickness (total, i.e. all layers) given in file TAUA_VEGETATION.txt
# (first optical thickness is zero hence gives Rayleigh transmittance)
# lambda: 450.0 645 835 1665
# thetas: 0.0 10.222899999999999 21.347999999999999 32.478999999999999 43.611400000000003 54.744399999999999 65.877600000000001 77.010999999999996 85.0
# Inner loop is on thetas, then on bands 
# Dimensions: 4 9 7
0.91379349202637772 0.9089280835191399 0.90746182256562735 0.90239168082489474 0.88792542735220814 0.8728195704054359 0.8507049448736973
0.91236742481840516 0.90733610522949948 0.90607898181504176 0.90071059533491238 0.88597957144854955 0.87129091489192845 0.84758485061448297
0.90764185206627512 0.90220904349672004 0.90052285055131431 0.89488495864099293 0.87855853055463606 0.86194862465741295 0.83678966143770184
0.89817349162753013 0.89213523326636635 0.89043284134201595 0.88312499301389091 0.86409191732844171 0.84487228333772213 0.81569659391779192
0.88263396445310927 0.87459281439921022 0.87250470381660739 0.86350127145683275 0.83935740352133481 0.81558201221372895 0.78171171810409179
0.85537902640247498 0.84481859239314949 0.84150666322650469 0.82953594034335376 0.79724414186452086 0.76619890260907775 0.72459428761380551
0.80570196587580256 0.78959277337585732 0.78464610932513645 0.76705006195146597 0.72117647525066608 0.6807436015673215 0.63164075591141922
0.69733653849570465 0.67160211108295897 0.66303249041114698 0.63723943474760503 0.57924575246876908 0.53787869240631192 0.49377690631889987
0.51679570006317743 0.49094370422893796 0.48378569340501154 0.46508897786649006 0.4319092215305752 0.40974055576324814 0.38390829881266419
0.97940385396673069 0.97547047232885453 0.97420602271273193 0.969590069657709 0.95615563659628899 0.94196254566538717 0.91949047384836846
0.97897832637556015 0.97496851239603333 0.97374105766154873 0.96902267026551525 0.95448773456493907 0.9402191331573897 0.91747160300703767
0.97768804230646211 0.97340241266794647 0.97176337843889959 0.96661550255918094 0.9506899571337174 0.93461843410108802 0.90951404006717829
0.9752325182341649 0.97004061524312191 0.96816867954254637 0.96178039227447265 0.94277344505758154 0.92280751943378148 0.89338055614203471
0.97092956829814481 0.96405923224568191 0.96149937955854137 0.95255643825975689 0.92718410484644953 0.90161827055342292 0.86394258589251438
0.96330797968650017 0.95324094097888701 0.94921707253678844 0.93608898376519556 0.89819456973768408 0.86146489267434379 0.81176316666666681
0.948202934021113 0.93072684005118356 0.92407359341010942 0.9003601733845169 0.83865088315738945 0.78458306046065251 0.71921564795265525
0.90852080342290431 0.87050816114843255 0.85476162571976999 0.80562948432501591 0.69965895737364037 0.63029062140115155 0.56301352951055661
0.79451258181381945 0.70882970185540639 0.67766479590531037 0.59982531621881008 0.50198798672424805 0.45956595841330777 0.42051685900511854
0.99180758795318191 0.98847902932787624 0.98739948551049406 0.98317445958536065 0.97096251535045697 0.9575419201097688 0.93648918684844651
0.99167304595494432 0.98830167534587632 0.98708058575622626 0.9829068430375707 0.96977219527045011 0.95653781391681092 0.93503257866763512
0.9911551416547898 0.98725685762782411 0.98604447628622705 0.98138475052503893 0.96665920480292911 0.9513214326857925 0.92725023840129794
0.99015010004936099 0.98559899712144794 0.98385032497446245 0.97791600291550485 0.95994960682186337 0.94165818203378526 0.91245643056867864
0.98841834654621585 0.98254468149481367 0.98004981502294608 0.97197740503619656 0.94703883863326055 0.92227361728049262 0.88563434512139594
0.98530204196331428 0.97629508439404522 0.97251334999319061 0.95945538779856265 0.92222565997231598 0.88609430814387402 0.83567798981582198
0.97893238894550239 0.9629873673732402 0.95586194199713914 0.93207232799385487 0.86787381841416911 0.81256935539045505 0.74398524248756381
0.96179200112730889 0.92390727039666831 0.90662937728753235 0.85093387848455704 0.73276702153488704 0.65535030898935875 0.58154929454948745
0.90623684817551142 0.80104035465843726 0.75727853881941565 0.64950457400105832 0.52023143288597185 0.46966839845464103 0.4265721813172717
0.99947096008643599 0.99747337129745961 0.99685254298447556 0.99444368673415029 0.98676035329529244 0.9781769742838915 0.96497683236214915
0.99949415769541172 0.99746131331168575 0.99676325360609708 0.99421210164918761 0.98560770696032374 0.97789822758648204 0.96373518161719662
0.99944310180160723 0.99747071252951314 0.9962325509205977 0.99357902392224828 0.98462563072540932 0.97423858093424109 0.95834640582785902
0.99936657884711844 0.99675868257734357 0.99592912779664389 0.99217619754932407 0.98020482434207079 0.96731388819754083 0.94757647330409533
0.99926305389853165 0.99586984227930919 0.99456376039142924 0.98869740729815692 0.97199566696282691 0.95449970499333447 0.92643777452279041
0.99904749303151241 0.9937915288889364 0.99089628150404896 0.98158120365511692 0.95453221965841417 0.92611379073900202 0.88448029617918378
0.99861875250395682 0.98848089221088586 0.98284912986808837 0.96410723771014295 0.91164405417233096 0.86374067080886974 0.80292356125803621
0.99750834533312505 0.97041732941595604 0.95477302603985914 0.90513055500473638 0.79311251515769388 0.71451478930341972 0.63538604251993425
0.99341582441741971 0.90331638523335989 0.85562065685977517 0.7312796490064748 0.56672319977984031 0.50235661912807528 0.45328153704130897
