# ATSR2 total upward transmittance (direct+diffuse, Rayleigh+aerosol) for aerosol model MAR99V
# Columns gives t_up for 7 aerosol optical thickness (total, i.e. all layers) given in file TAUA_ATSR2.txt
# (first optical thickness is zero hence gives Rayleigh transmittance)
# lambda: 555 660 865 1610
# thetav: 0.0 10.222899999999999 21.347999999999999 32.478999999999999 43.611400000000003 54.744399999999999 65.877600000000001 77.010999999999996 85.0
# Inner loop is on thetav, then on bands 
# Dimensions: 5 9 7
0.95885395616073843 0.95321854006497986 0.95228952039044834 0.94870280429915199 0.93947638636391273 0.92993222206605897 0.91313921783545671
0.95816337099096693 0.95224554157185337 0.95119831008327338 0.9479561506143096 0.93661177496481263 0.92617593744955085 0.91215330922133375
0.95564714393782668 0.94963741085110942 0.94811427172189133 0.94478496689137914 0.93253333713195163 0.91941796354908201 0.90275055087471667
0.95095322908528934 0.94356132826715644 0.94231582570567485 0.93668999445113721 0.92434409031504383 0.90956389634618762 0.89002973697659993
0.94269974777011156 0.93323316779428633 0.93119996797640925 0.92530930708169556 0.90521475979061961 0.8874472071332089 0.86277693708855074
0.92820611388757079 0.91492942422435575 0.91209328785740074 0.90279189699923346 0.87571386352555625 0.84968403553624816 0.81174579373075839
0.90025245319566627 0.8792039563452948 0.87395495995732875 0.85621743688574126 0.81329732956513634 0.77401076080466613 0.72464287892486723
0.83077511073388599 0.79060278170416609 0.78094188712039148 0.74993867309369389 0.67531823404397706 0.6237798184592982 0.56840943611506589
0.66453964756000106 0.60020984884216155 0.58676125484004438 0.54708947348268211 0.48673936700779191 0.45629014595375145 0.42780366951005333
0.9794142239674839 0.97466511097775677 0.97378569457581965 0.97030557081745905 0.96043985125701647 0.95084520277733853 0.93459138192282598
0.97905208382358333 0.97433028026549651 0.97275392038491848 0.970572653872809 0.95999289152198597 0.94971898826589607 0.9327533005044405
0.97775153074983989 0.97236771348190987 0.97101426929699319 0.96743880398085458 0.95559040494340941 0.94387170247732155 0.92506947028705633
0.97529247124480323 0.96903981480238843 0.96715440309457068 0.96317433883395287 0.94845418828364469 0.93462718238290876 0.9126919754030226
0.97095998392776295 0.9626043659871899 0.96093699096283081 0.9545395557230274 0.93569288105407344 0.91654604247383142 0.88802398854876885
0.96345490026903802 0.95163251201678856 0.94895630231789374 0.93876166937321637 0.90885276531315118 0.8823225442605237 0.84399787674585625
0.94836419159812269 0.9289707390839973 0.92305450747043905 0.90404217765817507 0.85732807858951976 0.80958110836972574 0.75415957147789714
0.90857825788733526 0.86701206311207124 0.85582380857773543 0.81625695522075958 0.72663640172769051 0.66398156275443743 0.59663106897533025
0.79459146793797197 0.70616888620115226 0.68140558077854019 0.61363984004648653 0.51970560021861534 0.47686440671090269 0.43804895058942089
0.99300491388081957 0.98896995468926241 0.98810603010028275 0.98458714107189771 0.97485855087728113 0.96450768260851039 0.9480038983902993
0.99288467244889311 0.98889733483474196 0.98793885832354711 0.98485317300709219 0.97356552125986984 0.96253742037447643 0.94551770936732216
0.99248267383956312 0.98797492622494854 0.98674062124905371 0.98280824286122659 0.9700614446590542 0.95921170197359262 0.93917867354211404
0.99155546307577613 0.986043901828345 0.98463883298437826 0.9799369440235951 0.96674749147248784 0.95060535087766729 0.92797371495124925
0.99008784151768492 0.98313775089041533 0.98165857090679431 0.97522551990203499 0.95530953140789909 0.93463822397129048 0.90420635429253526
0.98738895747253452 0.97765842131124747 0.97414025768538415 0.96393413974110376 0.93443115929353959 0.90223318613926795 0.86242462082219495
0.98203572324698296 0.96543850948359788 0.95917574892995661 0.93992763408184865 0.88596822378779916 0.83897956421805708 0.77595999603659016
0.96724693226663783 0.92976975112412485 0.91690480823044962 0.87022746596141654 0.76499355427862858 0.69098822428612261 0.61441700108356379
0.91867591684371952 0.82258182755497022 0.78435790280760831 0.67936940144784208 0.54433366071318201 0.48735114854095524 0.44366572045212233
0.99941735004911958 0.99691607909254165 0.99584466422323248 0.99244962686385507 0.98312765719161843 0.97300605370783955 0.95575877879171622
0.99943476555813282 0.99669519887038871 0.99597151003194762 0.99281129064066354 0.98217623360960538 0.97115704370855205 0.95468219554860512
0.99937707716369506 0.99661176723023515 0.99560255565572175 0.9920051913975253 0.98061387163567093 0.96738279467212862 0.94915532405303238
0.9993193594751103 0.99588725145966117 0.9949380090969564 0.9901949961968225 0.9754336629120105 0.96035482438310171 0.93775750956698545
0.99918954351681311 0.99522354483533082 0.9930634951000058 0.98729974059156256 0.96738838504871083 0.94594672714669148 0.91664501044997315
0.99896130063785515 0.99291027799892162 0.99064653114930323 0.98051125402891093 0.94883299528469867 0.91732246161389586 0.87563429788128577
0.99851003588944243 0.98862874904820253 0.9833875981428839 0.96278727900576078 0.90532039315335755 0.85651432646676129 0.79434913303951948
0.99720516275579629 0.97454998784400104 0.95903670753310943 0.908023363720599 0.79071301686279694 0.70835434559783761 0.62575916864120829
0.99277571203884596 0.92086994387388366 0.8684133576938553 0.73036644708115084 0.55676921263459322 0.49396237646181435 0.44634154044558516
