# ATSR2 total downward transmittance (direct+diffuse, Rayleigh+aerosol) for aerosol model MAR99V
# Columns gives t_up for 7 aerosol optical thickness (total, i.e. all layers) given in file TAUA_ATSR2.txt
# (first optical thickness is zero hence gives Rayleigh transmittance)
# lambda: 555 660 865 1610
# thetas: 0.0 10.222899999999999 21.347999999999999 32.478999999999999 43.611400000000003 54.744399999999999 65.877600000000001 77.010999999999996 85.0
# Inner loop is on thetas, then on bands 
# Dimensions: 5 9 7
0.9588249170935802 0.95327858444574243 0.95220554100601507 0.94871716040594301 0.93935257859469368 0.92806084297285996 0.91424192454885078
0.95817095622360948 0.95250415435208491 0.95118556145122213 0.94791620102256491 0.93699901699542043 0.9280803045344107 0.91164708362436453
0.95564941418732252 0.9494041487869973 0.94849751010801642 0.94390038482256222 0.93278939028421681 0.92198499082693475 0.90532238787687025
0.95088611863939287 0.94359544405505047 0.94209510989628342 0.93698569803112719 0.92322584235631966 0.90961793818574899 0.88792880391381424
0.94253518907506795 0.93320526962889927 0.93160342815682828 0.92544182625731652 0.90801148723518177 0.88898554470525748 0.86018551771336571
0.9282351426824369 0.91530961386526166 0.91227191275954511 0.90235097961969213 0.87573610878286023 0.8502393865728064 0.81193480194250744
0.90025018049217775 0.8791311215618749 0.87416658691595972 0.85762683063799727 0.81467816235494073 0.77577634456288513 0.72463540367774404
0.83064658773936551 0.79068519445154284 0.78146918545897781 0.74930485359398391 0.67749424966637861 0.6261337034197707 0.5705477370638079
0.66459357181680656 0.60059431387175155 0.58649047628145057 0.54745236376081474 0.48793785918543675 0.45707052807489346 0.42661815501324335
0.97943275242807071 0.97476414667779732 0.97368352932918889 0.97020871681215426 0.96011080735092313 0.95047984292470411 0.9344377134275893
0.97905082909374619 0.97406927392000719 0.97286599791029882 0.97013016625967696 0.95965552712168789 0.94888514706468086 0.9349922273152601
0.97781063969957105 0.97227766295207185 0.97123118631885186 0.96672304341529935 0.95605880708829538 0.94450020480432595 0.92639693633558029
0.97538758334024567 0.9689257071785613 0.96733730956903075 0.96329832480812005 0.95055211016207242 0.93281438475566048 0.91250121426447817
0.97102579616224904 0.96280371223009342 0.96080390775123947 0.95434125054951335 0.93578437447178486 0.91795312603492552 0.88829733717196313
0.96349152213529154 0.95155505696296272 0.9487436590447712 0.93906395685954747 0.91133453030085398 0.88292841744687378 0.84376629768474232
0.94843740709645363 0.92872497825715894 0.92349655598317126 0.90535714292068448 0.85638648835987197 0.81261772375884833 0.75604957987064436
0.90853944988918578 0.86772147308620473 0.85579320845711648 0.81600503098447674 0.7265965708650941 0.66227787835697305 0.59831509077242051
0.79419374027123879 0.7071645463469074 0.68165767441927094 0.61391510803973259 0.52009402245509517 0.4773682718493758 0.43940216219358413
0.99302967215337545 0.98904038261585014 0.98811261613447776 0.98455051589806419 0.97475349708538694 0.96453898521060921 0.94786999863443921
0.99285800627153575 0.98883865679999083 0.98773056812545379 0.98419584297016227 0.9739589244827479 0.96260081269411446 0.94619754742185191
0.99246148521060917 0.98793522230055453 0.9867208289128051 0.98299926516603076 0.9716626914354034 0.9588444591973514 0.93992175987762117
0.99157486843487797 0.98626074579901701 0.98468820456951034 0.98025563184325604 0.96609853660746003 0.94970962359967248 0.92748026987885712
0.99008869494684582 0.98305936676993677 0.9812844293462305 0.97535549124843568 0.95534561316385191 0.93491413176599658 0.90487617905264461
0.98746956850016254 0.977742581823555 0.97406670194075773 0.96372970801721325 0.93333552291901656 0.90352057347180803 0.86165527663326491
0.98200102073450535 0.96535308615781001 0.95989816965982655 0.93965498751100962 0.88689525150076476 0.83824364683352137 0.77697386351345077
0.96714856720606646 0.93064795805777478 0.91638443350858356 0.8695379512376965 0.76503139794798891 0.68998323563746788 0.615559282559065
0.91873282176051074 0.82259180893737338 0.78361289135196321 0.68059240579368641 0.54424517916660231 0.48959918276496134 0.44434555490056704
0.99942910287034958 0.99686907034334438 0.99591168672428365 0.9924937552471792 0.98286468527996185 0.97210457624862845 0.95553745255719891
0.99939703012659409 0.9968152377663474 0.99582598338840944 0.99308988022618161 0.98260200293433997 0.97256904446418679 0.95375853743691752
0.99936243829636817 0.99657322701566009 0.99557163922705894 0.99266457114780726 0.97965241415226234 0.96746251844519016 0.94856819495215816
0.99931031499427525 0.99597595524399218 0.99478040147924784 0.98972400038630093 0.97614909372753778 0.96128791129594315 0.93726948739876714
0.99917681475586928 0.99506215477519455 0.99354794545354008 0.98735394393284071 0.96743150367582387 0.94735658541357182 0.91711141552609465
0.99895852126354068 0.99311840822798381 0.99040226919778429 0.97959517688220932 0.94943004027513622 0.91845918696063911 0.87510060078436236
0.99850818365346627 0.98853558138130315 0.98270577455625108 0.96302813229775241 0.9070690989683462 0.85752110857353769 0.79285273395417788
0.99719220896877958 0.97470473654224576 0.95913513027835418 0.90664389835112302 0.78974075652438158 0.70787823231934155 0.62559907226196354
0.99273005289384075 0.92215714688334749 0.86851237253215829 0.73113788556370274 0.5592551254856748 0.49524939174067745 0.44445507025303976
