# ATSR2 total upward transmittance (direct+diffuse, Rayleigh+aerosol) for aerosol model MC50
# Columns gives t_up for 7 aerosol optical thickness (total, i.e. all layers) given in file TAUA_ATSR2.txt
# (first optical thickness is zero hence gives Rayleigh transmittance)
# lambda: 555 660 865 1610
# thetav: 0.0 10.222899999999999 21.347999999999999 32.478999999999999 43.611400000000003 54.744399999999999 65.877600000000001 77.010999999999996 85.0
# Inner loop is on thetav, then on bands 
# Dimensions: 5 9 7
0.95881361223670258 0.95452554622835528 0.95317383376531728 0.94837743273626263 0.93381054928469132 0.91892207793759173 0.89597398653143356
0.95827445679553169 0.95330501076511831 0.95200983647282145 0.94667833392148015 0.93222797258220869 0.91535953138879744 0.89339337468412416
0.9558201024247881 0.95095911124496524 0.94900898466153172 0.94366397577645533 0.92658854853024086 0.90982779589676166 0.88483124187850104
0.95101929609551528 0.94478674787557237 0.9430443876193022 0.93584565783026508 0.91659110408174038 0.89672494054847718 0.86657169173186976
0.94256719685483314 0.93529821118533929 0.93241319348819851 0.92315486786161904 0.89773355266552257 0.87176684121855941 0.83504870229417894
0.92832393542754232 0.91747207363195005 0.91399846013580088 0.90024201371193779 0.86463964203547539 0.82963048198242062 0.78135174183793921
0.90039471587226239 0.88216751290678486 0.87544146822383651 0.85479403848712354 0.79864272056121388 0.74874093266730735 0.68815889491029747
0.83074674269176618 0.79585533780527884 0.78329721442217592 0.74365702868129335 0.65557906277962341 0.5967139698300864 0.53790778694475883
0.66495262059447469 0.60707730271318294 0.5874418123425692 0.54084031147454525 0.47723085311941016 0.44403900181311529 0.41064365029184258
0.97950658006901636 0.97542366380339462 0.97410890041367604 0.96979129008763398 0.95620740335221255 0.94209200029460449 0.91995270592208978
0.97924639361203947 0.97498216826961348 0.97370808545271104 0.96903742857510378 0.95476974474699383 0.94019515168596812 0.91760160635301879
0.97765733322437309 0.97350566372498659 0.97237476790025712 0.96666350540550672 0.9504837415153693 0.93461542924036978 0.90915569958558029
0.97549733516802661 0.96998901737579668 0.96845017722339621 0.96150634702386883 0.94249403723421521 0.92241982080507146 0.89374437253980499
0.97107570783867514 0.96473199577139623 0.96170977216136799 0.95195844987326084 0.92791764847033165 0.90260930370943326 0.86343467239744753
0.96336414750907196 0.95358245527463015 0.94997038073739137 0.93623562874027966 0.89735517402001841 0.86175415512291209 0.81259149934190789
0.94830924846535636 0.9309189121657615 0.92385637276065236 0.9004425049556225 0.83886676030936347 0.78524887921585662 0.72044451047839386
0.90853883674301128 0.87026413185706875 0.85525363285875844 0.80431135981604018 0.70154406678452719 0.6311204235781257 0.56269160223450632
0.7942482561221319 0.70804855131903677 0.67861565655979195 0.59942054346849794 0.50240496337134688 0.46021264346617219 0.42264841877329451
0.99303285225481719 0.9898358618987283 0.98875604993664701 0.98478177515374654 0.97240212270153126 0.95908695631171115 0.93916527657918314
0.99284166314878641 0.98961145958171726 0.98859055096226645 0.9843225551033733 0.97170766271227027 0.95919529243861723 0.93657279000494453
0.99247888960203667 0.98863077146653888 0.98702803562240204 0.98201450611315433 0.96838050574037748 0.95319803485946508 0.92995960961377988
0.99164001704729821 0.98706692935202511 0.98532645555263676 0.97959214450028576 0.96218972554738302 0.94344618799349456 0.91411644726849206
0.99004107655059714 0.98399858176561039 0.98204517087473164 0.97363384045729862 0.94948361919781532 0.92505337975725077 0.88739635860554411
0.98745477559219386 0.9784394294814347 0.97460357126991382 0.96116212362285025 0.92386712872776844 0.88976321103805789 0.83908379261438282
0.98198406066605382 0.96601089683545271 0.95928785584158716 0.93521556196208122 0.87257246172566727 0.81535494719509538 0.74712662763261595
0.96707581460821745 0.92965298379869277 0.91138378121861319 0.8565066030525208 0.7345721524927763 0.65858416127138153 0.58336807268183
0.91866784979796667 0.81367058588547059 0.76602822668502868 0.65561129251780836 0.52245665986912249 0.47215915020010196 0.42847423766359682
0.99941490017132029 0.99743423907870177 0.99654127274310678 0.99414368876806858 0.9863180227112357 0.97729288401088277 0.96310262101149391
0.99940521071474053 0.99735597420130218 0.99677397657224232 0.99338159403951176 0.98543503853520842 0.97673627455773215 0.96153296617543738
0.9993882053501395 0.99700716205028328 0.99633018294406683 0.99330594505861103 0.98331534134454934 0.97350664978548751 0.9560890565829856
0.99932092718411025 0.99657617380251695 0.99547514449055108 0.99148203117381339 0.97953400924714529 0.96691806413829806 0.94567208475939679
0.99916083506766851 0.99542084116862184 0.99421940162691391 0.98834437102240613 0.97090080284700464 0.95188817226442013 0.92390628778291084
0.99896516768685306 0.99335164399010001 0.99082714879966516 0.98105382941144792 0.95131419171848042 0.92455003222844256 0.8822760279695413
0.99851258872434967 0.98797536321706458 0.9826215769110771 0.96249935610068815 0.91027712980360576 0.86145880507073336 0.79853971985713068
0.99718602733321915 0.96996504139844819 0.95422013900056701 0.90221808222290756 0.78874444345054651 0.70968978099889701 0.63113989990566166
0.99266659367949928 0.90071609552583665 0.85282604036310816 0.72746813303266866 0.56400904383026051 0.49921426757581039 0.45322903418464616
