# ATSR2 total downward transmittance (direct+diffuse, Rayleigh+aerosol) for aerosol model MC50
# Columns gives t_up for 7 aerosol optical thickness (total, i.e. all layers) given in file TAUA_ATSR2.txt
# (first optical thickness is zero hence gives Rayleigh transmittance)
# lambda: 555 660 865 1610
# thetas: 0.0 10.222899999999999 21.347999999999999 32.478999999999999 43.611400000000003 54.744399999999999 65.877600000000001 77.010999999999996 85.0
# Inner loop is on thetas, then on bands 
# Dimensions: 5 9 7
0.95885725188511262 0.95454061105026822 0.95315576445320571 0.94815487353622385 0.93403147649642859 0.91885526346146817 0.89560801614362129
0.95813587296632952 0.95355666377866211 0.95253652537955769 0.94686053863720254 0.93199355468144729 0.91784800833546276 0.89377096818327473
0.95572917067215069 0.95050263302060112 0.94912436758377072 0.94323477511691955 0.92719020344005154 0.91136888013361084 0.88417572201332872
0.95103953999399682 0.94511291406360898 0.94330417341007633 0.93611915322649342 0.91687890971132102 0.89678301895658674 0.86579654597078737
0.94254167652928356 0.93493044536925474 0.93264425558841091 0.92324815267079618 0.89835423530950709 0.87243820093941271 0.83487743694658378
0.92811297180950514 0.9174933840376901 0.91379245734108872 0.90032977325512997 0.86328365380044347 0.82928961756247532 0.78076610134787072
0.90020712931527491 0.88242467308963757 0.87606455795478999 0.8540605967197622 0.79681368183274714 0.7487545231527114 0.68741343652068443
0.83058238533364126 0.79607915634367254 0.7836047869751801 0.74280417729184645 0.65463417530431534 0.59687773653244747 0.53814740792659921
0.66478963172059358 0.6069962581113586 0.58907157427079904 0.54180261203186553 0.47666303154090467 0.44301211972239468 0.41030350815090644
0.97954598368643064 0.97549762576841559 0.974187666811831 0.96950762494381681 0.9561607597742503 0.94224600936077407 0.91947442190910589
0.97896448212945764 0.97478193460628049 0.9738838796727769 0.96904395644815766 0.9543853093669511 0.93989881060432745 0.91804189810512815
0.97769786177159224 0.97337418942866227 0.97183013199012647 0.96691496848824221 0.95072135682090053 0.9341472563225327 0.90942907512362103
0.97530747299136955 0.97019480673794434 0.96831063275153617 0.96162251276045829 0.94259182484112625 0.9227516090620359 0.89362599374269536
0.97109130750970862 0.96422275257559709 0.96167668274650364 0.95268366334091836 0.92807614692267304 0.90196407893335595 0.86442798804624243
0.96334542855941097 0.95328541113514176 0.94929377397714843 0.93599547237226999 0.89883833423836812 0.86182251371375662 0.81205860749404291
0.94829323479782046 0.93120079980713522 0.92434605893802302 0.90072368272895909 0.83926778732626184 0.7842772369666422 0.71888882503802465
0.90881806832649581 0.87076709339680536 0.85501187902324072 0.80584079537169395 0.70013711176358195 0.62996395467580213 0.56364563002817769
0.79410084612396581 0.70845405424395402 0.67743642335782694 0.60020485206479612 0.50162189223704379 0.45949563689603018 0.42089167017071638
0.99298181688737108 0.98973488855903402 0.98860480794265804 0.98467909544246501 0.97231574092394568 0.95902163747547009 0.93862133155314675
0.99296714857379065 0.98951695836488107 0.98848433040198092 0.98383545195620947 0.97135875335885469 0.95803197091567893 0.93634007125639329
0.99249905927538373 0.98860661981782227 0.98746932751247762 0.98240774668363806 0.96799317576718658 0.9527569411939677 0.92929651062703766
0.9916206659281952 0.98698576404576843 0.98535057825030536 0.97954852510932211 0.96210422879421187 0.94373998007092452 0.91426932056105803
0.99012886584668647 0.98450238137004198 0.98205255511689393 0.97336082574516747 0.9494233131364247 0.92417812957569123 0.88819270598142686
0.98740762985768815 0.97869162396086029 0.97478501454795485 0.96168180151467164 0.92477537116599984 0.88909521288842186 0.83822515085873872
0.98194828867801354 0.96610209316331119 0.95892178575567477 0.93499552357185889 0.87104133367005565 0.81546536559173011 0.7459097405357169
0.96735257928944485 0.92960635086801013 0.91212418255829197 0.85563301952346382 0.73648916646514817 0.65821650916490271 0.58385763929686163
0.91855591212509835 0.81169234867384144 0.766920267416212 0.65525365674204605 0.52229641633960167 0.47100894634717311 0.42700591003909322
0.9994216861054811 0.99733837222712518 0.99663394875506695 0.99410401937244663 0.98621127881672943 0.97753799181672141 0.96352669935591417
0.99942397735323996 0.99739727474169448 0.99657315299647142 0.99400527103042025 0.98513799492837861 0.97694909667353935 0.96263732986351136
0.99936434990161715 0.99708073155931243 0.99600872360251091 0.99335414657826338 0.98423207323831086 0.97373216731186396 0.95687354928061885
0.99929150408694856 0.99667320030660222 0.99582078536737761 0.9917616781683064 0.97978859201900237 0.96630521410507997 0.9466915676401092
0.99920761507010558 0.99572240120796385 0.99398187196313503 0.98823333920455081 0.9707056211078855 0.952932535258882 0.92503093295552419
0.99895419279513797 0.99326669821840552 0.99031795649263155 0.98123278932578617 0.95324899992292589 0.92359942606819445 0.88191016016468782
0.998470885097545 0.98797171963738817 0.98234356821829938 0.96312939620413385 0.90993474026912413 0.86118348816492363 0.79916954338220825
0.99727061093775149 0.96938887394841666 0.95358774064155005 0.90332416699178519 0.79028113201670858 0.71071141935097715 0.63137432317945652
0.99270100339405443 0.90080589287486934 0.85246979700872749 0.72767340971382599 0.56342753121622047 0.49926936765507263 0.45107114876381416
