  350.000;2.714133263e-01 
  351.000;2.691721618e-01 
  352.000;2.662710249e-01 
  353.000;2.647346556e-01 
  354.000;2.626246512e-01 
  355.000;2.602790296e-01 
  356.000;2.578937113e-01 
  357.000;2.552045584e-01 
  358.000;2.528020740e-01 
  359.000;2.504476905e-01 
  360.000;2.482212782e-01 
  361.000;2.468385994e-01 
  362.000;2.456465662e-01 
  363.000;2.441667765e-01 
  364.000;2.424461246e-01 
  365.000;2.405581623e-01 
  366.000;2.387922108e-01 
  367.000;2.368382514e-01 
  368.000;2.349950522e-01 
  369.000;2.331407666e-01 
  370.000;2.312901467e-01 
  371.000;2.295002788e-01 
  372.000;2.276746482e-01 
  373.000;2.259084433e-01 
  374.000;2.241854966e-01 
  375.000;2.223599255e-01 
  376.000;2.205341160e-01 
  377.000;2.186632901e-01 
  378.000;2.165980786e-01 
  379.000;2.146598697e-01 
  380.000;2.129399925e-01 
  381.000;2.115718722e-01 
  382.000;2.103293985e-01 
  383.000;2.089311630e-01 
  384.000;2.074431032e-01 
  385.000;2.060053945e-01 
  386.000;2.044709474e-01 
  387.000;2.028956264e-01 
  388.000;2.013620585e-01 
  389.000;1.998608857e-01 
  390.000;1.984564811e-01 
  391.000;1.969877332e-01 
  392.000;1.955543905e-01 
  393.000;1.940632015e-01 
  394.000;1.926564425e-01 
  395.000;1.912688166e-01 
  396.000;1.899469942e-01 
  397.000;1.885782331e-01 
  398.000;1.870900691e-01 
  399.000;1.857628673e-01 
  400.000;1.844424158e-01 
  401.000;1.830784827e-01 
  402.000;1.818350255e-01 
  403.000;1.801408082e-01 
  404.000;1.788623631e-01 
  405.000;1.774664670e-01 
  406.000;1.762667894e-01 
  407.000;1.750334501e-01 
  408.000;1.727162600e-01 
  409.000;1.714559048e-01 
  410.000;1.702458858e-01 
  411.000;1.690075397e-01 
  412.000;1.679084003e-01 
  413.000;1.659768522e-01 
  414.000;1.647474170e-01 
  415.000;1.636151224e-01 
  416.000;1.624937803e-01 
  417.000;1.612928659e-01 
  418.000;1.599000245e-01 
  419.000;1.587452888e-01 
  420.000;1.577073038e-01 
  421.000;1.565624177e-01 
  422.000;1.555046588e-01 
  423.000;1.534814686e-01 
  424.000;1.524653882e-01 
  425.000;1.514164209e-01 
  426.000;1.503717005e-01 
  427.000;1.493409425e-01 
  428.000;1.488507837e-01 
  429.000;1.478335410e-01 
  430.000;1.468221098e-01 
  431.000;1.458249539e-01 
  432.000;1.448408365e-01 
  433.000;1.424512416e-01 
  434.000;1.414816827e-01 
  435.000;1.405261010e-01 
  436.000;1.395745277e-01 
  437.000;1.386342943e-01 
  438.000;1.364502162e-01 
  439.000;1.355285645e-01 
  440.000;1.346105188e-01 
  441.000;1.336971819e-01 
  442.000;1.327945739e-01 
  443.000;1.312638819e-01 
  444.000;1.303691715e-01 
  445.000;1.294771880e-01 
  446.000;1.285840869e-01 
  447.000;1.277316958e-01 
  448.000;1.255718470e-01 
  449.000;1.247933805e-01 
  450.000;1.240153909e-01 
  451.000;1.232296452e-01 
  452.000;1.224355474e-01 
  453.000;1.203811392e-01 
  454.000;1.195922792e-01 
  455.000;1.187900081e-01 
  456.000;1.179667339e-01 
  457.000;1.171569899e-01 
  458.000;1.151177585e-01 
  459.000;1.143189743e-01 
  460.000;1.135272980e-01 
  461.000;1.127464399e-01 
  462.000;1.119681522e-01 
  463.000;1.102483347e-01 
  464.000;1.095865816e-01 
  465.000;1.089311168e-01 
  466.000;1.082745418e-01 
  467.000;1.076194718e-01 
  468.000;1.058829054e-01 
  469.000;1.051303446e-01 
  470.000;1.043675616e-01 
  471.000;1.035860181e-01 
  472.000;1.027847156e-01 
  473.000;1.005849913e-01 
  474.000;9.973697364e-02 
  475.000;9.880925715e-02 
  476.000;9.781464189e-02 
  477.000;9.689247608e-02 
  478.000;9.455125779e-02 
  479.000;9.411688149e-02 
  480.000;9.372826666e-02 
  481.000;9.329647571e-02 
  482.000;9.284196049e-02 
  483.000;9.119590372e-02 
  484.000;9.063668549e-02 
  485.000;9.007159621e-02 
  486.000;8.952175081e-02 
  487.000;8.898644894e-02 
  488.000;8.664392680e-02 
  489.000;8.611679077e-02 
  490.000;8.558191359e-02 
  491.000;8.500816673e-02 
  492.000;8.443004638e-02 
  493.000;8.213814348e-02 
  494.000;8.156718314e-02 
  495.000;8.100397885e-02 
  496.000;8.037521690e-02 
  497.000;7.975160331e-02 
  498.000;7.738743722e-02 
  499.000;7.677411288e-02 
  500.000;7.617271692e-02 
  501.000;7.556872070e-02 
  502.000;7.497512549e-02 
  503.000;7.218798995e-02 
  504.000;7.160910219e-02 
  505.000;7.104060054e-02 
  506.000;7.054724544e-02 
  507.000;7.008404285e-02 
  508.000;6.794805825e-02 
  509.000;6.748846918e-02 
  510.000;6.703080237e-02 
  511.000;6.656655669e-02 
  512.000;6.610323489e-02 
  513.000;6.449650973e-02 
  514.000;6.404394656e-02 
  515.000;6.359457225e-02 
  516.000;6.312201172e-02 
  517.000;6.262998283e-02 
  518.000;6.143796444e-02 
  519.000;6.095251814e-02 
  520.000;6.047460437e-02 
  521.000;6.000871211e-02 
  522.000;5.952341110e-02 
  523.000;5.872584507e-02 
  524.000;5.825020745e-02 
  525.000;5.777765810e-02 
  526.000;5.731664598e-02 
  527.000;5.684259161e-02 
  528.000;5.608572066e-02 
  529.000;5.561847612e-02 
  530.000;5.517353863e-02 
  531.000;5.470154434e-02 
  532.000;5.425832793e-02 
  533.000;5.365891382e-02 
  534.000;5.328362435e-02 
  535.000;5.292304978e-02 
  536.000;5.256357044e-02 
  537.000;5.220321193e-02 
  538.000;5.150126293e-02 
  539.000;5.132850260e-02 
  540.000;5.078314990e-02 
  541.000;5.041559413e-02 
  542.000;5.005506054e-02 
  543.000;4.925685003e-02 
  544.000;4.889443144e-02 
  545.000;4.853222892e-02 
  546.000;4.816976935e-02 
  547.000;4.781475663e-02 
  548.000;4.719603807e-02 
  549.000;4.684557766e-02 
  550.000;4.648962989e-02 
  551.000;4.613236338e-02 
  552.000;4.577758163e-02 
  553.000;4.529596493e-02 
  554.000;4.494619742e-02 
  555.000;4.460510984e-02 
  556.000;4.425315559e-02 
  557.000;4.390653223e-02 
  558.000;4.322533309e-02 
  559.000;4.288247228e-02 
  560.000;4.254084453e-02 
  561.000;4.219810665e-02 
  562.000;4.182928801e-02 
  563.000;4.121972620e-02 
  564.000;4.087756574e-02 
  565.000;4.051444307e-02 
  566.000;4.018774256e-02 
  567.000;3.976009414e-02 
  568.000;3.894053400e-02 
  569.000;3.804710507e-02 
  570.000;3.784527630e-02 
  571.000;3.797158226e-02 
  572.000;3.727523983e-02 
  573.000;3.672201931e-02 
  574.000;3.645920381e-02 
  575.000;3.616334125e-02 
  576.000;3.592163324e-02 
  577.000;3.577857837e-02 
  578.000;3.552048281e-02 
  579.000;3.544996306e-02 
  580.000;3.535935283e-02 
  581.000;3.533647209e-02 
  582.000;3.524003923e-02 
  583.000;3.473886475e-02 
  584.000;3.456938267e-02 
  585.000;3.438014537e-02 
  586.000;3.419294953e-02 
  587.000;3.381988779e-02 
  588.000;3.265364468e-02 
  589.000;3.150414303e-02 
  590.000;3.124471754e-02 
  591.000;3.165519610e-02 
  592.000;3.112417832e-02 
  593.000;3.138294071e-02 
  594.000;3.101496771e-02 
  595.000;3.033033945e-02 
  596.000;3.080028296e-02 
  597.000;3.040562943e-02 
  598.000;3.030681238e-02 
  599.000;3.020732664e-02 
  600.000;3.026505187e-02 
  601.000;3.021401912e-02 
  602.000;3.007414751e-02 
  603.000;2.988363244e-02 
  604.000;2.979798056e-02 
  605.000;2.967594191e-02 
  606.000;2.952914871e-02 
  607.000;2.938204631e-02 
  608.000;2.919844165e-02 
  609.000;2.904711291e-02 
  610.000;2.889873460e-02 
  611.000;2.875680849e-02 
  612.000;2.861365676e-02 
  613.000;2.843197808e-02 
  614.000;2.828885801e-02 
  615.000;2.814587019e-02 
  616.000;2.800361998e-02 
  617.000;2.786217444e-02 
  618.000;2.770050988e-02 
  619.000;2.754706144e-02 
  620.000;2.739345655e-02 
  621.000;2.723520435e-02 
  622.000;2.707644179e-02 
  623.000;2.687759511e-02 
  624.000;2.671594359e-02 
  625.000;2.655307204e-02 
  626.000;2.635113336e-02 
  627.000;2.593329176e-02 
  628.000;2.465974540e-02 
  629.000;2.513243444e-02 
  630.000;2.517337911e-02 
  631.000;2.523837425e-02 
  632.000;2.501622587e-02 
  633.000;2.515181154e-02 
  634.000;2.513560466e-02 
  635.000;2.504130453e-02 
  636.000;2.499863133e-02 
  637.000;2.493569255e-02 
  638.000;2.496470511e-02 
  639.000;2.486920170e-02 
  640.000;2.483934164e-02 
  641.000;2.473608218e-02 
  642.000;2.467631549e-02 
  643.000;2.445643954e-02 
  644.000;2.433427982e-02 
  645.000;2.412293106e-02 
  646.000;2.356049046e-02 
  647.000;2.316798456e-02 
  648.000;2.276122756e-02 
  649.000;2.289784700e-02 
  650.000;2.330388501e-02 
  651.000;2.318694815e-02 
  652.000;2.261420712e-02 
  653.000;2.298927680e-02 
  654.000;2.280177176e-02 
  655.000;2.250947617e-02 
  656.000;2.246701159e-02 
  657.000;2.246189304e-02 
  658.000;2.248861454e-02 
  659.000;2.249371819e-02 
  660.000;2.243626118e-02 
  661.000;2.246736735e-02 
  662.000;2.243932895e-02 
  663.000;2.230184712e-02 
  664.000;2.222535573e-02 
  665.000;2.214149572e-02 
  666.000;2.206887864e-02 
  667.000;2.198724262e-02 
  668.000;2.190741710e-02 
  669.000;2.181817405e-02 
  670.000;2.172640152e-02 
  671.000;2.163407207e-02 
  672.000;2.154050395e-02 
  673.000;2.142103389e-02 
  674.000;2.132625692e-02 
  675.000;2.123388834e-02 
  676.000;2.113981918e-02 
  677.000;2.104451321e-02 
  678.000;2.094394714e-02 
  679.000;2.084453031e-02 
  680.000;2.071165666e-02 
  681.000;2.059715055e-02 
  682.000;2.049147151e-02 
  683.000;2.036875300e-02 
  684.000;2.022532560e-02 
  685.000;2.016433142e-02 
  686.000;1.991439238e-02 
  687.000;1.667486504e-02 
  688.000;1.742602512e-02 
  689.000;1.708296128e-02 
  690.000;1.745584235e-02 
  691.000;1.798691228e-02 
  692.000;1.827754825e-02 
  693.000;1.793416031e-02 
  694.000;1.756131835e-02 
  695.000;1.774186082e-02 
  696.000;1.781809144e-02 
  697.000;1.850084774e-02 
  698.000;1.820444129e-02 
  699.000;1.745126210e-02 
  700.000;1.743747853e-02 
  701.000;1.706158556e-02 
  702.000;1.706988923e-02 
  703.000;1.751577109e-02 
  704.000;1.745042764e-02 
  705.000;1.713776588e-02 
  706.000;1.709933393e-02 
  707.000;1.708570682e-02 
  708.000;1.708993316e-02 
  709.000;1.718698628e-02 
  710.000;1.690760441e-02 
  711.000;1.701719686e-02 
  712.000;1.710914820e-02 
  713.000;1.687724888e-02 
  714.000;1.674282365e-02 
  715.000;1.643916592e-02 
  716.000;1.613797806e-02 
  717.000;1.488824096e-02 
  718.000;1.413006149e-02 
  719.000;1.381915156e-02 
  720.000;1.342361327e-02 
  721.000;1.489767618e-02 
  722.000;1.539973635e-02 
  723.000;1.499769837e-02 
  724.000;1.402806956e-02 
  725.000;1.408578735e-02 
  726.000;1.397648640e-02 
  727.000;1.403269917e-02 
  728.000;1.382701844e-02 
  729.000;1.410165895e-02 
  730.000;1.397958025e-02 
  731.000;1.384751499e-02 
  732.000;1.434633881e-02 
  733.000;1.485873852e-02 
  734.000;1.508692559e-02 
  735.000;1.491615549e-02 
  736.000;1.464737952e-02 
  737.000;1.472318266e-02 
  738.000;1.486055274e-02 
  739.000;1.488395315e-02 
  740.000;1.497513428e-02 
  741.000;1.512916107e-02 
  742.000;1.508876402e-02 
  743.000;1.512568817e-02 
  744.000;1.512762252e-02 
  745.000;1.510590874e-02 
  746.000;1.507882494e-02 
  747.000;1.502068713e-02 
  748.000;1.498645917e-02 
  749.000;1.493645739e-02 
  750.000;1.485202741e-02 
  751.000;1.478864904e-02 
  752.000;1.475632843e-02 
  753.000;1.470255107e-02 
  754.000;1.464443095e-02 
  755.000;1.458342932e-02 
  756.000;1.452307962e-02 
  757.000;1.446085051e-02 
  758.000;1.435014326e-02 
  759.000;1.291380823e-02 
  760.000;5.929665640e-03 
  761.000;5.362033844e-03 
  762.000;8.877951652e-03 
  763.000;7.649026811e-03 
  764.000;8.184215054e-03 
  765.000;9.550029412e-03 
  766.000;1.129662432e-02 
  767.000;1.216995809e-02 
  768.000;1.280741394e-02 
  769.000;1.326422673e-02 
  770.000;1.351387333e-02 
  771.000;1.361022796e-02 
  772.000;1.359160710e-02 
  773.000;1.355040073e-02 
  774.000;1.351309102e-02 
  775.000;1.346874889e-02 
  776.000;1.341848541e-02 
  777.000;1.336163096e-02 
  778.000;1.330292691e-02 
  779.000;1.323873550e-02 
  780.000;1.318173297e-02 
  781.000;1.313712355e-02 
  782.000;1.307896990e-02 
  783.000;1.301573869e-02 
  784.000;1.295171212e-02 
  785.000;1.283242367e-02 
  786.000;1.265684981e-02 
  787.000;1.246484648e-02 
  788.000;1.232545171e-02 
  789.000;1.202846132e-02 
  790.000;1.195661537e-02 
  791.000;1.194153726e-02 
  792.000;1.193427574e-02 
  793.000;1.199300867e-02 
  794.000;1.215297356e-02 
  795.000;1.195818279e-02 
  796.000;1.158454735e-02 
  797.000;1.162672788e-02 
  798.000;1.178906206e-02 
  799.000;1.169469208e-02 
  800.000;1.148212049e-02 
  801.000;1.143552735e-02 
  802.000;1.137686335e-02 
  803.000;1.134878211e-02 
  804.000;1.137309987e-02 
  805.000;1.145489421e-02 
  806.000;1.152335759e-02 
  807.000;1.147698518e-02 
  808.000;1.138141938e-02 
  809.000;1.128041465e-02 
  810.000;1.116538513e-02 
  811.000;1.098526735e-02 
  812.000;1.077907905e-02 
  813.000;1.054628566e-02 
  814.000;1.027159020e-02 
  815.000;9.960950352e-03 
  816.000;9.592001326e-03 
  817.000;9.569618851e-03 
  818.000;9.554036893e-03 
  819.000;9.622666985e-03 
  820.000;9.943967685e-03 
  821.000;1.034842432e-02 
  822.000;9.961221367e-03 
  823.000;9.071355686e-03 
  824.000;9.799467400e-03 
  825.000;1.021795534e-02 
  826.000;1.009963173e-02 
  827.000;9.991088882e-03 
  828.000;9.617547505e-03 
  829.000;9.700090624e-03 
  830.000;9.791330434e-03 
  831.000;9.782970883e-03 
  832.000;9.767359123e-03 
  833.000;9.817104787e-03 
  834.000;9.870436974e-03 
  835.000;1.003296673e-02 
  836.000;9.935774840e-03 
  837.000;9.897451848e-03 
  838.000;9.951328859e-03 
  839.000;9.967241436e-03 
  840.000;9.961749427e-03 
  841.000;9.855875745e-03 
  842.000;9.878120385e-03 
  843.000;9.995670058e-03 
  844.000;1.003020909e-02 
  845.000;1.002579741e-02 
  846.000;1.002761070e-02 
  847.000;1.002169773e-02 
  848.000;9.932712652e-03 
  849.000;9.903872386e-03 
  850.000;9.826860391e-03 
  851.000;9.758812375e-03 
  852.000;9.734178893e-03 
  853.000;9.752940387e-03 
  854.000;9.703843854e-03 
  855.000;9.717458859e-03 
  856.000;9.760825895e-03 
  857.000;9.757203050e-03 
  858.000;9.738205001e-03 
  859.000;9.741384536e-03 
  860.000;9.725310840e-03 
  861.000;9.694001637e-03 
  862.000;9.671156295e-03 
  863.000;9.636458941e-03 
  864.000;9.612366557e-03 
  865.000;9.593420662e-03 
  866.000;9.557196870e-03 
  867.000;9.517878294e-03 
  868.000;9.484214708e-03 
  869.000;9.449088946e-03 
  870.000;9.412697516e-03 
  871.000;9.387070313e-03 
  872.000;9.360316209e-03 
  873.000;9.319345467e-03 
  874.000;9.283930995e-03 
  875.000;9.249613620e-03 
  876.000;9.213245474e-03 
  877.000;9.177067317e-03 
  878.000;9.121932089e-03 
  879.000;9.090107866e-03 
  880.000;9.037584066e-03 
  881.000;8.997150697e-03 
  882.000;8.956420235e-03 
  883.000;8.937576786e-03 
  884.000;8.911664598e-03 
  885.000;8.840966038e-03 
  886.000;8.727201261e-03 
  887.000;8.770802990e-03 
  888.000;8.740043268e-03 
  889.000;8.722941391e-03 
  890.000;8.652262390e-03 
  891.000;8.558549918e-03 
  892.000;8.419507183e-03 
  893.000;8.082687855e-03 
  894.000;7.907235064e-03 
  895.000;7.507447619e-03 
  896.000;7.171684876e-03 
  897.000;6.816281006e-03 
  898.000;6.639828905e-03 
  899.000;6.212930195e-03 
  900.000;6.218715571e-03 
  901.000;6.098659709e-03 
  902.000;6.099968217e-03 
  903.000;6.744638551e-03 
  904.000;7.133106235e-03 
  905.000;7.096299902e-03 
  906.000;6.821944378e-03 
  907.000;6.352710538e-03 
  908.000;6.033868063e-03 
  909.000;6.021129433e-03 
  910.000;6.046598777e-03 
  911.000;6.213805638e-03 
  912.000;6.100363098e-03 
  913.000;5.695308559e-03 
  914.000;5.857483484e-03 
  915.000;5.995320156e-03 
  916.000;6.018241867e-03 
  917.000;6.089153700e-03 
  918.000;6.185128354e-03 
  919.000;6.547520868e-03 
  920.000;6.817133166e-03 
  921.000;6.735699717e-03 
  922.000;6.706577726e-03 
  923.000;6.609886885e-03 
  924.000;6.397848949e-03 
  925.000;6.352988072e-03 
  926.000;6.306148134e-03 
  927.000;6.048285868e-03 
  928.000;5.669383332e-03 
  929.000;5.190331023e-03 
  930.000;4.683213308e-03 
  931.000;4.219736438e-03 
  932.000;3.701471258e-03 
  933.000;3.387146164e-03 
  934.000;3.119830741e-03 
  935.000;3.080318216e-03 
  936.000;3.156831488e-03 
  937.000;3.122898517e-03 
  938.000;3.393482883e-03 
  939.000;4.386989865e-03 
  940.000;4.566058517e-03 
  941.000;4.397368524e-03 
  942.000;4.027045332e-03 
  943.000;3.507670481e-03 
  944.000;3.461315064e-03 
  945.000;3.611294553e-03 
  946.000;3.610001178e-03 
  947.000;3.761698026e-03 
  948.000;3.851811402e-03 
  949.000;3.830153495e-03 
  950.000;3.842987586e-03 
  951.000;4.067997914e-03 
  952.000;3.812699812e-03 
  953.000;3.981182352e-03 
  954.000;4.174982663e-03 
  955.000;4.006939009e-03 
  956.000;3.971162718e-03 
  957.000;4.523285199e-03 
  958.000;4.605693277e-03 
  959.000;4.491070751e-03 
  960.000;4.455775954e-03 
  961.000;4.399956204e-03 
  962.000;4.437734839e-03 
  963.000;4.795073997e-03 
  964.000;4.840800539e-03 
  965.000;4.796207417e-03 
  966.000;4.809315316e-03 
  967.000;5.101911724e-03 
  968.000;5.637808237e-03 
  969.000;5.873212125e-03 
  970.000;5.874163006e-03 
  971.000;5.850747693e-03 
  972.000;5.768899806e-03 
  973.000;5.590920802e-03 
  974.000;5.385989323e-03 
  975.000;5.240328610e-03 
  976.000;5.382733885e-03 
  977.000;5.614756607e-03 
  978.000;5.580924917e-03 
  979.000;5.641333759e-03 
  980.000;5.881977733e-03 
  981.000;5.931042135e-03 
  982.000;5.858496297e-03 
  983.000;5.992275663e-03 
  984.000;6.141539663e-03 
  985.000;6.222861353e-03 
  986.000;6.345503498e-03 
  987.000;6.397659425e-03 
  988.000;6.388673559e-03 
  989.000;6.390837487e-03 
  990.000;6.389440503e-03 
  991.000;6.430884823e-03 
  992.000;6.424964406e-03 
  993.000;6.409752648e-03 
  994.000;6.464688573e-03 
  995.000;6.488662213e-03 
  996.000;6.472318433e-03 
  997.000;6.431121379e-03 
  998.000;6.364902947e-03 
  999.000;6.350186653e-03 
 1000.000;6.305511110e-03 
 1001.000;6.243151147e-03 
 1002.000;6.138894707e-03 
 1003.000;6.144814659e-03 
 1004.000;6.177672651e-03 
 1005.000;6.190589163e-03 
 1006.000;6.180124823e-03 
 1007.000;6.159163080e-03 
 1008.000;6.076526362e-03 
 1009.000;5.973285995e-03 
 1010.000;5.997415166e-03 
 1011.000;6.084603257e-03 
 1012.000;6.103648338e-03 
 1013.000;6.118249148e-03 
 1014.000;6.113436539e-03 
 1015.000;6.103682332e-03 
 1016.000;6.097488571e-03 
 1017.000;6.092339288e-03 
 1018.000;6.062183063e-03 
 1019.000;6.013196893e-03 
 1020.000;6.017010659e-03 
 1021.000;6.017819513e-03 
 1022.000;5.972774699e-03 
 1023.000;5.920743104e-03 
 1024.000;5.890882108e-03 
 1025.000;5.928454921e-03 
 1026.000;5.944336299e-03 
 1027.000;5.924557336e-03 
 1028.000;5.922779441e-03 
 1029.000;5.933006294e-03 
 1030.000;5.947204772e-03 
 1031.000;5.949257407e-03 
 1032.000;5.947608501e-03 
 1033.000;5.936832167e-03 
 1034.000;5.930708721e-03 
 1035.000;5.919886753e-03 
 1036.000;5.905350670e-03 
 1037.000;5.894022528e-03 
 1038.000;5.883949343e-03 
 1039.000;5.865429062e-03 
 1040.000;5.851570982e-03 
 1041.000;5.833336152e-03 
 1042.000;5.820067134e-03 
 1043.000;5.807097536e-03 
 1044.000;5.791330244e-03 
 1045.000;5.771736149e-03 
 1046.000;5.755235441e-03 
 1047.000;5.739777349e-03 
 1048.000;5.719125271e-03 
 1049.000;5.701120943e-03 
 1050.000;5.683087744e-03 
 1051.000;5.656538066e-03 
 1052.000;5.638007540e-03 
 1053.000;5.624616984e-03 
 1054.000;5.601905286e-03 
 1055.000;5.579008721e-03 
 1056.000;5.558568984e-03 
 1057.000;5.522507243e-03 
 1058.000;5.470458884e-03 
 1059.000;5.461265333e-03 
 1060.000;5.471290555e-03 
 1061.000;5.453400780e-03 
 1062.000;5.418009590e-03 
 1063.000;5.398460198e-03 
 1064.000;5.367088132e-03 
 1065.000;5.329232663e-03 
 1066.000;5.319668911e-03 
 1067.000;5.296193063e-03 
 1068.000;5.240111612e-03 
 1069.000;5.205591675e-03 
 1070.000;5.199998152e-03 
 1071.000;5.158883519e-03 
 1072.000;5.117153749e-03 
 1073.000;5.102361552e-03 
 1074.000;5.094098859e-03 
 1075.000;5.128492601e-03 
 1076.000;5.090727936e-03 
 1077.000;5.043336656e-03 
 1078.000;4.992839415e-03 
 1079.000;4.977321718e-03 
 1080.000;4.860076122e-03 
 1081.000;4.844916053e-03 
 1082.000;4.879239947e-03 
 1083.000;4.813496489e-03 
 1084.000;4.748679232e-03 
 1085.000;4.620468710e-03 
 1086.000;4.633605946e-03 
 1087.000;4.762273282e-03 
 1088.000;4.755904898e-03 
 1089.000;4.580616485e-03 
 1090.000;4.535006359e-03 
 1091.000;4.558877088e-03 
 1092.000;4.471960943e-03 
 1093.000;4.301757552e-03 
 1094.000;4.227011930e-03 
 1095.000;4.226870369e-03 
 1096.000;4.221431911e-03 
 1097.000;4.178719129e-03 
 1098.000;3.789035138e-03 
 1099.000;3.457737621e-03 
 1100.000;3.438451560e-03 
 1101.000;3.467119066e-03 
 1102.000;3.433509963e-03 
 1103.000;3.453800920e-03 
 1104.000;3.389584832e-03 
 1105.000;3.255926305e-03 
 1106.000;3.132099984e-03 
 1107.000;3.152255202e-03 
 1108.000;3.149512224e-03 
 1109.000;3.224591259e-03 
 1110.000;3.185245208e-03 
 1111.000;3.114158520e-03 
 1112.000;2.878211206e-03 
 1113.000;2.586736809e-03 
 1114.000;2.485172823e-03 
 1115.000;2.205483150e-03 
 1116.000;2.054963028e-03 
 1117.000;1.775348908e-03 
 1118.000;1.565956743e-03 
 1119.000;1.473820186e-03 
 1120.000;1.382387127e-03 
 1121.000;1.360243303e-03 
 1122.000;1.286495710e-03 
 1123.000;1.316481852e-03 
 1124.000;1.337377937e-03 
 1125.000;1.318777096e-03 
 1126.000;1.309214276e-03 
 1127.000;1.310764463e-03 
 1128.000;1.318522962e-03 
 1129.000;1.392644364e-03 
 1130.000;1.621831441e-03 
 1131.000;1.698511420e-03 
 1132.000;1.580560929e-03 
 1133.000;1.407983713e-03 
 1134.000;1.187855960e-03 
 1135.000;1.196570811e-03 
 1136.000;1.419310225e-03 
 1137.000;1.594662550e-03 
 1138.000;1.813209616e-03 
 1139.000;1.905204495e-03 
 1140.000;1.852329588e-03 
 1141.000;1.760363230e-03 
 1142.000;1.723430469e-03 
 1143.000;1.620088704e-03 
 1144.000;1.517391531e-03 
 1145.000;1.390235615e-03 
 1146.000;1.412915648e-03 
 1147.000;1.506442903e-03 
 1148.000;1.601928729e-03 
 1149.000;1.643729978e-03 
 1150.000;1.650218735e-03 
 1151.000;1.726579270e-03 
 1152.000;1.762889908e-03 
 1153.000;1.818920719e-03 
 1154.000;1.811465947e-03 
 1155.000;1.932224375e-03 
 1156.000;2.073143842e-03 
 1157.000;2.402545884e-03 
 1158.000;2.583138645e-03 
 1159.000;2.760781441e-03 
 1160.000;2.840843517e-03 
 1161.000;3.037170041e-03 
 1162.000;3.204453737e-03 
 1163.000;3.399043810e-03 
 1164.000;3.437939798e-03 
 1165.000;3.466911847e-03 
 1166.000;3.505224828e-03 
 1167.000;3.529902780e-03 
 1168.000;3.512303112e-03 
 1169.000;3.538519610e-03 
 1170.000;3.562405705e-03 
 1171.000;3.617937211e-03 
 1172.000;3.578874748e-03 
 1173.000;3.537490498e-03 
 1174.000;3.534565214e-03 
 1175.000;3.624695586e-03 
 1176.000;3.711269936e-03 
 1177.000;3.661545925e-03 
 1178.000;3.570042318e-03 
 1179.000;3.562903963e-03 
 1180.000;3.514254931e-03 
 1181.000;3.435590072e-03 
 1182.000;3.343685763e-03 
 1183.000;3.349128412e-03 
 1184.000;3.391753882e-03 
 1185.000;3.497038968e-03 
 1186.000;3.457047278e-03 
 1187.000;3.342054551e-03 
 1188.000;3.305532271e-03 
 1189.000;3.378853668e-03 
 1190.000;3.557665274e-03 
 1191.000;3.609233303e-03 
 1192.000;3.685329342e-03 
 1193.000;3.662742674e-03 
 1194.000;3.648682497e-03 
 1195.000;3.558186581e-03 
 1196.000;3.565255785e-03 
 1197.000;3.523147898e-03 
 1198.000;3.506503068e-03 
 1199.000;3.454397200e-03 
 1200.000;3.416875144e-03 
 1201.000;3.420188092e-03 
 1202.000;3.425522009e-03 
 1203.000;3.396055195e-03 
 1204.000;3.408014774e-03 
 1205.000;3.533398965e-03 
 1206.000;3.590993118e-03 
 1207.000;3.611622844e-03 
 1208.000;3.587142099e-03 
 1209.000;3.548611188e-03 
 1210.000;3.491550917e-03 
 1211.000;3.478799248e-03 
 1212.000;3.488494549e-03 
 1213.000;3.534931457e-03 
 1214.000;3.519624239e-03 
 1215.000;3.534477204e-03 
 1216.000;3.611283610e-03 
 1217.000;3.678333480e-03 
 1218.000;3.707914148e-03 
 1219.000;3.723825328e-03 
 1220.000;3.718168242e-03 
 1221.000;3.721678862e-03 
 1222.000;3.720949870e-03 
 1223.000;3.723846050e-03 
 1224.000;3.780886764e-03 
 1225.000;3.778280457e-03 
 1226.000;3.790342947e-03 
 1227.000;3.814513795e-03 
 1228.000;3.846260952e-03 
 1229.000;3.869189415e-03 
 1230.000;3.898234339e-03 
 1231.000;3.911822569e-03 
 1232.000;3.914039582e-03 
 1233.000;3.912153188e-03 
 1234.000;3.953674342e-03 
 1235.000;3.965745214e-03 
 1236.000;3.967035562e-03 
 1237.000;3.978188150e-03 
 1238.000;3.979345318e-03 
 1239.000;3.979527857e-03 
 1240.000;3.973554820e-03 
 1241.000;3.961059265e-03 
 1242.000;3.948443104e-03 
 1243.000;3.936050460e-03 
 1244.000;3.918704577e-03 
 1245.000;3.904423909e-03 
 1246.000;3.889703425e-03 
 1247.000;3.871903755e-03 
 1248.000;3.836800111e-03 
 1249.000;3.843470942e-03 
 1250.000;3.820115933e-03 
 1251.000;3.808520501e-03 
 1252.000;3.786684014e-03 
 1253.000;3.763003740e-03 
 1254.000;3.720554290e-03 
 1255.000;3.690498415e-03 
 1256.000;3.663413925e-03 
 1257.000;3.631860483e-03 
 1258.000;3.563225735e-03 
 1259.000;3.509180155e-03 
 1260.000;3.448304953e-03 
 1261.000;3.386500059e-03 
 1262.000;3.280836623e-03 
 1263.000;3.239251440e-03 
 1264.000;3.211123869e-03 
 1265.000;3.196875798e-03 
 1266.000;3.152559511e-03 
 1267.000;3.105934942e-03 
 1268.000;3.057382768e-03 
 1269.000;3.033984918e-03 
 1270.000;3.141180146e-03 
 1271.000;3.188866423e-03 
 1272.000;3.230345203e-03 
 1273.000;3.273945069e-03 
 1274.000;3.327457933e-03 
 1275.000;3.352251370e-03 
 1276.000;3.363817232e-03 
 1277.000;3.365004901e-03 
 1278.000;3.370346501e-03 
 1279.000;3.375814529e-03 
 1280.000;3.407550510e-03 
 1281.000;3.436782397e-03 
 1282.000;3.465074580e-03 
 1283.000;3.478673985e-03 
 1284.000;3.475510515e-03 
 1285.000;3.480670741e-03 
 1286.000;3.459144151e-03 
 1287.000;3.420276102e-03 
 1288.000;3.299450735e-03 
 1289.000;3.260763129e-03 
 1290.000;3.253740491e-03 
 1291.000;3.267187392e-03 
 1292.000;3.306602361e-03 
 1293.000;3.308722051e-03 
 1294.000;3.253151430e-03 
 1295.000;3.177514067e-03 
 1296.000;3.098648740e-03 
 1297.000;3.037994960e-03 
 1298.000;3.027973697e-03 
 1299.000;3.015031107e-03 
 1300.000;3.002168611e-03 
 1301.000;2.908033784e-03 
 1302.000;2.869205549e-03 
 1303.000;2.756813075e-03 
 1304.000;2.707962878e-03 
 1305.000;2.688019304e-03 
 1306.000;2.664583735e-03 
 1307.000;2.623740584e-03 
 1308.000;2.554758219e-03 
 1309.000;2.452932764e-03 
 1310.000;2.438641386e-03 
 1311.000;2.431783127e-03 
 1312.000;2.313276287e-03 
 1313.000;2.179014497e-03 
 1314.000;2.072058152e-03 
 1315.000;2.114236820e-03 
 1316.000;2.180875978e-03 
 1317.000;2.174174646e-03 
 1318.000;2.045347821e-03 
 1319.000;1.888927654e-03 
 1320.000;1.728029340e-03 
 1321.000;1.668499433e-03 
 1322.000;1.752788201e-03 
 1323.000;1.849608961e-03 
 1324.000;1.906660735e-03 
 1325.000;1.861753175e-03 
 1326.000;1.752891927e-03 
 1327.000;1.543155173e-03 
 1328.000;1.354358275e-03 
 1329.000;1.069437829e-03 
 1330.000;9.799712570e-04 
 1331.000;9.278199286e-04 
 1332.000;9.380832198e-04 
 1333.000;9.810042102e-04 
 1334.000;1.042579999e-03 
 1335.000;1.089647994e-03 
 1336.000;1.103822724e-03 
 1337.000;1.103679882e-03 
 1338.000;1.138302498e-03 
 1339.000;1.138118561e-03 
 1340.000;1.167227398e-03 
 1341.000;1.122029847e-03 
 1342.000;1.123751746e-03 
 1343.000;9.929328226e-04 
 1344.000;8.846948622e-04 
 1345.000;7.148911827e-04 
 1346.000;6.385988672e-04 
 1347.000;6.032751407e-04 
 1348.000;5.651323590e-04 
 1349.000;5.495381774e-04 
 1350.000;5.194082041e-04 
 1351.000;5.025534192e-04 
 1352.000;4.782820761e-04 
 1353.000;4.533857282e-04 
 1354.000;4.398299498e-04 
 1355.000;4.265901225e-04 
 1356.000;4.135292838e-04 
 1357.000;3.991753620e-04 
 1358.000;3.862951125e-04 
 1359.000;3.669173748e-04 
 1360.000;3.554759605e-04 
 1361.000;3.479741281e-04 
 1362.000;3.449933138e-04 
 1363.000;3.539058962e-04 
 1364.000;3.562406346e-04 
 1365.000;3.566677624e-04 
 1366.000;3.597719769e-04 
 1367.000;3.538242308e-04 
 1368.000;3.482232860e-04 
 1369.000;3.483230539e-04 
 1370.000;3.600097843e-04 
 1371.000;3.766232112e-04 
 1372.000;3.982611815e-04 
 1373.000;4.140081874e-04 
 1374.000;4.229000479e-04 
 1375.000;4.262938746e-04 
 1376.000;4.215214867e-04 
 1377.000;4.130209854e-04 
 1378.000;3.988178505e-04 
 1379.000;3.809779300e-04 
 1380.000;3.603285295e-04 
 1381.000;3.434960090e-04 
 1382.000;3.343221324e-04 
 1383.000;3.325232246e-04 
 1384.000;3.436634433e-04 
 1385.000;3.529789974e-04 
 1386.000;3.653717285e-04 
 1387.000;3.885482147e-04 
 1388.000;4.007826501e-04 
 1389.000;4.062148801e-04 
 1390.000;4.073200107e-04 
 1391.000;4.012623976e-04 
 1392.000;3.861941514e-04 
 1393.000;3.731314500e-04 
 1394.000;3.619425406e-04 
 1395.000;3.654761531e-04 
 1396.000;3.771566262e-04 
 1397.000;3.878033895e-04 
 1398.000;3.881947487e-04 
 1399.000;3.832419170e-04 
 1400.000;3.802700085e-04 
 1401.000;3.811303468e-04 
 1402.000;3.902958997e-04 
 1403.000;3.963762138e-04 
 1404.000;3.921102034e-04 
 1405.000;3.924626217e-04 
 1406.000;3.870734945e-04 
 1407.000;3.867084451e-04 
 1408.000;3.964317730e-04 
 1409.000;4.042905057e-04 
 1410.000;4.183743149e-04 
 1411.000;4.306221672e-04 
 1412.000;4.299836583e-04 
 1413.000;4.354257253e-04 
 1414.000;4.315056722e-04 
 1415.000;4.399166210e-04 
 1416.000;4.469354753e-04 
 1417.000;4.475575406e-04 
 1418.000;4.473158042e-04 
 1419.000;4.474308807e-04 
 1420.000;4.495128524e-04 
 1421.000;4.626409500e-04 
 1422.000;4.687431210e-04 
 1423.000;4.708664201e-04 
 1424.000;4.687864566e-04 
 1425.000;4.626573646e-04 
 1426.000;4.622135602e-04 
 1427.000;4.682283616e-04 
 1428.000;4.721829901e-04 
 1429.000;4.767901264e-04 
 1430.000;4.705876927e-04 
 1431.000;4.501467338e-04 
 1432.000;4.390047106e-04 
 1433.000;4.376786528e-04 
 1434.000;4.336815327e-04 
 1435.000;4.433110007e-04 
 1436.000;4.462970828e-04 
 1437.000;4.474288726e-04 
 1438.000;4.592030600e-04 
 1439.000;4.606994626e-04 
 1440.000;4.664034059e-04 
 1441.000;4.699114943e-04 
 1442.000;4.655107041e-04 
 1443.000;4.647957394e-04 
 1444.000;4.691228096e-04 
 1445.000;4.702185397e-04 
 1446.000;4.797079600e-04 
 1447.000;4.895316670e-04 
 1448.000;4.910596763e-04 
 1449.000;4.841329646e-04 
 1450.000;4.731766239e-04 
 1451.000;4.775731650e-04 
 1452.000;4.970565205e-04 
 1453.000;5.365078687e-04 
 1454.000;5.916887894e-04 
 1455.000;6.351094926e-04 
 1456.000;6.861682632e-04 
 1457.000;6.668360438e-04 
 1458.000;7.036207826e-04 
 1459.000;6.629764684e-04 
 1460.000;6.309930468e-04 
 1461.000;6.130014081e-04 
 1462.000;5.728128599e-04 
 1463.000;5.716672167e-04 
 1464.000;5.596746341e-04 
 1465.000;5.346634425e-04 
 1466.000;5.086645251e-04 
 1467.000;4.922691733e-04 
 1468.000;4.755768168e-04 
 1469.000;4.533377942e-04 
 1470.000;4.453723959e-04 
 1471.000;4.669621121e-04 
 1472.000;5.031951005e-04 
 1473.000;5.710678524e-04 
 1474.000;6.401492865e-04 
 1475.000;6.399378763e-04 
 1476.000;6.387392641e-04 
 1477.000;6.151635898e-04 
 1478.000;5.932894419e-04 
 1479.000;5.645977799e-04 
 1480.000;5.820573424e-04 
 1481.000;6.135351723e-04 
 1482.000;6.554974825e-04 
 1483.000;6.662268424e-04 
 1484.000;6.694342592e-04 
 1485.000;6.627521361e-04 
 1486.000;7.059597992e-04 
 1487.000;8.035301580e-04 
 1488.000;8.134466480e-04 
 1489.000;9.567280649e-04 
 1490.000;1.107298071e-03 
 1491.000;1.209065900e-03 
 1492.000;1.224910724e-03 
 1493.000;1.298749703e-03 
 1494.000;1.307295286e-03 
 1495.000;1.386695309e-03 
 1496.000;1.524438732e-03 
 1497.000;1.536728116e-03 
 1498.000;1.671788399e-03 
 1499.000;1.810332877e-03 
 1500.000;1.916576177e-03 
 1501.000;2.045165049e-03 
 1502.000;1.989305718e-03 
 1503.000;1.946735894e-03 
 1504.000;1.992696663e-03 
 1505.000;2.110408852e-03 
 1506.000;2.118852222e-03 
 1507.000;2.220523311e-03 
 1508.000;2.272523008e-03 
 1509.000;2.329502488e-03 
 1510.000;2.346626716e-03 
 1511.000;2.387544140e-03 
 1512.000;2.409828827e-03 
 1513.000;2.425968880e-03 
 1514.000;2.425448038e-03 
 1515.000;2.451120876e-03 
 1516.000;2.467856742e-03 
 1517.000;2.488449216e-03 
 1518.000;2.543401672e-03 
 1519.000;2.606474794e-03 
 1520.000;2.703514416e-03 
 1521.000;2.753594425e-03 
 1522.000;2.755762544e-03 
 1523.000;2.769530518e-03 
 1524.000;2.748994855e-03 
 1525.000;2.732704394e-03 
 1526.000;2.733155387e-03 
 1527.000;2.756618196e-03 
 1528.000;2.789047081e-03 
 1529.000;2.786410041e-03 
 1530.000;2.814418869e-03 
 1531.000;2.799374983e-03 
 1532.000;2.857980551e-03 
 1533.000;2.870252822e-03 
 1534.000;2.884825226e-03 
 1535.000;2.902681939e-03 
 1536.000;2.900843509e-03 
 1537.000;2.917545615e-03 
 1538.000;2.936254954e-03 
 1539.000;2.950979164e-03 
 1540.000;2.954914467e-03 
 1541.000;2.959108446e-03 
 1542.000;2.957328688e-03 
 1543.000;2.970239613e-03 
 1544.000;2.983146114e-03 
 1545.000;3.006346058e-03 
 1546.000;3.028725740e-03 
 1547.000;3.041707911e-03 
 1548.000;3.050917294e-03 
 1549.000;3.048391314e-03 
 1550.000;3.044450190e-03 
 1551.000;3.041954711e-03 
 1552.000;3.040114418e-03 
 1553.000;3.044498852e-03 
 1554.000;3.042340046e-03 
 1555.000;3.051524982e-03 
 1556.000;3.053310793e-03 
 1557.000;3.055686830e-03 
 1558.000;3.049302381e-03 
 1559.000;3.040774493e-03 
 1560.000;3.038426861e-03 
 1561.000;3.029364394e-03 
 1562.000;3.015775001e-03 
 1563.000;3.009719774e-03 
 1564.000;2.984766383e-03 
 1565.000;2.952152630e-03 
 1566.000;2.949611750e-03 
 1567.000;2.899718005e-03 
 1568.000;2.833164763e-03 
 1569.000;2.761940937e-03 
 1570.000;2.711306326e-03 
 1571.000;2.709163819e-03 
 1572.000;2.693331800e-03 
 1573.000;2.705092542e-03 
 1574.000;2.729268512e-03 
 1575.000;2.743609948e-03 
 1576.000;2.741492353e-03 
 1577.000;2.747226041e-03 
 1578.000;2.753881738e-03 
 1579.000;2.769810148e-03 
 1580.000;2.800765447e-03 
 1581.000;2.798930509e-03 
 1582.000;2.834507264e-03 
 1583.000;2.867684234e-03 
 1584.000;2.899643965e-03 
 1585.000;2.922660438e-03 
 1586.000;2.919456922e-03 
 1587.000;2.938131103e-03 
 1588.000;2.952363109e-03 
 1589.000;2.949023619e-03 
 1590.000;2.943900879e-03 
 1591.000;2.942461753e-03 
 1592.000;2.929493086e-03 
 1593.000;2.911776304e-03 
 1594.000;2.891846467e-03 
 1595.000;2.868181793e-03 
 1596.000;2.864846261e-03 
 1597.000;2.826743759e-03 
 1598.000;2.776933368e-03 
 1599.000;2.720934339e-03 
 1600.000;2.649464644e-03 
 1601.000;2.647678135e-03 
 1602.000;2.636800753e-03 
 1603.000;2.650329378e-03 
 1604.000;2.672578674e-03 
 1605.000;2.670636866e-03 
 1606.000;2.677749610e-03 
 1607.000;2.667331602e-03 
 1608.000;2.659155289e-03 
 1609.000;2.657319652e-03 
 1610.000;2.661562525e-03 
 1611.000;2.688465873e-03 
 1612.000;2.722509438e-03 
 1613.000;2.754885936e-03 
 1614.000;2.753338078e-03 
 1615.000;2.779424191e-03 
 1616.000;2.797759837e-03 
 1617.000;2.822499489e-03 
 1618.000;2.820725320e-03 
 1619.000;2.845112467e-03 
 1620.000;2.863511909e-03 
 1621.000;2.882211935e-03 
 1622.000;2.880321816e-03 
 1623.000;2.889293479e-03 
 1624.000;2.892383141e-03 
 1625.000;2.910714597e-03 
 1626.000;2.892421791e-03 
 1627.000;2.892984543e-03 
 1628.000;2.884576563e-03 
 1629.000;2.875095699e-03 
 1630.000;2.858749125e-03 
 1631.000;2.856840612e-03 
 1632.000;2.838560147e-03 
 1633.000;2.832909347e-03 
 1634.000;2.820875263e-03 
 1635.000;2.818861511e-03 
 1636.000;2.806239296e-03 
 1637.000;2.790600993e-03 
 1638.000;2.788489917e-03 
 1639.000;2.764984500e-03 
 1640.000;2.752935980e-03 
 1641.000;2.739737043e-03 
 1642.000;2.738179173e-03 
 1643.000;2.730654553e-03 
 1644.000;2.722888254e-03 
 1645.000;2.711194102e-03 
 1646.000;2.709339838e-03 
 1647.000;2.706876490e-03 
 1648.000;2.695601201e-03 
 1649.000;2.692490350e-03 
 1650.000;2.690100111e-03 
 1651.000;2.689091256e-03 
 1652.000;2.683260711e-03 
 1653.000;2.691206057e-03 
 1654.000;2.687598811e-03 
 1655.000;2.700727666e-03 
 1656.000;2.704248298e-03 
 1657.000;2.702912549e-03 
 1658.000;2.712223912e-03 
 1659.000;2.713694004e-03 
 1660.000;2.703263890e-03 
 1661.000;2.702430356e-03 
 1662.000;2.689434215e-03 
 1663.000;2.686287276e-03 
 1664.000;2.686992753e-03 
 1665.000;2.681597602e-03 
 1666.000;2.692579990e-03 
 1667.000;2.716060495e-03 
 1668.000;2.713492839e-03 
 1669.000;2.724865451e-03 
 1670.000;2.731248038e-03 
 1671.000;2.734287875e-03 
 1672.000;2.733559115e-03 
 1673.000;2.719842829e-03 
 1674.000;2.708300017e-03 
 1675.000;2.707185922e-03 
 1676.000;2.702682978e-03 
 1677.000;2.705818741e-03 
 1678.000;2.715930110e-03 
 1679.000;2.711619483e-03 
 1680.000;2.721402794e-03 
 1681.000;2.721409313e-03 
 1682.000;2.720917109e-03 
 1683.000;2.719721291e-03 
 1684.000;2.710439730e-03 
 1685.000;2.696264535e-03 
 1686.000;2.695246832e-03 
 1687.000;2.667935099e-03 
 1688.000;2.649504226e-03 
 1689.000;2.645360073e-03 
 1690.000;2.621148480e-03 
 1691.000;2.619617153e-03 
 1692.000;2.615299309e-03 
 1693.000;2.620858373e-03 
 1694.000;2.615920035e-03 
 1695.000;2.600123174e-03 
 1696.000;2.600892447e-03 
 1697.000;2.594081918e-03 
 1698.000;2.584197093e-03 
 1699.000;2.581129782e-03 
 1700.000;2.580001252e-03 
 1701.000;2.547415439e-03 
 1702.000;2.549611498e-03 
 1703.000;2.525740070e-03 
 1704.000;2.494948450e-03 
 1705.000;2.499791328e-03 
 1706.000;2.469646046e-03 
 1707.000;2.448064741e-03 
 1708.000;2.451911569e-03 
 1709.000;2.454229398e-03 
 1710.000;2.451321110e-03 
 1711.000;2.448962769e-03 
 1712.000;2.454547910e-03 
 1713.000;2.429459011e-03 
 1714.000;2.434057184e-03 
 1715.000;2.429864137e-03 
 1716.000;2.434860449e-03 
 1717.000;2.447082428e-03 
 1718.000;2.442856086e-03 
 1719.000;2.412851434e-03 
 1720.000;2.344520995e-03 
 1721.000;2.338191727e-03 
 1722.000;2.293661470e-03 
 1723.000;2.245844109e-03 
 1724.000;2.238319721e-03 
 1725.000;2.271192847e-03 
 1726.000;2.276273444e-03 
 1727.000;2.294366015e-03 
 1728.000;2.281419467e-03 
 1729.000;2.298017964e-03 
 1730.000;2.295800718e-03 
 1731.000;2.242347458e-03 
 1732.000;2.209260827e-03 
 1733.000;2.199616749e-03 
 1734.000;2.180974698e-03 
 1735.000;2.121426398e-03 
 1736.000;2.113241935e-03 
 1737.000;2.097454388e-03 
 1738.000;2.085142070e-03 
 1739.000;2.080856822e-03 
 1740.000;2.053223550e-03 
 1741.000;2.040728927e-03 
 1742.000;2.036155900e-03 
 1743.000;2.011660486e-03 
 1744.000;1.990337158e-03 
 1745.000;1.986863790e-03 
 1746.000;1.955374610e-03 
 1747.000;1.971583115e-03 
 1748.000;1.969007542e-03 
 1749.000;1.988295466e-03 
 1750.000;1.973509090e-03 
 1751.000;1.973388251e-03 
 1752.000;1.950295642e-03 
 1753.000;1.925677177e-03 
 1754.000;1.926539466e-03 
 1755.000;1.881436096e-03 
 1756.000;1.878973097e-03 
 1757.000;1.879265881e-03 
 1758.000;1.893879496e-03 
 1759.000;1.892077853e-03 
 1760.000;1.863984391e-03 
 1761.000;1.789182657e-03 
 1762.000;1.788075780e-03 
 1763.000;1.723403693e-03 
 1764.000;1.594300033e-03 
 1765.000;1.594108879e-03 
 1766.000  -5.205227528e-03 
 1767.000;1.572539797e-03 
 1768.000;1.572004869e-03 
 1769.000;1.554621500e-03 
 1770.000;1.519756508e-03 
 1771.000;1.519236481e-03 
 1772.000;1.452620723e-03 
 1773.000;1.436958672e-03 
 1774.000;1.276425901e-03 
 1775.000;1.169677242e-03 
 1776.000;1.153409132e-03 
 1777.000;1.070582308e-03 
 1778.000;1.015024260e-03 
 1779.000;1.010090462e-03 
 1780.000;9.470370132e-04 
 1781.000;9.151444538e-04 
 1782.000;9.145859513e-04 
 1783.000;8.440290694e-04 
 1784.000;8.429733571e-04 
 1785.000;8.458814700e-04 
 1786.000;8.151927614e-04 
 1787.000;8.152698283e-04 
 1788.000;8.097416721e-04 
 1789.000;6.839307025e-04 
 1790.000;6.834494416e-04 
 1791.000;6.017809501e-04 
 1792.000;5.708397366e-04 
 1793.000;4.769309016e-04 
 1794.000;4.277676344e-04 
 1795.000;4.264490562e-04 
 1796.000;3.470560478e-04 
 1797.000;3.086937941e-04 
 1798.000;3.082155599e-04 
 1799.000;2.445766004e-04 
 1800.000;2.443579724e-04 
 1801.000;2.160645090e-04 
 1802.000;2.017681254e-04 
 1803.000;2.014397032e-04 
 1804.000;1.991553436e-04 
 1805.000;1.956839988e-04 
 1806.000;1.887843682e-04 
 1807.000;1.864713267e-04 
 1808.000;1.839326869e-04 
 1809.000;1.761252788e-04 
 1810.000;1.697566622e-04 
 1811.000;1.689506753e-04 
 1812.000;1.642436691e-04 
 1813.000;1.641691779e-04 
 1814.000;1.603588171e-04 
 1815.000;1.547589491e-04 
 1816.000;1.544636179e-04 
 1817.000;1.519409125e-04 
 1818.000;1.508830173e-04 
 1819.000;1.474861929e-04 
 1820.000;1.452003780e-04 
 1821.000;1.448930707e-04 
 1822.000;1.442429930e-04 
 1823.000;1.439371699e-04 
 1824.000;1.418157481e-04 
 1825.000;1.356949797e-04 
 1826.000;1.353918633e-04 
 1827.000;1.309598301e-04 
 1828.000;1.301516168e-04 
 1829.000;1.242585713e-04 
 1830.000;1.200232509e-04 
 1831.000;1.197593738e-04 
 1832.000;1.168870949e-04 
 1833.000;1.166273651e-04 
 1834.000;1.125749259e-04 
 1835.000;1.079068388e-04 
 1836.000;1.076771005e-04 
 1837.000;1.054084205e-04 
 1838.000;1.050780702e-04 
 1839.000;1.060587310e-04 
 1840.000;1.085020704e-04 
 1841.000;1.082731906e-04 
 1842.000;1.109582954e-04 
 1843.000;1.107164862e-04 
 1844.000;1.120356756e-04 
 1845.000;1.116952189e-04 
 1846.000;1.101330126e-04 
 1847.000;1.082859308e-04 
 1848.000;1.080502843e-04 
 1849.000;1.075094551e-04 
 1850.000;1.072776358e-04 
 1851.000;1.067917328e-04 
 1852.000;1.064272874e-04 
 1853.000;1.061987350e-04 
 1854.000;1.059965216e-04 
 1855.000;1.058181078e-04 
 1856.000;1.060675713e-04 
 1857.000;1.058447888e-04 
 1858.000;1.073877938e-04 
 1859.000;1.107851931e-04 
 1860.000;1.105498523e-04 
 1861.000;1.141870016e-04 
 1862.000;1.138098887e-04 
 1863.000;1.142703914e-04 
 1864.000;1.127359574e-04 
 1865.000;1.124994960e-04 
 1866.000;1.075055625e-04 
 1867.000;1.072751984e-04 
 1868.000;9.978854359e-05 
 1869.000;9.962890181e-05 
 1870.000;9.360857803e-05 
 1871.000;9.081802273e-05 
 1872.000;9.062598838e-05 
 1873.000;9.365157894e-05 
 1874.000;9.345187573e-05 
 1875.000;9.892170056e-05 
 1876.000;9.873694216e-05 
 1877.000;1.054266759e-04 
 1878.000;1.103520772e-04 
 1879.000;1.101185844e-04 
 1880.000;1.128146687e-04 
 1881.000;1.125745257e-04 
 1882.000;1.149250747e-04 
 1883.000;1.149901946e-04 
 1884.000;1.157249790e-04 
 1885.000;1.154807615e-04 
 1886.000;1.153737903e-04 
 1887.000;1.151290999e-04 
 1888.000;1.148842712e-04 
 1889.000;1.127419018e-04 
 1890.000;1.124980481e-04 
 1891.000;1.113381877e-04 
 1892.000;1.111050879e-04 
 1893.000;1.099458314e-04 
 1894.000;1.088247154e-04 
 1895.000;1.085965341e-04 
 1896.000;1.058337730e-04 
 1897.000;1.056115580e-04 
 1898.000;1.013507717e-04 
 1899.000;1.011377317e-04 
 1900.000;9.773315833e-05 
 1901.000;9.752699407e-05 
 1902.000;9.603899525e-05 
 1903.000;9.777091327e-05 
 1904.000;9.756169311e-05 
 1905.000;1.000066186e-04 
 1906.000;9.980334289e-05 
 1907.000;1.019804040e-04 
 1908.000;1.017651375e-04 
 1909.000;1.020622003e-04 
 1910.000;1.018488110e-04 
 1911.000;1.021180797e-04 
 1912.000;1.019906413e-04 
 1913.000;1.034493471e-04 
 1914.000;1.051040454e-04 
 1915.000;1.048830964e-04 
 1916.000;1.090371807e-04 
 1917.000;1.088083081e-04 
 1918.000;1.112691971e-04 
 1919.000;1.110409212e-04 
 1920.000;1.135965940e-04 
 1921.000;1.133600017e-04 
 1922.000;1.153735211e-04 
 1923.000;1.154706842e-04 
 1924.000;1.158099112e-04 
 1925.000;1.159952517e-04 
 1926.000;1.157609513e-04 
 1927.000;1.169932220e-04 
 1928.000;1.167589871e-04 
 1929.000;1.179405372e-04 
 1930.000;1.177048252e-04 
 1931.000;1.211540948e-04 
 1932.000;1.209048714e-04 
 1933.000;1.225729648e-04 
 1934.000;1.231286442e-04 
 1935.000;1.252338698e-04 
 1936.000;1.249792549e-04 
 1937.000;1.252354559e-04 
 1938.000;1.271963411e-04 
 1939.000;1.269421482e-04 
 1940.000;1.289761713e-04 
 1941.000;1.287162013e-04 
 1942.000;1.320910960e-04 
 1943.000;1.318320574e-04 
 1944.000;1.343446493e-04 
 1945.000;1.340843446e-04 
 1946.000;1.410630066e-04 
 1947.000;1.408030221e-04 
 1948.000;1.433639991e-04 
 1949.000;1.464499801e-04 
 1950.000;1.523584506e-04 
 1951.000;1.521065860e-04 
 1952.000;1.473883603e-04 
 1953.000;1.518261270e-04 
 1954.000;1.513256429e-04 
 1955.000;1.510889269e-04 
 1956.000;1.482225052e-04 
 1957.000;1.595360227e-04 
 1958.000;1.592934859e-04 
 1959.000;1.821765181e-04 
 1960.000;1.819364115e-04 
 1961.000;2.290788689e-04 
 1962.000;2.288336254e-04 
 1963.000;3.041131422e-04 
 1964.000;3.038720461e-04 
 1965.000;4.132906906e-04 
 1966.000;4.130385933e-04 
 1967.000;4.923932138e-04 
 1968.000;4.921608488e-04 
 1969.000;5.987048498e-04 
 1970.000;5.984726013e-04 
 1971.000;6.529118982e-04 
 1972.000;6.679635262e-04 
 1973.000;7.239627303e-04 
 1974.000;7.236744859e-04 
 1975.000;7.800957537e-04 
 1976.000;7.942241500e-04 
 1977.000;8.656416321e-04 
 1978.000;8.653312689e-04 
 1979.000;9.192137513e-04 
 1980.000;9.291411261e-04 
 1981.000;1.012495835e-03 
 1982.000;1.012324938e-03 
 1983.000;1.048005652e-03 
 1984.000;1.056560664e-03 
 1985.000;1.085731317e-03 
 1986.000;1.085509197e-03 
 1987.000;1.113683218e-03 
 1988.000;1.120669534e-03 
 1989.000;1.118603512e-03 
 1990.000;1.118206070e-03 
 1991.000;1.115408493e-03 
 1992.000;1.121102017e-03 
 1993.000;1.088699675e-03 
 1994.000;1.088442979e-03 
 1995.000;9.741355316e-04 
 1996.000;9.779785760e-04 
 1997.000;7.863169303e-04 
 1998.000;7.860451587e-04 
 1999.000;5.480441032e-04 
 2000.000;5.851962487e-04 
 2001.000;3.895970294e-04 
 2002.000;3.892660607e-04 
 2003.000;3.132435959e-04 
 2004.000;3.138609172e-04 
 2005.000;3.200577630e-04 
 2006.000;3.197688202e-04 
 2007.000;3.740664106e-04 
 2008.000;3.745962749e-04 
 2009.000;4.231691710e-04 
 2010.000;4.228325270e-04 
 2011.000;4.384210624e-04 
 2012.000;4.390087852e-04 
 2013.000;4.481211363e-04 
 2014.000;4.477659240e-04 
 2015.000;4.742648744e-04 
 2016.000;4.748546344e-04 
 2017.000;5.605709739e-04 
 2018.000;5.601667799e-04 
 2019.000;7.140110247e-04 
 2020.000;7.148431032e-04 
 2021.000;9.028080967e-04 
 2022.000;9.021470905e-04 
 2023.000;1.087028300e-03 
 2024.000;1.087670680e-03 
 2025.000;1.260574325e-03 
 2026.000;1.259812852e-03 
 2027.000;1.381173264e-03 
 2028.000;1.382063492e-03 
 2029.000;1.501670224e-03 
 2030.000;1.500749262e-03 
 2031.000;1.595542999e-03 
 2032.000;1.594685600e-03 
 2033.000;1.661928021e-03 
 2034.000;1.660993206e-03 
 2035.000;1.703163842e-03 
 2036.000;1.702217734e-03 
 2037.000;1.696420019e-03 
 2038.000;1.695644227e-03 
 2039.000;1.680531073e-03 
 2040.000;1.679657726e-03 
 2041.000;1.657850808e-03 
 2042.000;1.656851848e-03 
 2043.000;1.606660080e-03 
 2044.000;1.605796046e-03 
 2045.000;1.523756771e-03 
 2046.000;1.522956649e-03 
 2047.000;1.522041508e-03 
 2048.000;1.369729638e-03 
 2049.000;1.369423233e-03 
 2050.000;1.202319167e-03 
 2051.000;1.201611478e-03 
 2052.000;1.096210326e-03 
 2053.000;1.095940708e-03 
 2054.000;1.059974427e-03 
 2055.000;1.059348229e-03 
 2056.000;1.082710107e-03 
 2057.000;1.082046307e-03 
 2058.000;1.134157297e-03 
 2059.000;1.133488724e-03 
 2060.000;1.153248711e-03 
 2061.000;1.152564771e-03 
 2062.000;1.151449163e-03 
 2063.000;1.150757540e-03 
 2064.000;1.155501232e-03 
 2065.000;1.154828351e-03 
 2066.000;1.154302503e-03 
 2067.000;1.179471612e-03 
 2068.000;1.178778592e-03 
 2069.000;1.223166822e-03 
 2070.000;1.222663093e-03 
 2071.000;1.336219255e-03 
 2072.000;1.335479668e-03 
 2073.000;1.458983752e-03 
 2074.000;1.458132989e-03 
 2075.000;1.560622361e-03 
 2076.000;1.559829921e-03 
 2077.000;1.643780386e-03 
 2078.000;1.642785151e-03 
 2079.000;1.642228803e-03 
 2080.000;1.694023842e-03 
 2081.000;1.693088096e-03 
 2082.000;1.720176311e-03 
 2083.000;1.719423220e-03 
 2084.000;1.749520772e-03 
 2085.000;1.748612849e-03 
 2086.000;1.778076985e-03 
 2087.000;1.777179888e-03 
 2088.000;1.805712935e-03 
 2089.000;1.804794185e-03 
 2090.000;1.828024630e-03 
 2091.000;1.826956403e-03 
 2092.000;1.826342545e-03 
 2093.000;1.829784713e-03 
 2094.000;1.828646171e-03 
 2095.000;1.830342924e-03 
 2096.000;1.829899265e-03 
 2097.000;1.822030637e-03 
 2098.000;1.821069396e-03 
 2099.000;1.842226717e-03 
 2100.000;1.841069316e-03 
 2101.000;1.912041917e-03 
 2102.000;1.911194529e-03 
 2103.000;1.910416642e-03 
 2104.000;1.939319423e-03 
 2105.000;1.938793808e-03 
 2106.000;1.972287428e-03 
 2107.000;1.971793361e-03 
 2108.000;1.976905623e-03 
 2109.000;1.975300955e-03 
 2110.000;1.956866588e-03 
 2111.000;1.955612795e-03 
 2112.000;1.946096076e-03 
 2113.000;1.945174416e-03 
 2114.000;1.944234362e-03 
 2115.000;1.931475475e-03 
 2116.000;1.930801780e-03 
 2117.000;1.924962271e-03 
 2118.000;1.923918724e-03 
 2119.000;1.940202084e-03 
 2120.000;1.939488109e-03 
 2121.000;1.966194017e-03 
 2122.000;1.966047334e-03 
 2123.000;1.963722520e-03 
 2124.000;1.996843377e-03 
 2125.000;1.996358158e-03 
 2126.000;2.039302606e-03 
 2127.000;2.038981067e-03 
 2128.000;2.082204679e-03 
 2129.000;2.081190469e-03 
 2130.000;2.107688924e-03 
 2131.000;2.110624919e-03 
 2132.000;2.105578780e-03 
 2133.000;2.126403153e-03 
 2134.000;2.125697676e-03 
 2135.000;2.135874005e-03 
 2136.000;2.134514740e-03 
 2137.000;2.138182055e-03 
 2138.000;2.139084507e-03 
 2139.000;2.136678435e-03 
 2140.000;2.138782525e-03 
 2141.000;2.136209048e-03 
 2142.000;2.113696421e-03 
 2143.000;2.113709692e-03 
 2144.000;2.056393772e-03 
 2145.000;2.055813558e-03 
 2146.000;1.977732638e-03 
 2147.000;1.977005275e-03 
 2148.000;1.975863939e-03 
 2149.000;1.895975089e-03 
 2150.000;1.895395806e-03 
 2151.000;1.838834374e-03 
 2152.000;1.837782329e-03 
 2153.000;1.833952148e-03 
 2154.000;1.832547481e-03 
 2155.000;1.831825590e-03 
 2156.000;1.842510188e-03 
 2157.000;1.841474092e-03 
 2158.000;1.849014428e-03 
 2159.000;1.848464948e-03 
 2160.000;1.856672228e-03 
 2161.000;1.855623210e-03 
 2162.000;1.854271744e-03 
 2163.000;1.868111431e-03 
 2164.000;1.866962411e-03 
 2165.000;1.878289972e-03 
 2166.000;1.877516625e-03 
 2167.000;1.891372143e-03 
 2168.000;1.890183426e-03 
 2169.000;1.890128013e-03 
 2170.000;1.902592252e-03 
 2171.000;1.902506570e-03 
 2172.000;1.892755623e-03 
 2173.000;1.890753047e-03 
 2174.000;1.871538232e-03 
 2175.000;1.869979664e-03 
 2176.000;1.868772204e-03 
 2177.000;1.850979635e-03 
 2178.000;1.850766828e-03 
 2179.000;1.814754913e-03 
 2180.000;1.812561066e-03 
 2181.000;1.811815309e-03 
 2182.000;1.780479332e-03 
 2183.000;1.779316226e-03 
 2184.000;1.787297195e-03 
 2185.000;1.787316054e-03 
 2186.000;1.805428998e-03 
 2187.000;1.804990927e-03 
 2188.000;1.803893014e-03 
 2189.000;1.824236591e-03 
 2190.000;1.824131468e-03 
 2191.000;1.822584309e-03 
 2192.000;1.822556602e-03 
 2193.000;1.785108936e-03 
 2194.000;1.784147695e-03 
 2195.000;1.783111482e-03 
 2196.000;1.739874482e-03 
 2197.000;1.739140018e-03 
 2198.000;1.717112842e-03 
 2199.000;1.716341008e-03 
 2200.000;1.668366604e-03 
 2201.000;1.691813115e-03 
 2202.000;1.690835925e-03 
 2203.000;1.740249223e-03 
 2204.000;1.739153522e-03 
 2205.000;1.737809042e-03 
 2206.000;1.799664460e-03 
 2207.000;1.798675279e-03 
 2208.000;1.856045681e-03 
 2209.000;1.857138122e-03 
 2210.000;1.886081765e-03 
 2211.000;1.885273843e-03 
 2212.000;1.884218305e-03 
 2213.000;1.893587760e-03 
 2214.000;1.892127912e-03 
 2215.000;1.895525376e-03 
 2216.000;1.895814785e-03 
 2217.000;1.893848064e-03 
 2218.000;1.892122556e-03 
 2219.000;1.890923479e-03 
 2220.000;1.893578330e-03 
 2221.000;1.892764005e-03 
 2222.000;1.891389489e-03 
 2223.000;1.900193747e-03 
 2224.000;1.899076626e-03 
 2225.000;1.902542659e-03 
 2226.000;1.902237069e-03 
 2227.000;1.900747069e-03 
 2228.000;1.901556039e-03 
 2229.000;1.900055446e-03 
 2230.000;1.892645727e-03 
 2231.000;1.891257358e-03 
 2232.000;1.889913226e-03 
 2233.000;1.880931202e-03 
 2234.000;1.879623393e-03 
 2235.000;1.866547391e-03 
 2236.000;1.865709666e-03 
 2237.000;1.864432474e-03 
 2238.000;1.851128414e-03 
 2239.000;1.850063913e-03 
 2240.000;1.840455458e-03 
 2241.000;1.839750097e-03 
 2242.000;1.838298514e-03 
 2243.000;1.828515553e-03 
 2244.000;1.827868982e-03 
 2245.000;1.820796868e-03 
 2246.000;1.819884987e-03 
 2247.000;1.818249119e-03 
 2248.000;1.812830218e-03 
 2249.000;1.811859664e-03 
 2250.000;1.800849335e-03 
 2251.000;1.799903112e-03 
 2252.000;1.798490528e-03 
 2253.000;1.778114587e-03 
 2254.000;1.777441474e-03 
 2255.000;1.761771156e-03 
 2256.000;1.760741812e-03 
 2257.000;1.758954371e-03 
 2258.000;1.740970649e-03 
 2259.000;1.740202424e-03 
 2260.000;1.725362381e-03 
 2261.000;1.724434784e-03 
 2262.000;1.722838497e-03 
 2263.000;1.719841850e-03 
 2264.000;1.718936721e-03 
 2265.000;1.718214713e-03 
 2266.000;1.711203484e-03 
 2267.000;1.710137469e-03 
 2268.000;1.709417673e-03 
 2269.000;1.708175871e-03 
 2270.000;1.707359334e-03 
 2271.000;1.716326573e-03 
 2272.000;1.715447172e-03 
 2273.000;1.711634453e-03 
 2274.000;1.710548066e-03 
 2275.000;1.709612901e-03 
 2276.000;1.714937389e-03 
 2277.000;1.713903854e-03 
 2278.000;1.710492652e-03 
 2279.000;1.709413016e-03 
 2280.000;1.708372263e-03 
 2281.000;1.691426383e-03 
 2282.000;1.690538251e-03 
 2283.000;1.688766759e-03 
 2284.000;1.674366998e-03 
 2285.000;1.673183637e-03 
 2286.000;1.645129756e-03 
 2287.000;1.644308446e-03 
 2288.000;1.642339863e-03 
 2289.000;1.604726189e-03 
 2290.000;1.603599405e-03 
 2291.000;1.576052513e-03 
 2292.000;1.575295464e-03 
 2293.000;1.574318390e-03 
 2294.000;1.544792322e-03 
 2295.000;1.543653314e-03 
 2296.000;1.542784972e-03 
 2297.000;1.542756334e-03 
 2298.000;1.541943173e-03 
 2299.000;1.546486863e-03 
 2300.000;1.545714564e-03 
 2301.000;1.533427509e-03 
 2302.000;1.557463314e-03 
 2303.000;1.556575764e-03 
 2304.000;1.554196584e-03 
 2305.000;1.585718128e-03 
 2306.000;1.584925223e-03 
 2307.000;1.589823049e-03 
 2308.000;1.588722225e-03 
 2309.000;1.586083090e-03 
 2310.000;1.563850092e-03 
 2311.000;1.563047292e-03 
 2312.000;1.562081859e-03 
 2313.000;1.507183420e-03 
 2314.000;1.506324159e-03 
 2315.000;1.438178588e-03 
 2316.000;1.437476953e-03 
 2317.000;1.436561230e-03 
 2318.000;1.586178085e-03 
 2319.000;1.585260965e-03 
 2320.000;1.415880281e-03 
 2321.000;1.411528094e-03 
 2322.000;1.410874887e-03 
 2323.000;1.445683185e-03 
 2324.000;1.444853144e-03 
 2325.000;1.444110763e-03 
 2326.000;1.469131559e-03 
 2327.000;1.468204893e-03 
 2328.000;1.467544702e-03 
 2329.000;1.457151142e-03 
 2330.000;1.456247875e-03 
 2331.000;1.452540397e-03 
 2332.000;1.413300051e-03 
 2333.000;1.412370009e-03 
 2334.000;1.353736152e-03 
 2335.000;1.353061409e-03 
 2336.000;1.349149854e-03 
 2337.000;1.274676295e-03 
 2338.000;1.274013775e-03 
 2339.000;1.273299335e-03 
 2340.000;1.216453151e-03 
 2341.000;1.215741155e-03 
 2342.000;1.166788512e-03 
 2343.000;1.166142174e-03 
 2344.000;1.165424474e-03 
 2345.000;1.134351478e-03 
 2346.000;1.133511891e-03 
 2347.000;1.129913726e-03 
 2348.000;1.111216960e-03 
 2349.000;1.110598911e-03 
 2350.000;1.109926030e-03 
 2351.000;1.124703907e-03 
 2352.000;1.124074333e-03 
 2353.000;1.153701451e-03 
 2354.000;1.153047779e-03 
 2355.000;1.152352896e-03 
 2356.000;1.190376235e-03 
 2357.000;1.189618721e-03 
 2358.000;1.184202149e-03 
 2359.000;1.188729773e-03 
 2360.000;1.187950023e-03 
 2361.000;1.187329646e-03 
 2362.000;1.138029387e-03 
 2363.000;1.137422514e-03 
 2364.000;1.131062163e-03 
 2365.000;1.056769514e-03 
 2366.000;1.056238194e-03 
 2367.000;9.591791313e-04 
 2368.000;9.586703382e-04 
 2369.000;9.581414051e-04 
 2370.000;9.043787140e-04 
 2371.000;9.038597927e-04 
 2372.000;9.033731767e-04 
 2373.000;8.926959126e-04 
 2374.000;8.921374683e-04 
 2375.000;8.861538954e-04 
 2376.000;8.408961585e-04 
 2377.000;8.404606488e-04 
 2378.000;8.399584331e-04 
 2379.000;8.405577391e-04 
 2380.000;8.401331725e-04 
 2381.000;7.968600257e-04 
 2382.000;7.963902317e-04 
 2383.000;7.960243383e-04 
 2384.000;7.956927293e-04 
 2385.000;7.953107706e-04 
 2386.000;7.948581479e-04 
 2387.000;8.138924022e-04 
 2388.000;8.134889067e-04 
 2389.000;8.129809867e-04 
 2390.000;8.390203584e-04 
 2391.000;8.386158152e-04 
 2392.000;8.297553286e-04 
 2393.000;8.544457960e-04 
 2394.000;8.539473056e-04 
 2395.000;8.534066146e-04 
 2396.000;8.456415962e-04 
 2397.000;8.451875765e-04 
 2398.000;8.344947128e-04 
 2399.000;8.026819560e-04 
 2400.000;7.719990099e-04 
 2401.000;7.246086607e-04 
 2402.000;7.236914244e-04 
 2403.000;7.229674957e-04 
 2404.000;6.361405831e-04 
 2405.000;6.355055957e-04 
 2406.000;6.348304451e-04 
 2407.000;5.737059982e-04 
 2408.000;5.731099518e-04 
 2409.000;5.724162329e-04 
 2410.000;5.017570802e-04 
 2411.000;5.010526511e-04 
 2412.000;5.006894935e-04 
 2413.000;4.630089097e-04 
 2414.000;4.625151632e-04 
 2415.000;4.551356833e-04 
 2416.000;4.527765268e-04 
 2417.000;4.526254197e-04 
 2418.000;4.523016396e-04 
 2419.000;5.093237851e-04 
 2420.000;5.087887985e-04 
 2421.000;4.953520256e-04 
 2422.000;5.373053718e-04 
 2423.000;5.371788866e-04 
 2424.000;5.356363254e-04 
 2425.000;5.606319173e-04 
 2426.000;5.600998411e-04 
 2427.000;5.494332290e-04 
 2428.000;5.377105554e-04 
 2429.000;5.369257997e-04 
 2430.000;5.360523355e-04 
 2431.000;5.039141979e-04 
 2432.000;5.036648363e-04 
 2433.000;4.898820189e-04 
 2434.000;4.505817196e-04 
 2435.000;4.498327617e-04 
 2436.000;4.490969295e-04 
 2437.000;4.499650095e-04 
 2438.000;4.490368592e-04 
 2439.000;4.396140866e-04 
 2440.000;3.924437915e-04 
 2441.000;3.930719977e-04 
 2442.000;3.920544405e-04 
 2443.000;3.311485343e-04 
 2444.000;3.311837208e-04 
 2445.000;2.782309311e-04 
 2446.000;2.775881148e-04 
 2447.000;2.771220461e-04 
 2448.000;2.629794762e-04 
 2449.000;2.630841918e-04 
 2450.000;2.628072398e-04 
 2451.000;2.643934858e-04 
 2452.000;2.634287230e-04 
 2453.000;2.633608528e-04 
 2454.000;3.145507944e-04 
 2455.000;3.137235763e-04 
 2456.000;3.134581493e-04 
 2457.000;2.998209093e-04 
 2458.000;3.101453767e-04 
 2459.000;3.106965742e-04 
 2460.000;3.099183086e-04 
 2461.000;2.857135551e-04 
 2462.000;2.850491728e-04 
 2463.000;2.731850254e-04 
 2464.000;2.356921614e-04 
 2465.000;2.356205223e-04 
 2466.000;2.354744356e-04 
 2467.000;1.994898194e-04 
 2468.000;1.983267284e-04 
 2469.000;1.879781048e-04 
 2470.000;1.437251631e-04 
 2471.000;1.436926686e-04 
 2472.000;1.435188751e-04 
 2473.000;1.303241588e-04 
 2474.000;1.302121527e-04 
 2475.000;1.234467345e-04 
 2476.000;9.599255282e-05 
 2477.000;9.592672723e-05 
 2478.000;9.579935431e-05 
 2479.000;7.847113011e-05 
 2480.000;7.845858636e-05 
 2481.000;7.550415467e-05 
 2482.000;6.393564399e-05 
 2483.000;6.386760651e-05 
 2484.000;6.377341197e-05 
 2485.000;5.806850459e-05 
 2486.000;5.798017446e-05 
 2487.000;5.676189903e-05 
 2488.000;5.519200931e-05 
 2489.000;5.507155583e-05 
 2490.000;5.502774002e-05 
 2491.000;5.546213652e-05 
 2492.000;5.538292316e-05 
 2493.000;5.528510155e-05 
 2494.000;5.463806519e-05 
 2495.000;5.455548308e-05 
 2496.000;5.445615898e-05 
 2497.000;5.578758282e-05 
 2498.000;5.568984488e-05 
 2499.000;5.561367288e-05 
 2500.000;5.364474055e-05 
 2501.000;5.146439071e-05 
 2502.000;5.138407869e-05 
 2503.000;5.130972204e-05 
 2504.000;5.011365283e-05 
 2505.000;5.004072227e-05 
 2506.000;4.922908192e-05 
 2507.000;4.680371057e-05 
 2508.000;4.673030344e-05 
 2509.000;4.665543020e-05 
 2510.000;4.505087782e-05 
 2511.000;4.497533882e-05 
 2512.000;4.448551408e-05 
 2513.000;4.279308632e-05 
 2514.000;4.272490332e-05 
 2515.000;4.265991811e-05 
 2516.000;4.184611316e-05 
 2517.000;4.178067684e-05 
 2518.000;4.171751061e-05 
 2519.000;3.999573892e-05 
 2520.000;3.993646169e-05 
 2521.000;3.987400487e-05 
 2522.000;3.981083137e-05 
 2523.000;3.845037645e-05 
 2524.000;3.838850171e-05 
 2525.000;3.803227082e-05 
 2526.000;3.639742863e-05 
 2527.000;3.633894084e-05 
 2528.000;3.628240302e-05 
 2529.000;3.496628779e-05 
 2530.000;3.491314419e-05 
 2531.000;3.485830166e-05 
 2532.000;3.338468741e-05 
 2533.000;3.333247878e-05 
 2534.000;3.328122330e-05 
 2535.000;3.255258707e-05 
 2536.000;3.250161171e-05 
 2537.000;3.245080370e-05 
 2538.000;3.219037899e-05 
 2539.000;3.101536640e-05 
 2540.000;3.096654473e-05 
 2541.000;3.091849067e-05 
 2542.000;3.014424874e-05 
 2543.000;3.009707325e-05 
 2544.000;2.982479236e-05 
 2545.000;2.944027983e-05 
 2546.000;2.939427395e-05 
 2547.000;2.934946315e-05 
 2548.000;2.930850133e-05 
 2549.000;2.926243724e-05 
 2550.000;2.921674968e-05 
 2551.000;2.897621198e-05 
 2552.000;2.877996667e-05 
 2553.000;2.873682752e-05 
 2554.000;2.869164018e-05 
 2555.000;2.841532114e-05 
 2556.000;2.837056127e-05 
 2557.000;2.813418541e-05 
 2558.000;2.666991168e-05 
 2559.000;2.662882252e-05 
 2560.000;2.658785343e-05 
 2561.000;2.522217801e-05 
 2562.000;2.518288238e-05 
 2563.000;2.514397966e-05 
 2564.000;2.499793663e-05 
 2565.000;2.385307198e-05 
 2566.000;2.381623017e-05 
 2567.000;2.377940291e-05 
 2568.000;2.297942774e-05 
 2569.000;2.294400838e-05 
 2570.000;2.290880366e-05 
 2571.000;2.247421071e-05 
 2572.000;2.243968629e-05 
 2573.000;2.240495633e-05 
 2574.000;2.236999171e-05 
 2575.000;2.202510223e-05 
 2576.000;2.199115443e-05 
 2577.000;2.188102735e-05 
 2578.000;2.134653187e-05 
 2579.000;2.131391557e-05 
 2580.000;2.128118103e-05 
 2581.000;2.065840454e-05 
 2582.000;2.062660860e-05 
 2583.000;2.059472354e-05 
 2584.000;2.011057040e-05 
 2585.000;2.007949115e-05 
 2586.000;2.004875387e-05 
 2587.000;2.001785833e-05 
 2588.000;1.986427378e-05 
 2589.000;1.983379661e-05 
 2590.000;1.980333764e-05 
 2591.000;1.948378122e-05 
 2592.000;1.945383883e-05 
 2593.000;1.942402196e-05 
 2594.000;1.939428330e-05 
 2595.000;1.937092566e-05 
 2596.000;1.934119064e-05 
 2597.000;1.930003418e-05 
 2598.000;1.920803152e-05 
 2599.000;1.917862937e-05 
 2600.000;1.914936001e-05 
 2601.000;1.870461529e-05 
 2602.000;1.867612082e-05 
 2603.000;1.864742626e-05 
 2604.000;1.860898556e-05 
 2605.000;1.834951399e-05 
 2606.000;1.832162707e-05 
 2607.000;1.829354005e-05 
 2608.000;1.815825635e-05 
 2609.000;1.813071867e-05 
 2610.000;1.810299182e-05 
 2611.000;1.816879012e-05 
 2612.000;1.814107054e-05 
 2613.000;1.811340371e-05 
 2614.000;1.808564411e-05 
 2615.000;1.829588473e-05 
 2616.000;1.826799780e-05 
 2617.000;1.824028550e-05 
 2618.000;1.850356784e-05 
 2619.000;1.847535168e-05 
 2620.000;1.844733742e-05 
 2621.000;1.841926860e-05 
 2622.000;1.873236397e-05 
 2623.000;1.870394044e-05 
 2624.000;1.869374319e-05 
 2625.000;1.927402263e-05 
 2626.000;1.924483695e-05 
 2627.000;1.921566036e-05 
 2628.000;1.918672751e-05 
 2629.000;2.005542592e-05 
 2630.000;2.002527253e-05 
 2631.000;2.002197652e-05 
 2632.000;2.099847734e-05 
 2633.000;2.096671051e-05 
 2634.000;2.093530566e-05 
 2635.000;2.090380440e-05 
 2636.000;2.177058195e-05 
 2637.000;2.173767461e-05 
 2638.000;2.171835149e-05 
 2639.000;2.184174991e-05 
 2640.000;2.180906813e-05 
 2641.000;2.177663191e-05 
 2642.000;2.174408473e-05 
 2643.000;2.159732139e-05 
 2644.000;2.156507981e-05 
 2645.000;2.150987712e-05 
 2646.000;2.108991794e-05 
 2647.000;2.105839303e-05 
 2648.000;2.102705002e-05 
 2649.000;2.099569429e-05 
 2650.000;1.998222069e-05 
 2651.000;1.995245657e-05 
 2652.000;1.989283373e-05 
 2653.000;1.891328429e-05 
 2654.000;1.888501356e-05 
 2655.000;1.885673191e-05 
 2656.000;1.882851939e-05 
 2657.000;1.761966269e-05 
 2658.000;1.759326733e-05 
 2659.000;1.756162419e-05 
 2660.000;1.670693564e-05 
 2661.000;1.668195182e-05 
 2662.000;1.665693526e-05 
 2663.000;1.467644415e-05 
 2664.000;1.252499442e-05 
 2665.000;1.250615787e-05 
 2666.000;1.248612170e-05 
 2667.000;1.005801369e-05 
 2668.000;1.004295245e-05 
 2669.000;1.002791487e-05 
 2670.000;1.001290548e-05 
 2671.000;7.526874924e-06 
 2672.000;7.515790003e-06 
 2673.000;7.504318091e-06 
 2674.000;5.689893896e-06 
 2675.000;5.681385574e-06 
 2676.000;5.672893622e-06 
 2677.000;5.664422133e-06 
 2678.000;4.882464964e-06 
 2679.000;4.875175819e-06 
 2680.000;4.867900316e-06 
 2681.000;4.751599590e-06 
 2682.000;4.744514172e-06 
 2683.000;4.737441031e-06 
 2684.000;4.730381079e-06 
 2685.000;5.011439498e-06 
 2686.000;5.003980277e-06 
 2687.000;4.996532425e-06 
 2688.000;4.989278750e-06 
 2689.000;5.372479791e-06 
 2690.000;5.364490789e-06 
 2691.000;5.356520433e-06 
 2692.000;5.512491043e-06 
 2693.000;5.504309684e-06 
 2694.000;5.496135600e-06 
 2695.000;5.488416718e-06 
 2696.000;5.609425443e-06 
 2697.000;5.601108114e-06 
 2698.000;5.592805792e-06 
 2699.000;5.584521205e-06 
 2700.000;5.886715826e-06 
 2701.000;5.878003776e-06 
 2702.000;5.869432243e-06 
 2703.000;6.526249763e-06 
 2704.000;6.516590929e-06 
 2705.000;6.506963018e-06 
 2706.000;6.497361937e-06 
 2707.000;7.670200830e-06 
 2708.000;7.659368748e-06 
 2709.000;7.647529856e-06 
 2710.000;7.636919690e-06 
 2711.000;9.142184354e-06 
 2712.000;9.128710190e-06 
 2713.000;9.115261491e-06 
 2714.000;1.067598805e-05 
 2715.000;1.066029836e-05 
 2716.000;1.064461230e-05 
 2717.000;1.062963020e-05 
 2718.000;1.210960090e-05 
 2719.000;1.209185575e-05 
 2720.000;1.207411788e-05 
 2721.000;1.205641365e-05 
 2722.000;1.337756657e-05 
 2723.000;1.335799698e-05 
 2724.000;1.333842738e-05 
 2725.000;1.422701735e-05 
 2726.000;1.420630178e-05 
 2727.000;1.418560259e-05 
 2728.000;1.416492796e-05 
 2729.000;1.434716160e-05 
 2730.000;1.432630779e-05 
 2731.000;1.430540306e-05 
 2732.000;1.429080385e-05 
 2733.000;1.382542905e-05 
 2734.000;1.380529466e-05 
 2735.000;1.378525758e-05 
 2736.000;1.277008687e-05 
 2737.000;1.275164504e-05 
 2738.000;1.273307771e-05 
 2739.000;1.271782639e-05 
 2740.000;1.118781256e-05 
 2741.000;1.117153806e-05 
 2742.000;1.115528994e-05 
 2743.000;1.113908547e-05 
 2744.000;9.276189303e-06 
 2745.000;9.262737876e-06 
 2746.000;9.249227332e-06 
 2747.000;9.241406588e-06 
 2748.000;7.386759535e-06 
 2749.000;7.376030226e-06 
 2750.000;7.365304555e-06 
 2751.000;7.354603440e-06 
 2752.000;6.160592420e-06 
 2753.000;6.151649814e-06 
 2754.000;6.142721759e-06 
 2755.000;5.723055892e-06 
 2756.000;5.714753570e-06 
 2757.000;5.706457614e-06 
 2758.000;5.698184850e-06 
 2759.000;5.776829312e-06 
 2760.000;5.768457413e-06 
 2761.000;5.760101885e-06 
 2762.000;5.752564448e-06 
 2763.000;6.073596523e-06 
 2764.000;6.064813988e-06 
 2765.000;6.056033726e-06 
 2766.000;6.047282568e-06 
 2767.000;6.183417099e-06 
 2768.000;6.174481769e-06 
 2769.000;6.165573268e-06 
 2770.000;6.157671578e-06 
 2771.000;6.036119885e-06 
 2772.000;6.027407380e-06 
 2773.000;6.018719432e-06 
 2774.000;5.936887192e-06 
 2775.000;5.928332939e-06 
 2776.000;5.919794148e-06 
 2777.000;5.911262633e-06 
 2778.000;6.105562534e-06 
 2779.000;6.096766356e-06 
 2780.000;6.087993825e-06 
 2781.000;6.079239483e-06 
 2782.000;6.726019819e-06 
 2783.000;6.716334155e-06 
 2784.000;6.706702607e-06 
 2785.000;6.698886864e-06 
 2786.000;7.778080544e-06 
 2787.000;7.767409443e-06 
 2788.000;7.755927982e-06 
 2789.000;7.744799404e-06 
 2790.000;8.946679372e-06 
 2791.000;8.933872778e-06 
 2792.000;8.921105291e-06 
 2793.000;8.915581930e-06 
 2794.000;9.996439076e-06 
 2795.000;9.982213669e-06 
 2796.000;9.967909136e-06 
 2797.000;9.953743756e-06 
 2798.000;1.089453872e-05 
 2799.000;1.087901273e-05 
 2800.000;1.086352677e-05 
 2801.000;1.085924578e-05 
 2802.000;1.168690596e-05 
 2803.000;1.167026312e-05 
 2804.000;1.165365575e-05 
 2805.000;1.163706929e-05 
 2806.000;1.250006699e-05 
 2807.000;1.248228818e-05 
 2808.000;1.246457850e-05 
 2809.000;1.347464422e-05 
 2810.000;1.345558212e-05 
 2811.000;1.343664189e-05 
 2812.000;1.341749885e-05 
 2813.000;1.445768157e-05 
 2814.000;1.443728979e-05 
 2815.000;1.441681161e-05 
 2816.000;1.439639982e-05 
 2817.000;1.557533506e-05 
 2818.000;1.555330346e-05 
 2819.000;1.553132279e-05 
 2820.000;1.550942397e-05 
 2821.000;1.659602822e-05 
 2822.000;1.657261782e-05 
 2823.000;1.654933840e-05 
 2824.000;1.652604988e-05 
 2825.000;1.750033152e-05 
 2826.000;1.747569331e-05 
 2827.000;1.745117333e-05 
 2828.000;1.742664244e-05 
 2829.000;1.803955456e-05 
 2830.000;1.801427425e-05 
 2831.000;1.798893754e-05 
 2832.000;1.796368088e-05 
 2833.000;1.845488441e-05 
 2834.000;1.842900383e-05 
 2835.000;1.840317600e-05 
 2836.000;1.837735181e-05 
 2837.000;1.862842146e-05 
 2838.000;1.860238808e-05 
 2839.000;1.857629832e-05 
 2840.000;1.855034316e-05 
 2841.000;1.892534237e-05 
 2842.000;1.889886516e-05 
 2843.000;1.887240978e-05 
 2844.000;1.884597441e-05 
 2845.000;1.906904981e-05 
 2846.000;1.904232158e-05 
 2847.000;1.901581709e-05 
 2848.000;1.898929622e-05 
 2849.000;1.901164615e-05 
 2850.000;1.953702667e-05 
 2851.000;1.950972910e-05 
 2852.000;1.948259887e-05 
 2853.000;1.945538315e-05 
 2854.000;1.996056380e-05 
 2855.000;1.993278602e-05 
 2856.000;1.990502642e-05 
 2857.000;1.992551552e-05 
 2858.000;2.054317338e-05 
 2859.000;2.051461161e-05 
 2860.000;2.048610258e-05 
 2861.000;2.045768269e-05 
 2862.000;2.120489808e-05 
 2863.000;2.117548502e-05 
 2864.000;2.114614290e-05 
 2865.000;2.119228338e-05 
 2866.000;2.185129961e-05 
 2867.000;2.182111712e-05 
 2868.000;2.179096009e-05 
 2869.000;2.176089947e-05 
 2870.000;2.245172436e-05 
 2871.000;2.242084520e-05 
 2872.000;2.239000787e-05 
 2873.000;2.243000745e-05 
 2874.000;2.308692274e-05 
 2875.000;2.305557609e-05 
 2876.000;2.302428948e-05 
 2877.000;2.299308471e-05 
 2878.000;2.368868809e-05 
 2879.000;2.365713954e-05 
 2880.000;2.362568193e-05 
 2881.000;2.359425889e-05 
 2882.000;2.467059130e-05 
 2883.000;2.464054342e-05 
 2884.000;2.461064651e-05 
 2885.000;2.458070230e-05 
 2886.000;2.455100184e-05 
 2887.000;2.503876203e-05 
 2888.000;2.500949813e-05 
 2889.000;2.498044159e-05 
 2890.000;2.515624692e-05 
 2891.000;2.588523785e-05 
 2892.000;2.585999937e-05 
 2893.000;2.583445530e-05 
 2894.000;2.580934961e-05 
 2895.000;2.597148159e-05 
 2896.000;2.594618854e-05 
 2897.000;2.592072633e-05 
 2898.000;2.615412996e-05 
 2899.000;2.616268102e-05 
 2900.000;2.613928700e-05 
 2901.000;2.611282252e-05 
 2902.000;2.608688737e-05 
 2903.000;2.704635699e-05 
 2904.000;2.702433449e-05 
 2905.000;2.700073128e-05 
 2906.000;2.697732452e-05 
 2907.000;2.850144847e-05 
 2908.000;2.848670010e-05 
 2909.000;2.847410360e-05 
 2910.000;2.846086318e-05 
 2911.000;2.844473238e-05 
 2912.000;2.984944877e-05 
 2913.000;2.984516868e-05 
 2914.000;2.983293598e-05 
 2915.000;3.033866778e-05 
 2916.000;3.484263652e-05 
 2917.000;3.486324931e-05 
 2918.000;3.489414303e-05 
 2919.000;3.491865937e-05 
 2920.000;4.537532513e-04 
 2921.000;4.568152071e-04 
 2922.000;4.600105458e-04 
 2923.000;4.631508782e-04 
 2924.000;5.698929454e-05 
 2925.000;5.712744314e-05 
 2926.000;5.730049088e-05 
 2927.000;5.747960677e-05 
 2928.000;5.766157119e-05 
 2929.000;6.525168283e-05 
 2930.000;6.549015234e-05 
 2931.000;6.577043678e-05 
 2932.000;7.219530380e-05 
 2933.000;7.406863733e-05 
 2934.000;7.436403394e-05 
 2935.000;7.464740338e-05 
 2936.000;7.496669423e-05 
 2937.000;6.589946133e-05 
 2938.000;6.613066944e-05 
 2939.000;6.641673826e-05 
 2940.000;6.664201646e-05 
 2941.000;7.078539056e-05 
 2942.000;6.325749564e-05 
 2943.000;6.346371811e-05 
 2944.000;6.373343786e-05 
 2945.000;6.394794764e-05 
 2946.000;6.637205661e-05 
 2947.000;6.660127838e-05 
 2948.000;6.684758409e-05 
 2949.000;7.019661280e-05 
 2950.000;7.972752064e-05 
 2951.000;7.983341493e-05 
 2952.000;7.992077008e-05 
 2953.000;8.002098184e-05 
 2954.000;8.015321509e-05 
 2955.000;8.599254215e-05 
 2956.000;8.613863611e-05 
 2957.000;8.624797192e-05 
 2958.000;8.974183584e-05 
 2959.000;8.245647768e-05 
 2960.000;8.257041191e-05 
 2961.000;8.270311082e-05 
 2962.000;8.280192560e-05 
 2963.000;5.708136086e-05 
 2964.000;5.713184873e-05 
 2965.000;5.718546890e-05 
 2966.000;5.723377399e-05 
 2967.000;5.884240090e-05 
 2968.000;4.545480988e-05 
 2969.000;4.547854041e-05 
 2970.000;4.550016456e-05 
 2971.000;4.552832252e-05 
 2972.000;5.105062519e-05 
 2973.000;5.108986443e-05 
 2974.000;5.113353473e-05 
 2975.000;5.117538240e-05 
 2976.000;5.249311653e-05 
 2977.000;8.043418347e-05 
 2978.000;8.056330262e-05 
 2979.000;8.069085015e-05 
 2980.000;8.081509441e-05 
 2981.000;1.497872290e-04 
 2982.000;1.501018705e-04 
 2983.000;1.504468819e-04 
 2984.000;1.507708657e-04 
 2985.000;1.558238437e-04 
 2986.000;2.514755761e-04 
 2987.000;2.521103597e-04 
 2988.000;2.527631004e-04 
 2989.000;2.533660736e-04 
 2990.000;2.631741518e-04 
 2991.000;2.638188016e-04 
 2992.000;2.645528293e-04 
 2993.000;2.652219846e-04 
 2994.000;2.665718202e-04 
 2995.000;2.607415663e-04 
 2996.000;2.614631085e-04 
 2997.000;2.621232707e-04 
 2998.000;2.628344228e-04 
 2999.000;2.347670816e-04 
 3000.000;2.353350719e-04 
 3001.000;2.356051118e-04 
 3002.000;2.359702630e-04 
 3003.000;2.387014974e-04 
 3004.000;1.755452831e-04 
 3005.000;1.757464925e-04 
 3006.000;1.759715669e-04 
 3007.000;1.762244938e-04 
 3008.000;1.709385542e-04 
 3009.000;1.711488003e-04 
 3010.000;1.713388483e-04 
 3011.000;1.715640974e-04 
 3012.000;1.718121202e-04 
 3013.000;1.494378375e-04 
 3014.000;1.496475743e-04 
 3015.000;1.498070633e-04 
 3016.000;1.499790669e-04 
 3017.000;1.248006738e-04 
 3018.000;1.249394845e-04 
 3019.000;1.250841015e-04 
 3020.000;1.251965296e-04 
 3021.000;1.230337803e-04 
 3022.000;1.215515003e-04 
 3023.000;1.217168101e-04 
 3024.000;1.218243560e-04 
 3025.000;1.219835613e-04 
 3026.000;1.025294114e-04 
 3027.000;1.026458049e-04 
 3028.000;1.027592880e-04 
 3029.000;1.028557381e-04 
 3030.000;1.003187717e-04 
 3031.000;7.766990166e-05 
 3032.000;7.774655387e-05 
 3033.000;7.777396968e-05 
 3034.000;7.784202899e-05 
 3035.000;6.055327685e-05 
 3036.000;6.059523366e-05 
 3037.000;6.065367779e-05 
 3038.000;6.069543815e-05 
 3039.000;6.013829261e-05 
 3040.000;4.976192213e-05 
 3041.000;4.978425204e-05 
 3042.000;4.974629701e-05 
 3043.000;4.977162462e-05 
 3044.000;4.975882257e-05 
 3045.000;4.319477011e-05 
 3046.000;4.319146319e-05 
 3047.000;4.320415974e-05 
 3048.000;4.282372174e-05 
 3049.000;4.247863399e-05 
 3050.000;4.249195990e-05 
 3051.000;4.252797953e-05 
 3052.000;4.250979691e-05 
 3053.000;4.249439371e-05 
 3054.000;5.045428043e-05 
 3055.000;5.044514910e-05 
 3056.000;5.031460023e-05 
 3057.000;5.030504690e-05 
 3058.000;4.961634113e-05 
 3059.000;6.008452692e-05 
 3060.000;6.009093704e-05 
 3061.000;6.005043542e-05 
 3062.000;6.008088531e-05 
 3063.000;7.020051271e-05 
 3064.000;7.022316277e-05 
 3065.000;7.023313810e-05 
 3066.000;7.026097592e-05 
 3067.000;6.980394392e-05 
 3068.000;7.623039710e-05 
 3069.000;7.624514546e-05 
 3070.000;7.653573266e-05 
 3071.000;7.655702211e-05 
 3072.000;7.632494817e-05 
 3073.000;7.772881509e-05 
 3074.000;7.775334961e-05 
 3075.000;7.772953541e-05 
 3076.000;7.687981997e-05 
 3077.000;5.866969514e-05 
 3078.000;5.863914339e-05 
 3079.000;5.866360516e-05 
 3080.000;5.866629726e-05 
 3081.000;5.868032531e-05 
 3082.000;5.250495087e-05 
 3083.000;5.246793444e-05 
 3084.000;5.248419984e-05 
 3085.000;5.253847121e-05 
 3086.000;5.243321357e-05 
 3087.000;4.519927461e-05 
 3088.000;4.520239236e-05 
 3089.000;4.520577204e-05 
 3090.000;4.519491631e-05 
 3091.000;4.519042704e-05 
 3092.000;3.715418279e-05 
 3093.000;3.714740160e-05 
 3094.000;3.713796468e-05 
 3095.000;3.713204933e-05 
 3096.000;3.827308319e-05 
 3097.000;3.826664033e-05 
 3098.000;3.826189277e-05 
 3099.000;3.825546082e-05 
 3100.000;3.824699525e-05 
 3101.000;4.037965118e-05 
 3102.000;4.034801532e-05 
 3103.000;4.031250501e-05 
 3104.000;4.027862815e-05 
 3105.000;4.047905895e-05 
 3106.000;4.991114474e-05 
 3107.000;4.987467764e-05 
 3108.000;4.983803956e-05 
 3109.000;4.980282392e-05 
 3110.000;4.976760829e-05 
 3111.000;7.234347140e-05 
 3112.000;7.229825860e-05 
 3113.000;7.225795707e-05 
 3114.000;7.221350097e-05 
 3115.000;7.375652785e-05 
 3116.000;1.368133526e-04 
 3117.000;1.367537334e-04 
 3118.000;1.366967190e-04 
 3119.000;1.366360229e-04 
 3120.000;1.365836069e-04 
 3121.000;1.800497121e-04 
 3122.000;1.799872261e-04 
 3123.000;1.799322781e-04 
 3124.000;1.798668090e-04 
 3125.000;1.847428357e-04 
 3126.000;2.354045864e-04 
 3127.000;2.353328891e-04 
 3128.000;2.352659358e-04 
 3129.000;2.352102601e-04 
 3130.000;2.648578084e-04 
 3131.000;2.647970105e-04 
 3132.000;2.647346701e-04 
 3133.000;2.646812063e-04 
 3134.000;2.765367390e-04 
 3135.000;2.430493041e-04 
 3136.000;2.429943997e-04 
 3137.000;2.429464948e-04 
 3138.000;2.428914304e-04 
 3139.000;2.428404987e-04 
 3140.000;2.530126076e-04 
 3141.000;2.529641788e-04 
 3142.000;2.529272751e-04 
 3143.000;2.528866753e-04 
 3144.000;2.671395778e-04 
 3145.000;3.689039149e-04 
 3146.000;3.688639845e-04 
 3147.000;3.688140423e-04 
 3148.000;3.687815042e-04 
 3149.000;3.687361896e-04 
 3150.000;5.400935770e-04 
 3151.000;5.395572516e-04 
 3152.000;5.390475271e-04 
 3153.000;5.385115510e-04 
 3154.000;5.511753261e-04 
 3155.000;8.078135434e-04 
 3156.000;8.070371696e-04 
 3157.000;8.062683628e-04 
 3158.000;8.055198705e-04 
 3159.000;8.047861047e-04 
 3160.000;1.062780968e-03 
 3161.000;1.061790506e-03 
 3162.000;1.060836599e-03 
 3163.000;1.059822971e-03 
 3164.000;1.044665813e-03 
 3165.000;1.071415958e-03 
 3166.000;1.070471713e-03 
 3167.000;1.069493592e-03 
 3168.000;1.068595797e-03 
 3169.000;1.067618607e-03 
 3170.000;1.001363620e-03 
 3171.000;1.000489225e-03 
 3172.000;9.996520821e-04 
 3173.000;9.987805970e-04 
 3174.000;9.582480998e-04 
 3175.000;7.648842293e-04 
 3176.000;7.642460987e-04 
 3177.000;7.636460941e-04 
 3178.000;7.630107575e-04 
 3179.000;7.623856654e-04 
 3180.000;5.232871044e-04 
 3181.000;5.228500813e-04 
 3182.000;5.224299384e-04 
 3183.000;5.220194580e-04 
 3184.000;4.961254308e-04 
 3185.000;2.365845576e-04 
 3186.000;2.364004613e-04 
 3187.000;2.362181549e-04 
 3188.000;2.360391663e-04 
 3189.000;2.358513448e-04 
 3190.000;7.993596955e-05 
 3191.000;7.986891433e-05 
 3192.000;7.980177907e-05 
 3193.000;7.973612082e-05 
 3194.000;7.658306276e-05 
 3195.000;2.831459278e-05 
 3196.000;2.828923971e-05 
 3197.000;2.826164018e-05 
 3198.000;2.822628267e-05 
 3199.000;2.819793917e-05 
 3200.000;1.990803139e-05 
 3201.000;1.988453005e-05 
 3202.000;1.986126881e-05 
 3203.000;1.983796028e-05 
 3204.000;1.981465357e-05 
 3205.000;1.957528184e-05 
 3206.000;1.766915739e-05 
 3207.000;1.764821900e-05 
 3208.000;1.762703687e-05 
 3209.000;1.760566010e-05 
 3210.000;1.758473809e-05 
 3211.000;1.772624091e-05 
 3212.000;1.770519339e-05 
 3213.000;1.768409311e-05 
 3214.000;1.766290188e-05 
 3215.000;1.756839083e-05 
 3216.000;2.020092870e-05 
 3217.000;2.017760016e-05 
 3218.000;2.015428981e-05 
 3219.000;2.013162702e-05 
 3220.000;2.010821845e-05 
 3221.000;2.553674858e-05 
 3222.000;2.550992576e-05 
 3223.000;2.548172233e-05 
 3224.000;2.545501775e-05 
 3225.000;2.528622463e-05 
 3226.000;3.634795939e-05 
 3227.000;3.631158688e-05 
 3228.000;3.627659316e-05 
 3229.000;3.624126111e-05 
 3230.000;3.620552889e-05 
 3231.000;3.617102630e-05 
 3232.000;6.461685552e-05 
 3233.000;6.456199480e-05 
 3234.000;6.450423098e-05 
 3235.000;6.444773317e-05 
 3236.000;6.475117698e-05 
 3237.000;9.263122047e-05 
 3238.000;9.255015902e-05 
 3239.000;9.246962145e-05 
 3240.000;9.239344945e-05 
 3241.000;9.231711738e-05 
 3242.000;9.767674783e-05 
 3243.000;9.759738896e-05 
 3244.000;9.751572361e-05 
 3245.000;9.743191913e-05 
 3246.000;1.007881729e-04 
 3247.000;1.169421157e-04 
 3248.000;1.168412346e-04 
 3249.000;1.167464143e-04 
 3250.000;1.166541842e-04 
 3251.000;1.165204521e-04 
 3252.000;1.163921843e-04 
 3253.000;9.604552906e-05 
 3254.000;9.595570009e-05 
 3255.000;9.586406668e-05 
 3256.000;9.575788135e-05 
 3257.000;9.913631220e-05 
 3258.000;7.917246694e-05 
 3259.000;7.908062980e-05 
 3260.000;7.899366756e-05 
 3261.000;7.890556299e-05 
 3262.000;7.881008787e-05 
 3263.000;9.799092368e-05 
 3264.000;9.788059833e-05 
 3265.000;9.777199011e-05 
 3266.000;9.766404401e-05 
 3267.000;9.969804523e-05 
 3268.000;1.467116090e-04 
 3269.000;1.465503883e-04 
 3270.000;1.463857770e-04 
 3271.000;1.462209184e-04 
 3272.000;1.460578496e-04 
 3273.000;1.458897896e-04 
 3274.000;2.126505424e-04 
 3275.000;2.124155726e-04 
 3276.000;2.121732396e-04 
 3277.000;2.119318378e-04 
 3278.000;2.158460265e-04 
 3279.000;2.967512992e-04 
 3280.000;2.964135201e-04 
 3281.000;2.960804559e-04 
 3282.000;2.957450051e-04 
 3283.000;2.954069350e-04 
 3284.000;2.950691269e-04 
 3285.000;2.872159239e-04 
 3286.000;2.868865558e-04 
 3287.000;2.865695278e-04 
 3288.000;2.862528781e-04 
 3289.000;2.906410955e-04 
 3290.000;2.165855840e-04 
 3291.000;2.163394965e-04 
 3292.000;2.160924487e-04 
 3293.000;2.158405550e-04 
 3294.000;2.155942202e-04 
 3295.000;1.494621247e-04 
 3296.000;1.492940646e-04 
 3297.000;1.491210132e-04 
 3298.000;1.489501155e-04 
 3299.000;1.487808477e-04 
 3300.000;1.543477847e-04 
 3301.000;1.151303222e-04 
 3302.000;1.149956661e-04 
 3303.000;1.148625888e-04 
 3304.000;1.147325092e-04 
 3305.000;1.146007489e-04 
 3306.000;8.697884914e-05 
 3307.000;8.687878289e-05 
 3308.000;8.677626465e-05 
 3309.000;8.667601651e-05 
 3310.000;8.657670696e-05 
 3311.000;8.969197370e-05 
 3312.000;8.578076813e-05 
 3313.000;8.567890472e-05 
 3314.000;8.557720139e-05 
 3315.000;8.547886682e-05 
 3316.000;8.537222311e-05 
 3317.000;1.210806222e-04 
 3318.000;1.209638795e-04 
 3319.000;1.207978203e-04 
 3320.000;1.206358211e-04 
 3321.000;1.205278168e-04 
 3322.000;1.231214119e-04 
 3323.000;2.124545717e-04 
 3324.000;2.122059232e-04 
 3325.000;2.119489072e-04 
 3326.000;2.116918913e-04 
 3327.000;2.114403469e-04 
 3328.000;3.267106658e-04 
 3329.000;3.263180552e-04 
 3330.000;3.259215446e-04 
 3331.000;3.255205811e-04 
 3332.000;3.251379530e-04 
 3333.000;3.393706284e-04 
 3334.000;4.144497216e-04 
 3335.000;4.139352532e-04 
 3336.000;4.134241026e-04 
 3337.000;4.129037843e-04 
 3338.000;4.123829131e-04 
 3339.000;4.236469103e-04 
 3340.000;4.231452767e-04 
 3341.000;4.225930898e-04 
 3342.000;4.220774281e-04 
 3343.000;4.215949739e-04 
 3344.000;4.383115738e-04 
 3345.000;4.603457637e-04 
 3346.000;4.596676154e-04 
 3347.000;4.591600446e-04 
 3348.000;4.586302966e-04 
 3349.000;4.579579108e-04 
 3350.000;4.574029299e-04 
 3351.000;4.516047193e-04 
 3352.000;4.511183070e-04 
 3353.000;4.508848651e-04 
 3354.000;4.504397803e-04 
 3355.000;4.694651871e-04 
 3356.000;5.537761026e-04 
 3357.000;5.533033982e-04 
 3358.000;5.528240581e-04 
 3359.000;5.523255677e-04 
 3360.000;5.518553662e-04 
 3361.000;5.513875512e-04 
 3362.000;6.468402571e-04 
 3363.000;6.462996243e-04 
 3364.000;6.457300624e-04 
 3365.000;6.451663212e-04 
 3366.000;6.658988423e-04 
 3367.000;6.653145538e-04 
 3368.000;8.029217715e-04 
 3369.000;8.022144902e-04 
 3370.000;8.015024941e-04 
 3371.000;8.007986471e-04 
 3372.000;8.000747184e-04 
 3373.000;9.497227147e-04 
 3374.000;9.488731739e-04 
 3375.000;9.480355075e-04 
 3376.000;9.472134989e-04 
 3377.000;9.463586612e-04 
 3378.000;9.671212174e-04 
 3379.000;1.130999532e-03 
 3380.000;1.129981363e-03 
 3381.000;1.128980890e-03 
 3382.000;1.127963304e-03 
 3383.000;1.126943040e-03 
 3384.000;1.125919865e-03 
 3385.000;1.236638636e-03 
 3386.000;1.235519885e-03 
 3387.000;1.234410447e-03 
 3388.000;1.233283547e-03 
 3389.000;1.256717602e-03 
 3390.000;1.323535223e-03 
 3391.000;1.322401571e-03 
 3392.000;1.321146032e-03 
 3393.000;1.319917385e-03 
 3394.000;1.318744151e-03 
 3395.000;1.317500835e-03 
 3396.000;1.346410019e-03 
 3397.000;1.345168916e-03 
 3398.000;1.343920827e-03 
 3399.000;1.342739677e-03 
 3400.000;1.341488911e-03 
 3401.000;1.363699557e-03 
 3402.000;1.392696286e-03 
 3403.000;1.391606638e-03 
 3404.000;1.390487887e-03 
 3405.000;1.389413257e-03 
 3406.000;1.388385659e-03 
 3407.000;1.387304976e-03 
 3408.000;1.489368849e-03 
 3409.000;1.488199108e-03 
 3410.000;1.487088157e-03 
 3411.000;1.485913759e-03 
 3412.000;1.502739382e-03 
 3413.000;1.666817931e-03 
 3414.000;1.665509073e-03 
 3415.000;1.664205571e-03 
 3416.000;1.662902301e-03 
 3417.000;1.661586226e-03 
 3418.000;1.660293085e-03 
 3419.000;1.762217609e-03 
 3420.000;1.760839601e-03 
 3421.000;1.759458915e-03 
 3422.000;1.758053899e-03 
 3423.000;1.756673446e-03 
 3424.000;1.768688555e-03 
 3425.000;1.866220497e-03 
 3426.000;1.864761929e-03 
 3427.000;1.863245736e-03 
 3428.000;1.861812314e-03 
 3429.000;1.860332559e-03 
 3430.000;1.858864678e-03 
 3431.000;1.858911826e-03 
 3432.000;1.857451163e-03 
 3433.000;1.855973038e-03 
 3434.000;1.854478964e-03 
 3435.000;1.853034250e-03 
 3436.000;1.860411605e-03 
 3437.000;1.852906775e-03 
 3438.000;1.851466135e-03 
 3439.000;1.849987893e-03 
 3440.000;1.848512213e-03 
 3441.000;1.847026055e-03 
 3442.000;1.845544088e-03 
 3443.000;1.871451619e-03 
 3444.000;1.869955682e-03 
 3445.000;1.868460095e-03 
 3446.000;1.866954379e-03 
 3447.000;1.865455066e-03 
 3448.000;1.873449422e-03 
 3449.000;1.901392592e-03 
 3450.000;1.899835654e-03 
 3451.000;1.898346352e-03 
 3452.000;1.896828297e-03 
 3453.000;1.895321533e-03 
 3454.000;1.893805922e-03 
 3455.000;1.941105118e-03 
 3456.000;1.939559355e-03 
 3457.000;1.938015921e-03 
 3458.000;1.936470973e-03 
 3459.000;1.934948144e-03 
 3460.000;1.938644913e-03 
 3461.000;1.973153325e-03 
 3462.000;1.971600810e-03 
 3463.000;1.969969599e-03 
 3464.000;1.968429424e-03 
 3465.000;1.966860611e-03 
 3466.000;1.965299016e-03 
 3467.000;1.956545049e-03 
 3468.000;1.954979962e-03 
 3469.000;1.953375759e-03 
 3470.000;1.951831277e-03 
 3471.000;1.950253616e-03 
 3472.000;1.951550366e-03 
 3473.000;1.954180887e-03 
 3474.000;1.952595310e-03 
 3475.000;1.951058512e-03 
 3476.000;1.949460246e-03 
 3477.000;1.947874553e-03 
 3478.000;1.946335193e-03 
 3479.000;1.951457933e-03 
 3480.000;1.949906931e-03 
 3481.000;1.948321471e-03 
 3482.000;1.946741831e-03 
 3483.000;1.945155091e-03 
 3484.000;1.945190132e-03 
 3485.000;1.956483582e-03 
 3486.000;1.954875654e-03 
 3487.000;1.953366445e-03 
 3488.000;1.951795886e-03 
 3489.000;1.950177713e-03 
 3490.000;1.948614605e-03 
 3491.000;1.986021874e-03 
 3492.000;1.984324073e-03 
 3493.000;1.982745016e-03 
 3494.000;1.981110079e-03 
 3495.000;1.979502849e-03 
 3496.000;1.979010180e-03 
 3497.000;1.987268217e-03 
 3498.000;1.985693350e-03 
 3499.000;1.984147821e-03 
 3500.000;1.982501708e-03 
 3501.000;1.981311245e-03 
 3502.000;1.980052097e-03 
 3503.000;1.970077399e-03 
 3504.000;1.968983794e-03 
 3505.000;1.967662713e-03 
 3506.000;1.966434531e-03 
 3507.000;1.965249889e-03 
 3508.000;1.963959076e-03 
 3509.000;1.921831397e-03 
 3510.000;1.920766081e-03 
 3511.000;1.919576898e-03 
 3512.000;1.918396214e-03 
 3513.000;1.917157322e-03 
 3514.000;1.916097361e-03 
 3515.000;1.838160562e-03 
 3516.000;1.836964511e-03 
 3517.000;1.835877076e-03 
 3518.000;1.834752504e-03 
 3519.000;1.833698479e-03 
 3520.000;1.831841888e-03 
 3521.000;1.830636174e-03 
 3522.000;1.742565073e-03 
 3523.000;1.741369837e-03 
 3524.000;1.740416163e-03 
 3525.000;1.739297062e-03 
 3526.000;1.738216146e-03 
 3527.000;1.737209270e-03 
 3528.000;1.628946513e-03 
 3529.000;1.627916470e-03 
 3530.000;1.626892714e-03 
 3531.000;1.625964302e-03 
 3532.000;1.624868833e-03 
 3533.000;1.623065793e-03 
 3534.000;1.539601479e-03 
 3535.000;1.538683311e-03 
 3536.000;1.537677599e-03 
 3537.000;1.536750700e-03 
 3538.000;1.535809832e-03 
 3539.000;1.534839859e-03 
 3540.000;1.516219927e-03 
 3541.000;1.515348558e-03 
 3542.000;1.514359028e-03 
 3543.000;1.513409428e-03 
 3544.000;1.512522576e-03 
 3545.000;1.510646660e-03 
 3546.000;1.509705326e-03 
 3547.000;1.490302151e-03 
 3548.000;1.489375369e-03 
 3549.000;1.488452544e-03 
 3550.000;1.487508649e-03 
 3551.000;1.486597233e-03 
 3552.000;1.485667075e-03 
 3553.000;1.509145717e-03 
 3554.000;1.508181100e-03 
 3555.000;1.507245470e-03 
 3556.000;1.506299595e-03 
 3557.000;1.505360473e-03 
 3558.000;1.503617154e-03 
 3559.000;1.519134617e-03 
 3560.000;1.518180128e-03 
 3561.000;1.517224475e-03 
 3562.000;1.516278600e-03 
 3563.000;1.515322365e-03 
 3564.000;1.514374744e-03 
 3565.000;1.513433643e-03 
 3566.000;1.467221533e-03 
 3567.000;1.466296380e-03 
 3568.000;1.465379726e-03 
 3569.000;1.464446192e-03 
 3570.000;1.463533728e-03 
 3571.000;1.462141867e-03 
 3572.000;1.466096146e-03 
 3573.000;1.465191483e-03 
 3574.000;1.464231987e-03 
 3575.000;1.463335357e-03 
 3576.000;1.462416374e-03 
 3577.000;1.461507054e-03 
 3578.000;1.473865705e-03 
 3579.000;1.472925069e-03 
 3580.000;1.471976750e-03 
 3581.000;1.471079886e-03 
 3582.000;1.470124698e-03 
 3583.000;1.469056122e-03 
 3584.000;1.468135859e-03 
 3585.000;1.495596836e-03 
 3586.000;1.494640834e-03 
 3587.000;1.493700314e-03 
 3588.000;1.492758282e-03 
 3589.000;1.491817413e-03 
 3590.000;1.490847208e-03 
 3591.000;1.575958799e-03 
 3592.000;1.574974158e-03 
 3593.000;1.573972870e-03 
 3594.000;1.572971349e-03 
 3595.000;1.571972622e-03 
 3596.000;1.571241068e-03 
 3597.000;1.570222317e-03 
 3598.000;1.660657930e-03 
 3599.000;1.659587026e-03 
 3600.000;1.658548252e-03 
 3601.000;1.657765824e-03 
 3602.000;1.656980952e-03 
 3603.000;1.656206325e-03 
 3604.000;1.706879237e-03 
 3605.000;1.706084469e-03 
 3606.000;1.705303206e-03 
 3607.000;1.704501919e-03 
 3608.000;1.703703310e-03 
 3609.000;1.703394577e-03 
 3610.000;1.702607260e-03 
 3611.000;1.776623190e-03 
 3612.000;1.775786746e-03 
 3613.000;1.774968463e-03 
 3614.000;1.774121192e-03 
 3615.000;1.773300814e-03 
 3616.000;1.772462623e-03 
 3617.000;1.848898828e-03 
 3618.000;1.848032465e-03 
 3619.000;1.847144333e-03 
 3620.000;1.846297295e-03 
 3621.000;1.845430699e-03 
 3622.000;1.844787854e-03 
 3623.000;1.843919745e-03 
 3624.000;1.877059462e-03 
 3625.000;1.876176219e-03 
 3626.000;1.875293208e-03 
 3627.000;1.874417998e-03 
 3628.000;1.873540576e-03 
 3629.000;1.872651163e-03 
 3630.000;1.944104210e-03 
 3631.000;1.943228184e-03 
 3632.000;1.942312811e-03 
 3633.000;1.941397670e-03 
 3634.000;1.940473565e-03 
 3635.000;1.939573791e-03 
 3636.000;1.937993336e-03 
 3637.000;1.982475864e-03 
 3638.000;1.981510781e-03 
 3639.000;1.980565721e-03 
 3640.000;1.979664899e-03 
 3641.000;1.978692366e-03 
 3642.000;1.977793640e-03 
 3643.000;1.945526339e-03 
 3644.000;1.944637159e-03 
 3645.000;1.943700598e-03 
 3646.000;1.942768227e-03 
 3647.000;1.941860304e-03 
 3648.000;1.940933173e-03 
 3649.000;1.939611509e-03 
 3650.000;1.855366398e-03 
 3651.000;1.854492817e-03 
 3652.000;1.853687805e-03 
 3653.000;1.852749847e-03 
 3654.000;1.851987327e-03 
 3655.000;1.850970788e-03 
 3656.000;1.850069733e-03 
 3657.000;1.673311926e-03 
 3658.000;1.672512852e-03 
 3659.000;1.671779552e-03 
 3660.000;1.670882455e-03 
 3661.000;1.670071157e-03 
 3662.000;1.669620280e-03 
 3663.000;1.668749494e-03 
 3664.000;1.445074799e-03 
 3665.000;1.444320311e-03 
 3666.000;1.443653950e-03 
 3667.000;1.442966866e-03 
 3668.000;1.442314941e-03 
 3669.000;1.441649860e-03 
 3670.000;1.351620187e-03 
 3671.000;1.350994222e-03 
 3672.000;1.350345672e-03 
 3673.000;1.349715050e-03 
 3674.000;1.349084778e-03 
 3675.000;1.348419930e-03 
 3676.000;1.347778365e-03 
 3677.000;1.450394979e-03 
 3678.000;1.449704403e-03 
 3679.000;1.449013478e-03 
 3680.000;1.448317780e-03 
 3681.000;1.447621617e-03 
 3682.000;1.446970389e-03 
 3683.000;1.446249429e-03 
 3684.000;1.622695476e-03 
 3685.000;1.621872652e-03 
 3686.000;1.621130854e-03 
 3687.000;1.620386727e-03 
 3688.000;1.619567396e-03 
 3689.000;1.618473791e-03 
 3690.000;1.617723261e-03 
 3691.000;1.807226450e-03 
 3692.000;1.806369401e-03 
 3693.000;1.805483596e-03 
 3694.000;1.804599189e-03 
 3695.000;1.803720370e-03 
 3696.000;1.802919433e-03 
 3697.000;1.923922566e-03 
 3698.000;1.923034783e-03 
 3699.000;1.922115567e-03 
 3700.000;1.921142568e-03 
 3701.000;1.920319162e-03 
 3702.000;1.919498318e-03 
 3703.000;1.918043941e-03 
 3704.000;1.931235893e-03 
 3705.000;1.930360333e-03 
 3706.000;1.929601072e-03 
 3707.000;1.928775921e-03 
 3708.000;1.927961828e-03 
 3709.000;1.927075093e-03 
 3710.000;1.926283003e-03 
 3711.000;1.918374561e-03 
 3712.000;1.917517860e-03 
 3713.000;1.916585607e-03 
 3714.000;1.915873145e-03 
 3715.000;1.915031811e-03 
 3716.000;1.914265100e-03 
 3717.000;1.914030057e-03 
 3718.000;1.902438351e-03 
 3719.000;1.901664422e-03 
 3720.000;1.900799572e-03 
 3721.000;1.899870229e-03 
 3722.000;1.899156370e-03 
 3723.000;1.898193732e-03 
 3724.000;1.897423295e-03 
 3725.000;1.853742870e-03 
 3726.000;1.853012363e-03 
 3727.000;1.852129586e-03 
 3728.000;1.851416309e-03 
 3729.000;1.850434113e-03 
 3730.000;1.850078697e-03 
 3731.000;1.849308144e-03 
 3732.000;1.826114836e-03 
 3733.000;1.825197018e-03 
 3734.000;1.824539038e-03 
 3735.000;1.823770697e-03 
 3736.000;1.822888153e-03 
 3737.000;1.822179183e-03 
 3738.000;1.821354264e-03 
 3739.000;1.808247296e-03 
 3740.000;1.807211316e-03 
 3741.000;1.806388842e-03 
 3742.000;1.806040411e-03 
 3743.000;1.805146574e-03 
 3744.000;1.803904073e-03 
 3745.000;1.803120598e-03 
 3746.000;1.763561158e-03 
 3747.000;1.762795611e-03 
 3748.000;1.762012136e-03 
 3749.000;1.761227497e-03 
 3750.000;1.760481624e-03 
 3751.000;1.759701176e-03 
 3752.000;1.758911996e-03 
 3753.000;1.747313887e-03 
 3754.000;1.746664522e-03 
 3755.000;1.745902700e-03 
 3756.000;1.745020272e-03 
 3757.000;1.744312118e-03 
 3758.000;1.743311295e-03 
 3759.000;1.742454362e-03 
 3760.000;1.740307664e-03 
 3761.000;1.739572501e-03 
 3762.000;1.738672261e-03 
 3763.000;1.738004037e-03 
 3764.000;1.737128128e-03 
 3765.000;1.736503327e-03 
 3766.000;1.735679223e-03 
 3767.000;1.733757788e-03 
 3768.000;1.732883160e-03 
 3769.000;1.732141129e-03 
 3770.000;1.731296186e-03 
 3771.000;1.730573480e-03 
 3772.000;1.729886280e-03 
 3773.000;1.728945412e-03 
 3774.000;1.767292386e-03 
 3775.000;1.766525093e-03 
 3776.000;1.765706111e-03 
 3777.000;1.764894114e-03 
 3778.000;1.764172805e-03 
 3779.000;1.763412496e-03 
 3780.000;1.762532163e-03 
 3781.000;1.778366743e-03 
 3782.000;1.777490717e-03 
 3783.000;1.776917954e-03 
 3784.000;1.776088029e-03 
 3785.000;1.775311423e-03 
 3786.000;1.774457050e-03 
 3787.000;1.774067059e-03 
 3788.000;1.797242439e-03 
 3789.000;1.796375494e-03 
 3790.000;1.795584103e-03 
 3791.000;1.794753363e-03 
 3792.000;1.793987467e-03 
 3793.000;1.793119358e-03 
 3794.000;1.792335301e-03 
 3795.000;1.791490009e-03 
 3796.000;1.836666372e-03 
 3797.000;1.835959614e-03 
 3798.000;1.835064031e-03 
 3799.000;1.834174735e-03 
 3800.000;1.833407790e-03 
 3801.000;1.833289163e-03 
 3802.000;1.832656446e-03 
 3803.000;1.845459221e-03 
 3804.000;1.844889368e-03 
 3805.000;1.844266313e-03 
 3806.000;1.843653154e-03 
 3807.000;1.843126374e-03 
 3808.000;1.842531143e-03 
 3809.000;1.841925667e-03 
 3810.000;1.877206960e-03 
 3811.000;1.876604278e-03 
 3812.000;1.876013121e-03 
 3813.000;1.875358401e-03 
 3814.000;1.874830923e-03 
 3815.000;1.874191803e-03 
 3816.000;1.874529640e-03 
 3817.000;1.916883513e-03 
 3818.000;1.916209934e-03 
 3819.000;1.915541478e-03 
 3820.000;1.914987690e-03 
 3821.000;1.914426801e-03 
 3822.000;1.913718646e-03 
 3823.000;1.913251588e-03 
 3824.000;1.912636799e-03 
 3825.000;1.910188585e-03 
 3826.000;1.909575192e-03 
 3827.000;1.909050159e-03 
 3828.000;1.908431994e-03 
 3829.000;1.907843049e-03 
 3830.000;1.907892991e-03 
 3831.000;1.907431288e-03 
 3832.000;1.904707751e-03 
 3833.000;1.904087723e-03 
 3834.000;1.903553260e-03 
 3835.000;1.902839402e-03 
 3836.000;1.902137534e-03 
 3837.000;1.901576295e-03 
 3838.000;1.900994917e-03 
 3839.000;1.891994150e-03 
 3840.000;1.891292282e-03 
 3841.000;1.890791929e-03 
 3842.000;1.890125801e-03 
 3843.000;1.889539650e-03 
 3844.000;1.888938597e-03 
 3845.000;1.889090170e-03 
 3846.000;1.888527884e-03 
 3847.000;1.836101175e-03 
 3848.000;1.835548319e-03 
 3849.000;1.834857976e-03 
 3850.000;1.834325027e-03 
 3851.000;1.833728747e-03 
 3852.000;1.833201270e-03 
 3853.000;1.832499984e-03 
 3854.000;1.770793577e-03 
 3855.000;1.770228730e-03 
 3856.000;1.769582741e-03 
 3857.000;1.769137103e-03 
 3858.000;1.768502872e-03 
 3859.000;1.767874928e-03 
 3860.000;1.768136630e-03 
 3861.000;1.767515321e-03 
 3862.000;1.711750752e-03 
 3863.000;1.711232937e-03 
 3864.000;1.710670535e-03 
 3865.000;1.710142591e-03 
 3866.000;1.709579723e-03 
 3867.000;1.709068660e-03 
 3868.000;1.708637108e-03 
 3869.000;1.660933951e-03 
 3870.000;1.660398208e-03 
 3871.000;1.659957808e-03 
 3872.000;1.659336034e-03 
 3873.000;1.658869558e-03 
 3874.000;1.658264315e-03 
 3875.000;1.658171299e-03 
 3876.000;1.662340364e-03 
 3877.000;1.661868650e-03 
 3878.000;1.661378890e-03 
 3879.000;1.660847338e-03 
 3880.000;1.660345821e-03 
 3881.000;1.659754198e-03 
 3882.000;1.659259899e-03 
 3883.000;1.658686320e-03 
 3884.000;1.692990540e-03 
 3885.000;1.692468650e-03 
 3886.000;1.691933023e-03 
 3887.000;1.691286103e-03 
 3888.000;1.690906356e-03 
 3889.000;1.690288540e-03 
 3890.000;1.690236037e-03 
 3891.000;1.689584693e-03 
 3892.000;1.728589064e-03 
 3893.000;1.728114672e-03 
 3894.000;1.727586146e-03 
 3895.000;1.726914896e-03 
 3896.000;1.726468443e-03 
 3897.000;1.725835260e-03 
 3898.000;1.725327573e-03 
 3899.000;1.752642333e-03 
 3900.000;1.752072363e-03 
 3901.000;1.752576558e-03 
 3902.000;1.752991811e-03 
 3903.000;1.753314515e-03 
 3904.000;1.753724879e-03 
 3905.000;1.754452009e-03 
 3906.000;1.754746656e-03 
 3907.000;1.766464673e-03 
 3908.000;1.766744070e-03 
 3909.000;1.767141628e-03 
 3910.000;1.767473063e-03 
 3911.000;1.767709968e-03 
 3912.000;1.768032205e-03 
 3913.000;1.768345945e-03 
 3914.000;1.784198335e-03 
 3915.000;1.784440130e-03 
 3916.000;1.784745138e-03 
 3917.000;1.785079250e-03 
 3918.000;1.785389730e-03 
 3919.000;1.785645611e-03 
 3920.000;1.785867848e-03 
 3921.000;1.786290552e-03 
 3922.000;1.814586925e-03 
 3923.000;1.814854098e-03 
 3924.000;1.814963995e-03 
 3925.000;1.815238735e-03 
 3926.000;1.815456315e-03 
 3927.000;1.815614058e-03 
 3928.000;1.815874013e-03 
 3929.000;1.816060278e-03 
 3930.000;1.859379699e-03 
 3931.000;1.859418699e-03 
 3932.000;1.859599375e-03 
 3933.000;1.859796466e-03 
 3934.000;1.859885408e-03 
 3935.000;1.859979937e-03 
 3936.000;1.860027201e-03 
 3937.000;1.860218355e-03 
 3938.000;1.902399701e-03 
 3939.000;1.902520075e-03 
 3940.000;1.902570948e-03 
 3941.000;1.902578515e-03 
 3942.000;1.902637421e-03 
 3943.000;1.902746386e-03 
 3944.000;1.902828575e-03 
 3945.000;1.996592851e-03 
 3946.000;1.996399136e-03 
 3947.000;1.996157225e-03 
 3948.000;1.995965838e-03 
 3949.000;1.995762577e-03 
 3950.000;1.995569561e-03 
 3951.000;1.995307161e-03 
 3952.000;1.936918823e-03 
 3953.000;1.966306474e-03 
 3954.000;1.966354670e-03 
 3955.000;1.966303214e-03 
 3956.000;1.966292271e-03 
 3957.000;1.966324169e-03 
 3958.000;1.966304146e-03 
 3959.000;1.966388896e-03 
 3960.000;1.966337906e-03 
 3961.000;1.968205906e-03 
 3962.000;1.968174474e-03 
 3963.000;1.968218479e-03 
 3964.000;1.968231518e-03 
 3965.000;1.968277385e-03 
 3966.000;1.968235476e-03 
 3967.000;1.967946067e-03 
 3968.000;1.967919758e-03 
 3969.000;1.949057681e-03 
 3970.000;1.949032303e-03 
 3971.000;1.949097263e-03 
 3972.000;1.949119149e-03 
 3973.000;1.949079218e-03 
 3974.000;1.949042897e-03 
 3975.000;1.949015073e-03 
 3976.000;1.949131256e-03 
 3977.000;1.914131106e-03 
 3978.000;1.914044493e-03 
 3979.000;1.914053690e-03 
 3980.000;1.914019114e-03 
 3981.000;1.914006192e-03 
 3982.000;1.914011897e-03 
 3983.000;1.913648215e-03 
 3984.000;1.913552638e-03 
 3985.000;1.892922563e-03 
 3986.000;1.892912784e-03 
 3987.000;1.892801723e-03 
 3988.000;1.892843517e-03 
 3989.000;1.892794739e-03 
 3990.000;1.892783446e-03 
 3991.000;1.892832108e-03 
 3992.000;1.892779605e-03 
 3993.000;1.818215707e-03 
 3994.000;1.818252960e-03 
 3995.000;1.818231773e-03 
 3996.000;1.818288234e-03 
 3997.000;1.818176592e-03 
 3998.000;1.818163553e-03 
 3999.000;1.817712560e-03 
 4000.000;3.008514177e-03 