  350.000;5.386964679e-01 
  351.000;5.380848646e-01 
  352.000;5.361663103e-01 
  353.000;5.367947221e-01 
  354.000;5.362967253e-01 
  355.000;5.352388620e-01 
  356.000;5.340182185e-01 
  357.000;5.320202112e-01 
  358.000;5.304877758e-01 
  359.000;5.290898085e-01 
  360.000;5.281244516e-01 
  361.000;5.292992592e-01 
  362.000;5.309934020e-01 
  363.000;5.318694711e-01 
  364.000;5.320305824e-01 
  365.000;5.317468643e-01 
  366.000;5.316199064e-01 
  367.000;5.311644673e-01 
  368.000;5.307618380e-01 
  369.000;5.304000974e-01 
  370.000;5.299077630e-01 
  371.000;5.295807719e-01 
  372.000;5.291379690e-01 
  373.000;5.287730694e-01 
  374.000;5.283628702e-01 
  375.000;5.278141499e-01 
  376.000;5.271111727e-01 
  377.000;5.261679292e-01 
  378.000;5.247387886e-01 
  379.000;5.235413313e-01 
  380.000;5.229872465e-01 
  381.000;5.234239697e-01 
  382.000;5.241972208e-01 
  383.000;5.245441198e-01 
  384.000;5.245641470e-01 
  385.000;5.245348811e-01 
  386.000;5.242797732e-01 
  387.000;5.239800215e-01 
  388.000;5.236509442e-01 
  389.000;5.233566761e-01 
  390.000;5.231436491e-01 
  391.000;5.228175521e-01 
  392.000;5.225523114e-01 
  393.000;5.222693086e-01 
  394.000;5.219995975e-01 
  395.000;5.217496157e-01 
  396.000;5.215314627e-01 
  397.000;5.213141441e-01 
  398.000;5.209282041e-01 
  399.000;5.206778646e-01 
  400.000;5.204557180e-01 
  401.000;5.201631188e-01 
  402.000;5.199822187e-01 
  403.000;5.197545290e-01 
  404.000;5.195003748e-01 
  405.000;5.191696286e-01 
  406.000;5.190510750e-01 
  407.000;5.188319683e-01 
  408.000;5.186644197e-01 
  409.000;5.184615850e-01 
  410.000;5.182099342e-01 
  411.000;5.179791451e-01 
  412.000;5.178216696e-01 
  413.000;5.175744891e-01 
  414.000;5.171886683e-01 
  415.000;5.170620084e-01 
  416.000;5.169190764e-01 
  417.000;5.166705847e-01 
  418.000;5.165659189e-01 
  419.000;5.162960291e-01 
  420.000;5.161818862e-01 
  421.000;5.158686638e-01 
  422.000;5.157277584e-01 
  423.000;5.156321526e-01 
  424.000;5.154827833e-01 
  425.000;5.152719021e-01 
  426.000;5.150702596e-01 
  427.000;5.148668885e-01 
  428.000;5.146545172e-01 
  429.000;5.144276023e-01 
  430.000;5.141935945e-01 
  431.000;5.139741302e-01 
  432.000;5.137527585e-01 
  433.000;5.135344267e-01 
  434.000;5.133213401e-01 
  435.000;5.131103396e-01 
  436.000;5.128967762e-01 
  437.000;5.126799941e-01 
  438.000;5.124577880e-01 
  439.000;5.122477412e-01 
  440.000;5.120194554e-01 
  441.000;5.117805600e-01 
  442.000;5.115326643e-01 
  443.000;5.112696886e-01 
  444.000;5.109915137e-01 
  445.000;5.106819272e-01 
  446.000;5.103323460e-01 
  447.000;5.101243854e-01 
  448.000;5.101252198e-01 
  449.000;5.101846457e-01 
  450.000;5.102167130e-01 
  451.000;5.101738572e-01 
  452.000;5.100679994e-01 
  453.000;5.099341869e-01 
  454.000;5.097814798e-01 
  455.000;5.095459223e-01 
  456.000;5.091904998e-01 
  457.000;5.088597536e-01 
  458.000;5.085270405e-01 
  459.000;5.081725121e-01 
  460.000;5.078291297e-01 
  461.000;5.074853897e-01 
  462.000;5.071300864e-01 
  463.000;5.067815781e-01 
  464.000;5.068609715e-01 
  465.000;5.069212317e-01 
  466.000;5.069615245e-01 
  467.000;5.069639683e-01 
  468.000;5.066605210e-01 
  469.000;5.061594844e-01 
  470.000;5.055472255e-01 
  471.000;5.048125386e-01 
  472.000;5.039224029e-01 
  473.000;5.027781129e-01 
  474.000;5.015196204e-01 
  475.000;4.998046458e-01 
  476.000;4.976411462e-01 
  477.000;4.958450794e-01 
  478.000;4.959294200e-01 
  479.000;4.969931543e-01 
  480.000;4.982947409e-01 
  481.000;4.992832839e-01 
  482.000;5.000540018e-01 
  483.000;5.005068779e-01 
  484.000;5.006659627e-01 
  485.000;5.006373525e-01 
  486.000;5.006695390e-01 
  487.000;5.007600784e-01 
  488.000;5.008065104e-01 
  489.000;5.008345246e-01 
  490.000;5.008556247e-01 
  491.000;5.006151199e-01 
  492.000;5.002973080e-01 
  493.000;4.999894500e-01 
  494.000;4.996611178e-01 
  495.000;4.993474782e-01 
  496.000;4.986340404e-01 
  497.000;4.979215562e-01 
  498.000;4.972164035e-01 
  499.000;4.964949489e-01 
  500.000;4.957790673e-01 
  501.000;4.950309098e-01 
  502.000;4.942972362e-01 
  503.000;4.935740232e-01 
  504.000;4.928431213e-01 
  505.000;4.921016097e-01 
  506.000;4.919606149e-01 
  507.000;4.918564856e-01 
  508.000;4.917635024e-01 
  509.000;4.916677177e-01 
  510.000;4.915565550e-01 
  511.000;4.913643897e-01 
  512.000;4.911532700e-01 
  513.000;4.909503460e-01 
  514.000;4.907456338e-01 
  515.000;4.905432463e-01 
  516.000;4.901401997e-01 
  517.000;4.895513654e-01 
  518.000;4.889646173e-01 
  519.000;4.883863032e-01 
  520.000;4.878053963e-01 
  521.000;4.872010052e-01 
  522.000;4.865239859e-01 
  523.000;4.857648015e-01 
  524.000;4.850329757e-01 
  525.000;4.842672944e-01 
  526.000;4.835790694e-01 
  527.000;4.827529490e-01 
  528.000;4.818768501e-01 
  529.000;4.810114503e-01 
  530.000;4.801676273e-01 
  531.000;4.793412983e-01 
  532.000;4.786019921e-01 
  533.000;4.782438278e-01 
  534.000;4.780403972e-01 
  535.000;4.779355526e-01 
  536.000;4.778125286e-01 
  537.000;4.776336253e-01 
  538.000;4.773918688e-01 
  539.000;4.771145582e-01 
  540.000;4.768091440e-01 
  541.000;4.764974415e-01 
  542.000;4.761707783e-01 
  543.000;4.758371115e-01 
  544.000;4.754263759e-01 
  545.000;4.749413133e-01 
  546.000;4.744574726e-01 
  547.000;4.739889503e-01 
  548.000;4.735190570e-01 
  549.000;4.730497301e-01 
  550.000;4.724966586e-01 
  551.000;4.718542397e-01 
  552.000;4.712262750e-01 
  553.000;4.705771804e-01 
  554.000;4.699248075e-01 
  555.000;4.692789614e-01 
  556.000;4.686011076e-01 
  557.000;4.678632319e-01 
  558.000;4.671200514e-01 
  559.000;4.663636386e-01 
  560.000;4.655622840e-01 
  561.000;4.647218585e-01 
  562.000;4.634582102e-01 
  563.000;4.625450373e-01 
  564.000;4.615046084e-01 
  565.000;4.601717591e-01 
  566.000;4.592072666e-01 
  567.000;4.568569064e-01 
  568.000;4.502867460e-01 
  569.000;4.383168519e-01 
  570.000;4.394108355e-01 
  571.000;4.469548762e-01 
  572.000;4.384790063e-01 
  573.000;4.399653077e-01 
  574.000;4.399527311e-01 
  575.000;4.388664067e-01 
  576.000;4.385066628e-01 
  577.000;4.404305518e-01 
  578.000;4.437180758e-01 
  579.000;4.461990893e-01 
  580.000;4.481081367e-01 
  581.000;4.513753057e-01 
  582.000;4.532394409e-01 
  583.000;4.539459646e-01 
  584.000;4.545328319e-01 
  585.000;4.547867477e-01 
  586.000;4.550431073e-01 
  587.000;4.511758089e-01 
  588.000;4.353121221e-01 
  589.000;4.139273465e-01 
  590.000;4.125005901e-01 
  591.000;4.261727631e-01 
  592.000;4.184595048e-01 
  593.000;4.348275065e-01 
  594.000;4.307441115e-01 
  595.000;4.189950824e-01 
  596.000;4.350726008e-01 
  597.000;4.306584001e-01 
  598.000;4.372646809e-01 
  599.000;4.397390783e-01 
  600.000;4.461852312e-01 
  601.000;4.503832757e-01 
  602.000;4.515643716e-01 
  603.000;4.532726705e-01 
  604.000;4.550193846e-01 
  605.000;4.560209811e-01 
  606.000;4.564960599e-01 
  607.000;4.569306672e-01 
  608.000;4.572888911e-01 
  609.000;4.576030374e-01 
  610.000;4.579401314e-01 
  611.000;4.583426416e-01 
  612.000;4.587333500e-01 
  613.000;4.590901434e-01 
  614.000;4.594240487e-01 
  615.000;4.597585499e-01 
  616.000;4.600584507e-01 
  617.000;4.603066444e-01 
  618.000;4.604463577e-01 
  619.000;4.604835212e-01 
  620.000;4.604720771e-01 
  621.000;4.603894949e-01 
  622.000;4.602261186e-01 
  623.000;4.599269927e-01 
  624.000;4.596511722e-01 
  625.000;4.593297243e-01 
  626.000;4.580790997e-01 
  627.000;4.509664476e-01 
  628.000;4.240268171e-01 
  629.000;4.383254051e-01 
  630.000;4.433935881e-01 
  631.000;4.484258592e-01 
  632.000;4.452023506e-01 
  633.000;4.534364045e-01 
  634.000;4.566786587e-01 
  635.000;4.574869275e-01 
  636.000;4.596379101e-01 
  637.000;4.611977339e-01 
  638.000;4.653499126e-01 
  639.000;4.661281109e-01 
  640.000;4.685677290e-01 
  641.000;4.691503644e-01 
  642.000;4.708521664e-01 
  643.000;4.686870277e-01 
  644.000;4.690507352e-01 
  645.000;4.660395980e-01 
  646.000;4.525196254e-01 
  647.000;4.438962340e-01 
  648.000;4.348613322e-01 
  649.000;4.430170357e-01 
  650.000;4.598696828e-01 
  651.000;4.599650502e-01 
  652.000;4.453103542e-01 
  653.000;4.625366330e-01 
  654.000;4.606809616e-01 
  655.000;4.544355571e-01 
  656.000;4.567551315e-01 
  657.000;4.603429735e-01 
  658.000;4.666508436e-01 
  659.000;4.704932272e-01 
  660.000;4.722624719e-01 
  661.000;4.771792889e-01 
  662.000;4.796019197e-01 
  663.000;4.792244434e-01 
  664.000;4.802423418e-01 
  665.000;4.810614288e-01 
  666.000;4.821542501e-01 
  667.000;4.829850197e-01 
  668.000;4.840787053e-01 
  669.000;4.846770465e-01 
  670.000;4.851299524e-01 
  671.000;4.856505692e-01 
  672.000;4.860468209e-01 
  673.000;4.864253104e-01 
  674.000;4.867979884e-01 
  675.000;4.871761203e-01 
  676.000;4.875100553e-01 
  677.000;4.878042042e-01 
  678.000;4.881021678e-01 
  679.000;4.882388115e-01 
  680.000;4.876830578e-01 
  681.000;4.869865775e-01 
  682.000;4.869075119e-01 
  683.000;4.865628183e-01 
  684.000;4.851655960e-01 
  685.000;4.863814116e-01 
  686.000;4.818664789e-01 
  687.000;3.800960779e-01 
  688.000;4.069316983e-01 
  689.000;3.984740674e-01 
  690.000;4.132820070e-01 
  691.000;4.333743751e-01 
  692.000;4.446136951e-01 
  693.000;4.324628711e-01 
  694.000;4.191827178e-01 
  695.000;4.293637574e-01 
  696.000;4.356895089e-01 
  697.000;4.673178494e-01 
  698.000;4.599491954e-01 
  699.000;4.319704473e-01 
  700.000;4.360215962e-01 
  701.000;4.301058650e-01 
  702.000;4.341487288e-01 
  703.000;4.570971727e-01 
  704.000;4.579947591e-01 
  705.000;4.479289949e-01 
  706.000;4.496671259e-01 
  707.000;4.530191720e-01 
  708.000;4.567298293e-01 
  709.000;4.647326171e-01 
  710.000;4.558588564e-01 
  711.000;4.645240605e-01 
  712.000;4.722075462e-01 
  713.000;4.656056762e-01 
  714.000;4.632376730e-01 
  715.000;4.531198442e-01 
  716.000;4.429262877e-01 
  717.000;3.907683790e-01 
  718.000;3.614951670e-01 
  719.000;3.504629731e-01 
  720.000;3.341502845e-01 
  721.000;4.034382701e-01 
  722.000;4.301246405e-01 
  723.000;4.145102799e-01 
  724.000;3.747918010e-01 
  725.000;3.801754117e-01 
  726.000;3.783560991e-01 
  727.000;3.837623596e-01 
  728.000;3.778399229e-01 
  729.000;3.926103115e-01 
  730.000;3.901804090e-01 
  731.000;3.872563243e-01 
  732.000;4.128586948e-01 
  733.000;4.405235350e-01 
  734.000;4.554890096e-01 
  735.000;4.500023127e-01 
  736.000;4.402753115e-01 
  737.000;4.473708570e-01 
  738.000;4.576344788e-01 
  739.000;4.621784687e-01 
  740.000;4.728527367e-01 
  741.000;4.792473614e-01 
  742.000;4.819046855e-01 
  743.000;4.880738258e-01 
  744.000;4.906218946e-01 
  745.000;4.927948713e-01 
  746.000;4.944554865e-01 
  747.000;4.946900010e-01 
  748.000;4.960951209e-01 
  749.000;4.966758192e-01 
  750.000;4.959549010e-01 
  751.000;4.960317314e-01 
  752.000;4.973122776e-01 
  753.000;4.977094233e-01 
  754.000;4.979700148e-01 
  755.000;4.980477691e-01 
  756.000;4.981457293e-01 
  757.000;4.981553853e-01 
  758.000;4.962536097e-01 
  759.000;4.336216450e-01 
  760.000;1.261715293e-01 
  761.000;1.047640294e-01 
  762.000;2.577822208e-01 
  763.000;2.016663700e-01 
  764.000;2.279832810e-01 
  765.000;2.972686291e-01 
  766.000;3.776868582e-01 
  767.000;4.190877378e-01 
  768.000;4.515639842e-01 
  769.000;4.761214554e-01 
  770.000;4.899664819e-01 
  771.000;4.970120788e-01 
  772.000;4.986933470e-01 
  773.000;4.993742704e-01 
  774.000;5.001943707e-01 
  775.000;5.006582141e-01 
  776.000;5.009615421e-01 
  777.000;5.009064078e-01 
  778.000;5.006789565e-01 
  779.000;5.004434586e-01 
  780.000;5.002099872e-01 
  781.000;5.007251501e-01 
  782.000;5.004717112e-01 
  783.000;5.002397895e-01 
  784.000;4.995720983e-01 
  785.000;4.966264069e-01 
  786.000;4.923406541e-01 
  787.000;4.833199084e-01 
  788.000;4.786623716e-01 
  789.000;4.631892443e-01 
  790.000;4.617455304e-01 
  791.000;4.644441307e-01 
  792.000;4.668913484e-01 
  793.000;4.729873836e-01 
  794.000;4.866583347e-01 
  795.000;4.779370725e-01 
  796.000;4.567605853e-01 
  797.000;4.624439180e-01 
  798.000;4.757376909e-01 
  799.000;4.724899828e-01 
  800.000;4.626364410e-01 
  801.000;4.636254013e-01 
  802.000;4.625434875e-01 
  803.000;4.638617635e-01 
  804.000;4.682662487e-01 
  805.000;4.770694971e-01 
  806.000;4.825591743e-01 
  807.000;4.826871753e-01 
  808.000;4.794062078e-01 
  809.000;4.754142165e-01 
  810.000;4.711447954e-01 
  811.000;4.628288150e-01 
  812.000;4.521168172e-01 
  813.000;4.397836328e-01 
  814.000;4.246970415e-01 
  815.000;4.073648155e-01 
  816.000;3.874155581e-01 
  817.000;3.881839216e-01 
  818.000;3.896462917e-01 
  819.000;3.961150944e-01 
  820.000;4.189701378e-01 
  821.000;4.487759471e-01 
  822.000;4.255234897e-01 
  823.000;3.722396791e-01 
  824.000;4.161616564e-01 
  825.000;4.503521621e-01 
  826.000;4.442084134e-01 
  827.000;4.395526648e-01 
  828.000;4.175061584e-01 
  829.000;4.250337183e-01 
  830.000;4.338704944e-01 
  831.000;4.359881878e-01 
  832.000;4.370551407e-01 
  833.000;4.424913228e-01 
  834.000;4.490861893e-01 
  835.000;4.629144967e-01 
  836.000;4.583044648e-01 
  837.000;4.578720927e-01 
  838.000;4.646718502e-01 
  839.000;4.688911438e-01 
  840.000;4.703734219e-01 
  841.000;4.656274617e-01 
  842.000;4.697106183e-01 
  843.000;4.800470769e-01 
  844.000;4.848380983e-01 
  845.000;4.870179296e-01 
  846.000;4.893478453e-01 
  847.000;4.921011031e-01 
  848.000;4.874668717e-01 
  849.000;4.878962338e-01 
  850.000;4.855945408e-01 
  851.000;4.828893840e-01 
  852.000;4.830434322e-01 
  853.000;4.872319102e-01 
  854.000;4.868276119e-01 
  855.000;4.890148938e-01 
  856.000;4.933535457e-01 
  857.000;4.952820837e-01 
  858.000;4.962200224e-01 
  859.000;4.984478652e-01 
  860.000;4.995125532e-01 
  861.000;4.996042848e-01 
  862.000;5.001337528e-01 
  863.000;5.001257658e-01 
  864.000;5.004912615e-01 
  865.000;5.007576942e-01 
  866.000;5.007697344e-01 
  867.000;5.006098151e-01 
  868.000;5.005706549e-01 
  869.000;5.006031394e-01 
  870.000;5.004194379e-01 
  871.000;5.004447103e-01 
  872.000;5.006363392e-01 
  873.000;5.002620816e-01 
  874.000;5.000193715e-01 
  875.000;4.998885989e-01 
  876.000;4.993469417e-01 
  877.000;4.990605116e-01 
  878.000;4.974417090e-01 
  879.000;4.972954094e-01 
  880.000;4.958826602e-01 
  881.000;4.951033294e-01 
  882.000;4.943146408e-01 
  883.000;4.949180484e-01 
  884.000;4.951060414e-01 
  885.000;4.923937619e-01 
  886.000;4.889763296e-01 
  887.000;4.913766682e-01 
  888.000;4.911147356e-01 
  889.000;4.918677807e-01 
  890.000;4.898661971e-01 
  891.000;4.855981469e-01 
  892.000;4.768026173e-01 
  893.000;4.524195194e-01 
  894.000;4.409855604e-01 
  895.000;4.104399681e-01 
  896.000;3.863252103e-01 
  897.000;3.629703522e-01 
  898.000;3.523940742e-01 
  899.000;3.231165707e-01 
  900.000;3.271366358e-01 
  901.000;3.193195462e-01 
  902.000;3.211319149e-01 
  903.000;3.697277308e-01 
  904.000;4.015044868e-01 
  905.000;4.004959166e-01 
  906.000;3.803394735e-01 
  907.000;3.477920592e-01 
  908.000;3.257821798e-01 
  909.000;3.264994919e-01 
  910.000;3.297701776e-01 
  911.000;3.441019058e-01 
  912.000;3.372538090e-01 
  913.000;3.055084944e-01 
  914.000;3.216133118e-01 
  915.000;3.339343965e-01 
  916.000;3.372934461e-01 
  917.000;3.438486755e-01 
  918.000;3.522696793e-01 
  919.000;3.802596033e-01 
  920.000;4.036007226e-01 
  921.000;3.984905183e-01 
  922.000;3.980565369e-01 
  923.000;3.915411234e-01 
  924.000;3.765676618e-01 
  925.000;3.748124838e-01 
  926.000;3.730511069e-01 
  927.000;3.553641737e-01 
  928.000;3.284544349e-01 
  929.000;2.874346972e-01 
  930.000;2.362220138e-01 
  931.000;1.881045103e-01 
  932.000;1.362184882e-01 
  933.000;1.059276089e-01 
  934.000;7.875895500e-02 
  935.000;7.568194717e-02 
  936.000;8.540532738e-02 
  937.000;8.327763528e-02 
  938.000;1.148780733e-01 
  939.000;2.236510962e-01 
  940.000;2.460957766e-01 
  941.000;2.276356518e-01 
  942.000;1.864580065e-01 
  943.000;1.324715912e-01 
  944.000;1.288124025e-01 
  945.000;1.457224488e-01 
  946.000;1.471581012e-01 
  947.000;1.649678200e-01 
  948.000;1.761310995e-01 
  949.000;1.752485484e-01 
  950.000;1.783211678e-01 
  951.000;2.054695636e-01 
  952.000;1.776759177e-01 
  953.000;1.979114413e-01 
  954.000;2.219964713e-01 
  955.000;2.036269605e-01 
  956.000;2.007760704e-01 
  957.000;2.657560706e-01 
  958.000;2.759335637e-01 
  959.000;2.645689845e-01 
  960.000;2.616066635e-01 
  961.000;2.561503053e-01 
  962.000;2.618782222e-01 
  963.000;3.024058938e-01 
  964.000;3.085039258e-01 
  965.000;3.051357567e-01 
  966.000;3.077759743e-01 
  967.000;3.357928097e-01 
  968.000;3.797178864e-01 
  969.000;4.015946686e-01 
  970.000;4.030247331e-01 
  971.000;4.025090933e-01 
  972.000;3.960985243e-01 
  973.000;3.821153641e-01 
  974.000;3.662060797e-01 
  975.000;3.562886715e-01 
  976.000;3.684459925e-01 
  977.000;3.894214928e-01 
  978.000;3.878730237e-01 
  979.000;3.938834965e-01 
  980.000;4.183095396e-01 
  981.000;4.243373573e-01 
  982.000;4.186477065e-01 
  983.000;4.326553643e-01 
  984.000;4.480865598e-01 
  985.000;4.574669003e-01 
  986.000;4.701276124e-01 
  987.000;4.759317338e-01 
  988.000;4.772320688e-01 
  989.000;4.781332612e-01 
  990.000;4.795504212e-01 
  991.000;4.845949113e-01 
  992.000;4.859936237e-01 
  993.000;4.865082204e-01 
  994.000;4.909384847e-01 
  995.000;4.942547381e-01 
  996.000;4.941726625e-01 
  997.000;4.919898212e-01 
  998.000;4.896658361e-01 
  999.000;4.887832999e-01 
 1000.000;4.894317985e-01 
 1001.000;4.843308926e-01 
 1002.000;4.766361117e-01 
 1003.000;4.783639014e-01 
 1004.000;4.827623963e-01 
 1005.000;4.847941399e-01 
 1006.000;4.853972197e-01 
 1007.000;4.838994443e-01 
 1008.000;4.775460064e-01 
 1009.000;4.693167806e-01 
 1010.000;4.728488326e-01 
 1011.000;4.816726744e-01 
 1012.000;4.850534499e-01 
 1013.000;4.877721369e-01 
 1014.000;4.889032841e-01 
 1015.000;4.891079664e-01 
 1016.000;4.903192818e-01 
 1017.000;4.908011854e-01 
 1018.000;4.894115627e-01 
 1019.000;4.861524999e-01 
 1020.000;4.872682095e-01 
 1021.000;4.895463288e-01 
 1022.000;4.856234789e-01 
 1023.000;4.823924303e-01 
 1024.000;4.804488719e-01 
 1025.000;4.862554669e-01 
 1026.000;4.888309538e-01 
 1027.000;4.877272248e-01 
 1028.000;4.886301756e-01 
 1029.000;4.910798967e-01 
 1030.000;4.935690463e-01 
 1031.000;4.948519766e-01 
 1032.000;4.958480000e-01 
 1033.000;4.961076081e-01 
 1034.000;4.966517687e-01 
 1035.000;4.969248474e-01 
 1036.000;4.967934489e-01 
 1037.000;4.968752563e-01 
 1038.000;4.970263541e-01 
 1039.000;4.966346622e-01 
 1040.000;4.963107407e-01 
 1041.000;4.960395694e-01 
 1042.000;4.959370494e-01 
 1043.000;4.959026575e-01 
 1044.000;4.956708550e-01 
 1045.000;4.949859679e-01 
 1046.000;4.945206642e-01 
 1047.000;4.939854443e-01 
 1048.000;4.934323728e-01 
 1049.000;4.928972721e-01 
 1050.000;4.921807349e-01 
 1051.000;4.911319315e-01 
 1052.000;4.904698730e-01 
 1053.000;4.903737903e-01 
 1054.000;4.893620610e-01 
 1055.000;4.883126318e-01 
 1056.000;4.874817133e-01 
 1057.000;4.853037596e-01 
 1058.000;4.813626707e-01 
 1059.000;4.816449881e-01 
 1060.000;4.836898446e-01 
 1061.000;4.832083881e-01 
 1062.000;4.807593226e-01 
 1063.000;4.799174368e-01 
 1064.000;4.778334796e-01 
 1065.000;4.752275944e-01 
 1066.000;4.754104018e-01 
 1067.000;4.743457437e-01 
 1068.000;4.694789350e-01 
 1069.000;4.669474363e-01 
 1070.000;4.674937427e-01 
 1071.000;4.643746018e-01 
 1072.000;4.612790942e-01 
 1073.000;4.606225491e-01 
 1074.000;4.609773755e-01 
 1075.000;4.651621580e-01 
 1076.000;4.624866247e-01 
 1077.000;4.587205648e-01 
 1078.000;4.544169903e-01 
 1079.000;4.538097084e-01 
 1080.000;4.428664446e-01 
 1081.000;4.422602952e-01 
 1082.000;4.468665421e-01 
 1083.000;4.411403835e-01 
 1084.000;4.351227880e-01 
 1085.000;4.216448069e-01 
 1086.000;4.246012866e-01 
 1087.000;4.396432638e-01 
 1088.000;4.402174950e-01 
 1089.000;4.218642414e-01 
 1090.000;4.185220003e-01 
 1091.000;4.216928780e-01 
 1092.000;4.131287634e-01 
 1093.000;3.955519497e-01 
 1094.000;3.883451819e-01 
 1095.000;3.893521130e-01 
 1096.000;3.900853992e-01 
 1097.000;3.865748346e-01 
 1098.000;3.499998450e-01 
 1099.000;3.185425699e-01 
 1100.000;3.206483722e-01 
 1101.000;3.248777092e-01 
 1102.000;3.223632574e-01 
 1103.000;3.249677122e-01 
 1104.000;3.192389607e-01 
 1105.000;3.049612045e-01 
 1106.000;2.905082703e-01 
 1107.000;2.935428619e-01 
 1108.000;2.953420877e-01 
 1109.000;3.061514795e-01 
 1110.000;3.030530810e-01 
 1111.000;2.956882119e-01 
 1112.000;2.652013898e-01 
 1113.000;2.248013765e-01 
 1114.000;2.125622481e-01 
 1115.000;1.713021100e-01 
 1116.000;1.495734006e-01 
 1117.000;1.091414467e-01 
 1118.000;7.657381892e-02 
 1119.000;6.041684747e-02 
 1120.000;4.348981008e-02 
 1121.000;4.000577331e-02 
 1122.000;2.670819126e-02 
 1123.000;3.306306154e-02 
 1124.000;3.778094053e-02 
 1125.000;3.512996435e-02 
 1126.000;3.418765590e-02 
 1127.000;3.551352024e-02 
 1128.000;3.813701868e-02 
 1129.000;5.359808356e-02 
 1130.000;9.429563582e-02 
 1131.000;1.076690331e-01 
 1132.000;8.912207186e-02 
 1133.000;6.018445641e-02 
 1134.000;1.944505051e-02 
 1135.000;2.169176191e-02 
 1136.000;6.519665569e-02 
 1137.000;9.605585039e-02 
 1138.000;1.327488273e-01 
 1139.000;1.484079212e-01 
 1140.000;1.403964013e-01 
 1141.000;1.263581067e-01 
 1142.000;1.210781857e-01 
 1143.000;1.056241170e-01 
 1144.000;8.987692744e-02 
 1145.000;6.835565716e-02 
 1146.000;7.337310910e-02 
 1147.000;9.047534317e-02 
 1148.000;1.066432446e-01 
 1149.000;1.140934601e-01 
 1150.000;1.159877554e-01 
 1151.000;1.284764260e-01 
 1152.000;1.348721832e-01 
 1153.000;1.442613900e-01 
 1154.000;1.434478909e-01 
 1155.000;1.624164134e-01 
 1156.000;1.848390549e-01 
 1157.000;2.384969443e-01 
 1158.000;2.656175792e-01 
 1159.000;2.901053429e-01 
 1160.000;3.005872965e-01 
 1161.000;3.237329423e-01 
 1162.000;3.410549462e-01 
 1163.000;3.612365127e-01 
 1164.000;3.656550348e-01 
 1165.000;3.685312271e-01 
 1166.000;3.736058772e-01 
 1167.000;3.767450452e-01 
 1168.000;3.757582903e-01 
 1169.000;3.789840341e-01 
 1170.000;3.818346858e-01 
 1171.000;3.891228437e-01 
 1172.000;3.849035501e-01 
 1173.000;3.809004128e-01 
 1174.000;3.811497688e-01 
 1175.000;3.924824297e-01 
 1176.000;4.035044611e-01 
 1177.000;3.981520236e-01 
 1178.000;3.876899183e-01 
 1179.000;3.876997530e-01 
 1180.000;3.839788735e-01 
 1181.000;3.748657107e-01 
 1182.000;3.660733700e-01 
 1183.000;3.671284914e-01 
 1184.000;3.721457124e-01 
 1185.000;3.848050535e-01 
 1186.000;3.809843659e-01 
 1187.000;3.684400916e-01 
 1188.000;3.657218218e-01 
 1189.000;3.736325204e-01 
 1190.000;3.945806623e-01 
 1191.000;4.012924433e-01 
 1192.000;4.114285409e-01 
 1193.000;4.092178941e-01 
 1194.000;4.077911079e-01 
 1195.000;3.980626464e-01 
 1196.000;3.993649185e-01 
 1197.000;3.947664499e-01 
 1198.000;3.937285841e-01 
 1199.000;3.881540000e-01 
 1200.000;3.912764788e-01 
 1201.000;3.924810886e-01 
 1202.000;3.935908377e-01 
 1203.000;3.909188807e-01 
 1204.000;3.931220472e-01 
 1205.000;4.089758694e-01 
 1206.000;4.167259336e-01 
 1207.000;4.199496806e-01 
 1208.000;4.174434245e-01 
 1209.000;4.132915437e-01 
 1210.000;4.066397250e-01 
 1211.000;4.056429267e-01 
 1212.000;4.072867632e-01 
 1213.000;4.140275717e-01 
 1214.000;4.128432870e-01 
 1215.000;4.152204990e-01 
 1216.000;4.255269766e-01 
 1217.000;4.347026944e-01 
 1218.000;4.387552738e-01 
 1219.000;4.410057962e-01 
 1220.000;4.412309825e-01 
 1221.000;4.424233735e-01 
 1222.000;4.429070055e-01 
 1223.000;4.440151453e-01 
 1224.000;4.505750537e-01 
 1225.000;4.520511925e-01 
 1226.000;4.541152716e-01 
 1227.000;4.576888084e-01 
 1228.000;4.621633291e-01 
 1229.000;4.656959474e-01 
 1230.000;4.697563648e-01 
 1231.000;4.720532894e-01 
 1232.000;4.729066193e-01 
 1233.000;4.734365642e-01 
 1234.000;4.786998332e-01 
 1235.000;4.806414843e-01 
 1236.000;4.818221033e-01 
 1237.000;4.836382568e-01 
 1238.000;4.843178391e-01 
 1239.000;4.847081900e-01 
 1240.000;4.847058952e-01 
 1241.000;4.839573801e-01 
 1242.000;4.830454290e-01 
 1243.000;4.822521210e-01 
 1244.000;4.806719720e-01 
 1245.000;4.796373248e-01 
 1246.000;4.784055948e-01 
 1247.000;4.768989980e-01 
 1248.000;4.754457772e-01 
 1249.000;4.745832980e-01 
 1250.000;4.731537104e-01 
 1251.000;4.716380239e-01 
 1252.000;4.694713056e-01 
 1253.000;4.671926498e-01 
 1254.000;4.626811743e-01 
 1255.000;4.595259428e-01 
 1256.000;4.567209184e-01 
 1257.000;4.532274008e-01 
 1258.000;4.449262917e-01 
 1259.000;4.385029972e-01 
 1260.000;4.313990772e-01 
 1261.000;4.239014089e-01 
 1262.000;4.104824960e-01 
 1263.000;4.055301547e-01 
 1264.000;4.023372531e-01 
 1265.000;4.010203183e-01 
 1266.000;3.957930207e-01 
 1267.000;3.900684416e-01 
 1268.000;3.839495480e-01 
 1269.000;3.813162446e-01 
 1270.000;3.966393471e-01 
 1271.000;4.039126635e-01 
 1272.000;4.102310240e-01 
 1273.000;4.162286818e-01 
 1274.000;4.238608479e-01 
 1275.000;4.275444448e-01 
 1276.000;4.296351969e-01 
 1277.000;4.308786988e-01 
 1278.000;4.318668246e-01 
 1279.000;4.332821369e-01 
 1280.000;4.377552271e-01 
 1281.000;4.421181977e-01 
 1282.000;4.462577403e-01 
 1283.000;4.486306608e-01 
 1284.000;4.487509131e-01 
 1285.000;4.500108957e-01 
 1286.000;4.477459192e-01 
 1287.000;4.434564412e-01 
 1288.000;4.283918142e-01 
 1289.000;4.239135385e-01 
 1290.000;4.233368635e-01 
 1291.000;4.257082641e-01 
 1292.000;4.317315519e-01 
 1293.000;4.323199987e-01 
 1294.000;4.258179963e-01 
 1295.000;4.161047339e-01 
 1296.000;4.062004983e-01 
 1297.000;3.985393643e-01 
 1298.000;3.977138102e-01 
 1299.000;3.968631029e-01 
 1300.000;3.956641257e-01 
 1301.000;3.935037851e-01 
 1302.000;3.882906735e-01 
 1303.000;3.737275600e-01 
 1304.000;3.680465221e-01 
 1305.000;3.658643365e-01 
 1306.000;3.636023402e-01 
 1307.000;3.603957891e-01 
 1308.000;3.516928852e-01 
 1309.000;3.403317630e-01 
 1310.000;3.391361833e-01 
 1311.000;3.388292789e-01 
 1312.000;3.256945014e-01 
 1313.000;3.095132709e-01 
 1314.000;2.947744131e-01 
 1315.000;3.015336692e-01 
 1316.000;3.114784658e-01 
 1317.000;3.109343648e-01 
 1318.000;2.934741974e-01 
 1319.000;2.681564391e-01 
 1320.000;2.398211807e-01 
 1321.000;2.294829190e-01 
 1322.000;2.463233769e-01 
 1323.000;2.655862868e-01 
 1324.000;2.759332657e-01 
 1325.000;2.695583701e-01 
 1326.000;2.505698204e-01 
 1327.000;2.117462903e-01 
 1328.000;1.761822104e-01 
 1329.000;1.247473285e-01 
 1330.000;1.079940498e-01 
 1331.000;9.786649793e-02 
 1332.000;1.007784307e-01 
 1333.000;1.097661555e-01 
 1334.000;1.220001131e-01 
 1335.000;1.313324571e-01 
 1336.000;1.346442848e-01 
 1337.000;1.356463581e-01 
 1338.000;1.429941058e-01 
 1339.000;1.447449476e-01 
 1340.000;1.514467150e-01 
 1341.000;1.451423466e-01 
 1342.000;1.461276412e-01 
 1343.000;1.195011139e-01 
 1344.000;9.517098963e-02 
 1345.000;5.051361769e-02 
 1346.000;2.625517920e-02 
 1347.000;1.634526625e-02 
 1348.000;6.853625178e-03 
 1349.000;4.887018818e-03 
 1350.000;1.808629022e-03 
 1351.000;1.207586844e-03 
 1352.000;6.349861505e-04 
 1353.000;4.722363374e-04 
 1354.000;4.332773387e-04 
 1355.000;4.112181778e-04 
 1356.000;3.956560395e-04 
 1357.000;3.810546186e-04 
 1358.000;3.684184921e-04 
 1359.000;3.500543535e-04 
 1360.000;3.386886674e-04 
 1361.000;3.317770897e-04 
 1362.000;3.291480534e-04 
 1363.000;3.374125226e-04 
 1364.000;3.396428074e-04 
 1365.000;3.405433672e-04 
 1366.000;3.432872472e-04 
 1367.000;3.373354266e-04 
 1368.000;3.320577089e-04 
 1369.000;3.320735123e-04 
 1370.000;3.424872993e-04 
 1371.000;3.590472334e-04 
 1372.000;3.808435868e-04 
 1373.000;3.986166848e-04 
 1374.000;4.114641924e-04 
 1375.000;4.178828094e-04 
 1376.000;4.107307177e-04 
 1377.000;3.991687845e-04 
 1378.000;3.822040453e-04 
 1379.000;3.638322232e-04 
 1380.000;3.440135333e-04 
 1381.000;3.275220224e-04 
 1382.000;3.187287948e-04 
 1383.000;3.173071309e-04 
 1384.000;3.277565120e-04 
 1385.000;3.372632200e-04 
 1386.000;3.489477094e-04 
 1387.000;3.724376729e-04 
 1388.000;3.875519324e-04 
 1389.000;3.973404237e-04 
 1390.000;4.001650086e-04 
 1391.000;3.914972185e-04 
 1392.000;3.713781480e-04 
 1393.000;3.570185800e-04 
 1394.000;3.454659600e-04 
 1395.000;3.492786491e-04 
 1396.000;3.620818316e-04 
 1397.000;3.763040295e-04 
 1398.000;3.774707147e-04 
 1399.000;3.716017527e-04 
 1400.000;3.680349619e-04 
 1401.000;3.709998564e-04 
 1402.000;3.886101185e-04 
 1403.000;4.131078313e-04 
 1404.000;4.020370834e-04 
 1405.000;4.143413680e-04 
 1406.000;3.985088260e-04 
 1407.000;4.099693324e-04 
 1408.000;4.654433287e-04 
 1409.000;5.738727050e-04 
 1410.000;8.365187095e-04 
 1411.000;1.424656832e-03 
 1412.000;1.448007300e-03 
 1413.000;2.086693188e-03 
 1414.000;1.902807620e-03 
 1415.000;3.025459591e-03 
 1416.000;3.982179798e-03 
 1417.000;4.671927541e-03 
 1418.000;4.827220924e-03 
 1419.000;5.408276804e-03 
 1420.000;5.980949383e-03 
 1421.000;9.486047551e-03 
 1422.000;1.142395940e-02 
 1423.000;1.276333351e-02 
 1424.000;1.254459377e-02 
 1425.000;1.142767537e-02 
 1426.000;1.165485289e-02 
 1427.000;1.408970263e-02 
 1428.000;1.614314690e-02 
 1429.000;1.908455975e-02 
 1430.000;1.894555986e-02 
 1431.000;1.447059121e-02 
 1432.000;1.230178587e-02 
 1433.000;1.216406282e-02 
 1434.000;1.089246105e-02 
 1435.000;1.384965330e-02 
 1436.000;1.530056633e-02 
 1437.000;1.609637402e-02 
 1438.000;2.061426453e-02 
 1439.000;2.123226412e-02 
 1440.000;2.316765487e-02 
 1441.000;2.431098558e-02 
 1442.000;2.258366346e-02 
 1443.000;2.281813137e-02 
 1444.000;2.455778420e-02 
 1445.000;2.514062822e-02 
 1446.000;2.906287462e-02 
 1447.000;3.309364244e-02 
 1448.000;3.391163796e-02 
 1449.000;3.139050677e-02 
 1450.000;2.746446989e-02 
 1451.000;2.947106957e-02 
 1452.000;3.753070161e-02 
 1453.000;5.268436298e-02 
 1454.000;7.116113603e-02 
 1455.000;8.381526172e-02 
 1456.000;9.737779200e-02 
 1457.000;9.930503368e-02 
 1458.000;1.023590192e-01 
 1459.000;9.270250052e-02 
 1460.000;8.469133079e-02 
 1461.000;8.016575873e-02 
 1462.000;6.855610013e-02 
 1463.000;6.856241822e-02 
 1464.000;6.520931423e-02 
 1465.000;5.738842115e-02 
 1466.000;4.839111120e-02 
 1467.000;4.258381203e-02 
 1468.000;3.662652150e-02 
 1469.000;2.832757123e-02 
 1470.000;2.574671246e-02 
 1471.000;3.493635356e-02 
 1472.000;4.955222085e-02 
 1473.000;7.256317884e-02 
 1474.000;9.196952730e-02 
 1475.000;9.222426265e-02 
 1476.000;9.224447608e-02 
 1477.000;8.639631420e-02 
 1478.000;8.079767227e-02 
 1479.000;7.285225391e-02 
 1480.000;7.831875235e-02 
 1481.000;8.731539547e-02 
 1482.000;9.828593582e-02 
 1483.000;1.012641564e-01 
 1484.000;1.022897810e-01 
 1485.000;1.008379236e-01 
 1486.000;1.112937331e-01 
 1487.000;1.329898983e-01 
 1488.000;1.355317086e-01 
 1489.000;1.680562496e-01 
 1490.000;2.010363340e-01 
 1491.000;2.222698480e-01 
 1492.000;2.263874561e-01 
 1493.000;2.405800223e-01 
 1494.000;2.426298559e-01 
 1495.000;2.585028410e-01 
 1496.000;2.853659689e-01 
 1497.000;2.872883677e-01 
 1498.000;3.094463646e-01 
 1499.000;3.289273679e-01 
 1500.000;3.428895175e-01 
 1501.000;3.389580548e-01 
 1502.000;3.325726092e-01 
 1503.000;3.278576434e-01 
 1504.000;3.330590427e-01 
 1505.000;3.472420871e-01 
 1506.000;3.480954468e-01 
 1507.000;3.606357276e-01 
 1508.000;3.674842119e-01 
 1509.000;3.751402199e-01 
 1510.000;3.776730001e-01 
 1511.000;3.834113777e-01 
 1512.000;3.868975639e-01 
 1513.000;3.889589310e-01 
 1514.000;3.889636397e-01 
 1515.000;3.932917118e-01 
 1516.000;3.948464990e-01 
 1517.000;3.987358212e-01 
 1518.000;4.069106579e-01 
 1519.000;4.166828692e-01 
 1520.000;4.300200939e-01 
 1521.000;4.375196695e-01 
 1522.000;4.377525449e-01 
 1523.000;4.401069283e-01 
 1524.000;4.375895858e-01 
 1525.000;4.349437654e-01 
 1526.000;4.356539547e-01 
 1527.000;4.389312565e-01 
 1528.000;4.434802234e-01 
 1529.000;4.435781240e-01 
 1530.000;4.474249780e-01 
 1531.000;4.501896203e-01 
 1532.000;4.533225298e-01 
 1533.000;4.551898539e-01 
 1534.000;4.573291838e-01 
 1535.000;4.600990713e-01 
 1536.000;4.601680040e-01 
 1537.000;4.628476501e-01 
 1538.000;4.657058120e-01 
 1539.000;4.678251743e-01 
 1540.000;4.687907100e-01 
 1541.000;4.697641134e-01 
 1542.000;4.697512388e-01 
 1543.000;4.714423418e-01 
 1544.000;4.740486145e-01 
 1545.000;4.780834615e-01 
 1546.000;4.811848998e-01 
 1547.000;4.834646881e-01 
 1548.000;4.850651324e-01 
 1549.000;4.850450456e-01 
 1550.000;4.848653078e-01 
 1551.000;4.847886860e-01 
 1552.000;4.848692417e-01 
 1553.000;4.857095778e-01 
 1554.000;4.856921434e-01 
 1555.000;4.869711697e-01 
 1556.000;4.877619445e-01 
 1557.000;4.882881641e-01 
 1558.000;4.877655804e-01 
 1559.000;4.869220257e-01 
 1560.000;4.869099557e-01 
 1561.000;4.860026538e-01 
 1562.000;4.844062328e-01 
 1563.000;4.832877219e-01 
 1564.000;4.804292917e-01 
 1565.000;4.757124782e-01 
 1566.000;4.756924510e-01 
 1567.000;4.682627916e-01 
 1568.000;4.580737352e-01 
 1569.000;4.472984970e-01 
 1570.000;4.397081435e-01 
 1571.000;4.396166801e-01 
 1572.000;4.373993278e-01 
 1573.000;4.395412505e-01 
 1574.000;4.435703754e-01 
 1575.000;4.460539520e-01 
 1576.000;4.460339248e-01 
 1577.000;4.472212791e-01 
 1578.000;4.485603571e-01 
 1579.000;4.514345825e-01 
 1580.000;4.565812945e-01 
 1581.000;4.565649331e-01 
 1582.000;4.625014365e-01 
 1583.000;4.680973887e-01 
 1584.000;4.734252989e-01 
 1585.000;4.773346186e-01 
 1586.000;4.773048162e-01 
 1587.000;4.804030955e-01 
 1588.000;4.827984571e-01 
 1589.000;4.829100966e-01 
 1590.000;4.826104939e-01 
 1591.000;4.825759530e-01 
 1592.000;4.812868536e-01 
 1593.000;4.790635109e-01 
 1594.000;4.762712419e-01 
 1595.000;4.726139307e-01 
 1596.000;4.725955129e-01 
 1597.000;4.668608606e-01 
 1598.000;4.590373933e-01 
 1599.000;4.501300156e-01 
 1600.000;4.435161054e-01 
 1601.000;4.435255527e-01 
 1602.000;4.418438673e-01 
 1603.000;4.441431165e-01 
 1604.000;4.479016662e-01 
 1605.000;4.478928447e-01 
 1606.000;4.492187798e-01 
 1607.000;4.479838610e-01 
 1608.000;4.470227361e-01 
 1609.000;4.469912648e-01 
 1610.000;4.480424821e-01 
 1611.000;4.525600076e-01 
 1612.000;4.583261609e-01 
 1613.000;4.637975693e-01 
 1614.000;4.637781084e-01 
 1615.000;4.682027698e-01 
 1616.000;4.715153873e-01 
 1617.000;4.755903780e-01 
 1618.000;4.755745828e-01 
 1619.000;4.794577360e-01 
 1620.000;4.830641150e-01 
 1621.000;4.856974781e-01 
 1622.000;4.856850803e-01 
 1623.000;4.872999191e-01 
 1624.000;4.880531430e-01 
 1625.000;4.907448590e-01 
 1626.000;4.885451496e-01 
 1627.000;4.889099300e-01 
 1628.000;4.879299998e-01 
 1629.000;4.868646860e-01 
 1630.000;4.849434197e-01 
 1631.000;4.849253297e-01 
 1632.000;4.826880991e-01 
 1633.000;4.820707738e-01 
 1634.000;4.804614484e-01 
 1635.000;4.804512560e-01 
 1636.000;4.785075188e-01 
 1637.000;4.761154652e-01 
 1638.000;4.760926068e-01 
 1639.000;4.727196991e-01 
 1640.000;4.710257947e-01 
 1641.000;4.693084061e-01 
 1642.000;4.692889750e-01 
 1643.000;4.685835838e-01 
 1644.000;4.678204358e-01 
 1645.000;4.664900899e-01 
 1646.000;4.664687514e-01 
 1647.000;4.662930667e-01 
 1648.000;4.649695754e-01 
 1649.000;4.647804797e-01 
 1650.000;4.646765590e-01 
 1651.000;4.649952054e-01 
 1652.000;4.646260738e-01 
 1653.000;4.661231637e-01 
 1654.000;4.660952389e-01 
 1655.000;4.679492116e-01 
 1656.000;4.691763818e-01 
 1657.000;4.692750573e-01 
 1658.000;4.707522392e-01 
 1659.000;4.668950438e-01 
 1660.000;4.699524343e-01 
 1661.000;4.699439704e-01 
 1662.000;4.685104489e-01 
 1663.000;4.680797160e-01 
 1664.000;4.674938321e-01 
 1665.000;4.674583375e-01 
 1666.000;4.689448476e-01 
 1667.000;4.728226960e-01 
 1668.000;4.727890491e-01 
 1669.000;4.749113321e-01 
 1670.000;4.764679372e-01 
 1671.000;4.770280421e-01 
 1672.000;4.769895971e-01 
 1673.000;4.752801359e-01 
 1674.000;4.741311669e-01 
 1675.000;4.740911722e-01 
 1676.000;4.735868275e-01 
 1677.000;4.741624296e-01 
 1678.000;4.757681191e-01 
 1679.000;4.757167995e-01 
 1680.000;4.770410359e-01 
 1681.000;4.778037965e-01 
 1682.000;4.777896702e-01 
 1683.000;4.772045910e-01 
 1684.000;4.760766625e-01 
 1685.000;4.747178555e-01 
 1686.000;4.747242630e-01 
 1687.000;4.713759124e-01 
 1688.000;4.687834084e-01 
 1689.000;4.687302709e-01 
 1690.000;4.655063450e-01 
 1691.000;4.652327299e-01 
 1692.000;4.651131630e-01 
 1693.000;4.656088352e-01 
 1694.000;4.655890763e-01 
 1695.000;4.638380706e-01 
 1696.000;4.638106823e-01 
 1697.000;4.627433121e-01 
 1698.000;4.624174237e-01 
 1699.000;4.623818696e-01 
 1700.000;4.626312256e-01 
 1701.000;4.642513990e-01 
 1702.000;4.642705321e-01 
 1703.000;4.616103768e-01 
 1704.000;4.573720396e-01 
 1705.000;4.573690295e-01 
 1706.000;4.532813728e-01 
 1707.000;4.509111047e-01 
 1708.000;4.517673254e-01 
 1709.000;4.517313242e-01 
 1710.000;4.519831240e-01 
 1711.000;4.515716136e-01 
 1712.000;4.515837133e-01 
 1713.000;4.493015707e-01 
 1714.000;4.502156377e-01 
 1715.000;4.500670731e-01 
 1716.000;4.508939683e-01 
 1717.000;4.525171518e-01 
 1718.000;4.523263872e-01 
 1719.000;4.477538466e-01 
 1720.000;4.375661314e-01 
 1721.000;4.373881817e-01 
 1722.000;4.301657677e-01 
 1723.000;4.227733314e-01 
 1724.000;4.225087166e-01 
 1725.000;4.262281358e-01 
 1726.000;4.310885668e-01 
 1727.000;4.308580756e-01 
 1728.000;4.301707149e-01 
 1729.000;4.329163730e-01 
 1730.000;4.326604903e-01 
 1731.000;4.246670604e-01 
 1732.000;4.188634157e-01 
 1733.000;4.185803235e-01 
 1734.000;4.156778753e-01 
 1735.000;4.059623480e-01 
 1736.000;4.056593478e-01 
 1737.000;4.034808278e-01 
 1738.000;4.011114836e-01 
 1739.000;4.006429911e-01 
 1740.000;3.961024880e-01 
 1741.000;3.946312964e-01 
 1742.000;3.943866491e-01 
 1743.000;3.905201852e-01 
 1744.000;3.874251842e-01 
 1745.000;3.870754838e-01 
 1746.000;3.821111619e-01 
 1747.000;3.852072954e-01 
 1748.000;3.847217560e-01 
 1749.000;3.880861402e-01 
 1750.000;3.861638308e-01 
 1751.000;3.861508965e-01 
 1752.000;3.837014735e-01 
 1753.000;3.794954121e-01 
 1754.000;3.795092702e-01 
 1755.000;3.729310036e-01 
 1756.000;3.734083474e-01 
 1757.000;3.734147251e-01 
 1758.000;3.764398992e-01 
 1759.000;3.764641583e-01 
 1760.000;3.714856207e-01 
 1761.000;3.605821431e-01 
 1762.000;3.605943024e-01 
 1763.000;3.512259722e-01 
 1764.000;3.341307044e-01 
 1765.000;3.341259658e-01 
 1766.000;3.301258683e-01 
 1767.000;3.319087327e-01 
 1768.000;3.319230676e-01 
 1769.000;3.296281695e-01 
 1770.000;3.255039752e-01 
 1771.000;3.254946768e-01 
 1772.000;3.165587485e-01 
 1773.000;3.145691156e-01 
 1774.000;2.908518612e-01 
 1775.000;2.711033225e-01 
 1776.000;2.690555155e-01 
 1777.000;2.527512312e-01 
 1778.000;2.396151125e-01 
 1779.000;2.396142632e-01 
 1780.000;2.272822410e-01 
 1781.000;2.210494727e-01 
 1782.000;2.210247070e-01 
 1783.000;2.062622011e-01 
 1784.000;2.062632889e-01 
 1785.000;2.072625160e-01 
 1786.000;2.040201575e-01 
 1787.000;2.040286660e-01 
 1788.000;2.028796375e-01 
 1789.000;1.750412285e-01 
 1790.000;1.750529259e-01 
 1791.000;1.522640139e-01 
 1792.000;1.462752521e-01 
 1793.000;1.212933585e-01 
 1794.000;1.073209196e-01 
 1795.000;1.073238999e-01 
 1796.000;8.441273868e-02 
 1797.000;7.171230763e-02 
 1798.000;7.173317671e-02 
 1799.000;4.576895386e-02 
 1800.000;4.578162357e-02 
 1801.000;3.097060136e-02 
 1802.000;2.206285857e-02 
 1803.000;2.207432874e-02 
 1804.000;2.086214349e-02 
 1805.000;1.862975955e-02 
 1806.000;1.397304423e-02 
 1807.000;1.273294259e-02 
 1808.000;1.096963603e-02 
 1809.000;6.343414076e-03 
 1810.000;3.885096638e-03 
 1811.000;3.887919243e-03 
 1812.000;2.104413696e-03 
 1813.000;2.105850959e-03 
 1814.000;1.531671151e-03 
 1815.000;6.534415879e-04 
 1816.000;6.534761051e-04 
 1817.000;5.191090750e-04 
 1818.000;4.296858679e-04 
 1819.000;2.847747819e-04 
 1820.000;2.425681305e-04 
 1821.000;2.424395352e-04 
 1822.000;2.035089710e-04 
 1823.000;2.033233031e-04 
 1824.000;1.829848479e-04 
 1825.000;1.377804874e-04 
 1826.000;1.375126449e-04 
 1827.000;1.279354037e-04 
 1828.000;1.260622084e-04 
 1829.000;1.188055394e-04 
 1830.000;1.145468923e-04 
 1831.000;1.142914116e-04 
 1832.000;1.114849365e-04 
 1833.000;1.112376340e-04 
 1834.000;1.073348249e-04 
 1835.000;1.028594197e-04 
 1836.000;1.026310783e-04 
 1837.000;1.004638252e-04 
 1838.000;1.001525306e-04 
 1839.000;1.010912019e-04 
 1840.000;1.034565648e-04 
 1841.000;1.032199725e-04 
 1842.000;1.058032067e-04 
 1843.000;1.055749599e-04 
 1844.000;1.068435959e-04 
 1845.000;1.065170363e-04 
 1846.000;1.050157152e-04 
 1847.000;1.032520522e-04 
 1848.000;1.030214480e-04 
 1849.000;1.025015663e-04 
 1850.000;1.022793658e-04 
 1851.000;1.018354160e-04 
 1852.000;1.014871086e-04 
 1853.000;1.012453504e-04 
 1854.000;1.010488850e-04 
 1855.000;1.009160042e-04 
 1856.000;1.011256827e-04 
 1857.000;1.009150001e-04 
 1858.000;1.023974546e-04 
 1859.000;1.056676920e-04 
 1860.000;1.054477398e-04 
 1861.000;1.089667276e-04 
 1862.000;1.085975964e-04 
 1863.000;1.090461155e-04 
 1864.000;1.075680557e-04 
 1865.000;1.073425010e-04 
 1866.000;1.025308447e-04 
 1867.000;1.023066507e-04 
 1868.000;9.511934331e-05 
 1869.000;9.496795974e-05 
 1870.000;8.918371168e-05 
 1871.000;8.650950622e-05 
 1872.000;8.632050594e-05 
 1873.000;8.923839778e-05 
 1874.000;8.903897105e-05 
 1875.000;9.430995124e-05 
 1876.000;9.413177759e-05 
 1877.000;1.005704471e-04 
 1878.000;1.053877859e-04 
 1879.000;1.051653235e-04 
 1880.000;1.080723159e-04 
 1881.000;1.078432906e-04 
 1882.000;1.106352065e-04 
 1883.000;1.110664671e-04 
 1884.000;1.126077113e-04 
 1885.000;1.123845359e-04 
 1886.000;1.122894464e-04 
 1887.000;1.124452174e-04 
 1888.000;1.122192480e-04 
 1889.000;1.089834332e-04 
 1890.000;1.087538330e-04 
 1891.000;1.071398219e-04 
 1892.000;1.069214559e-04 
 1893.000;1.055526227e-04 
 1894.000;1.042149597e-04 
 1895.000;1.039986237e-04 
 1896.000;1.011017157e-04 
 1897.000;1.008903564e-04 
 1898.000;9.667288396e-05 
 1899.000;9.647296247e-05 
 1900.000;9.319015953e-05 
 1901.000;9.299447993e-05 
 1902.000;9.156556189e-05 
 1903.000;9.324296843e-05 
 1904.000;9.303443221e-05 
 1905.000;9.539468010e-05 
 1906.000;9.520518506e-05 
 1907.000;9.734651394e-05 
 1908.000;9.713789768e-05 
 1909.000;9.745332500e-05 
 1910.000;9.724977281e-05 
 1911.000;9.752970800e-05 
 1912.000;9.742760449e-05 
 1913.000;9.903329919e-05 
 1914.000;1.009773914e-04 
 1915.000;1.007709943e-04 
 1916.000;1.087640339e-04 
 1917.000;1.085569529e-04 
 1918.000;1.165915965e-04 
 1919.000;1.163904672e-04 
 1920.000;1.397852757e-04 
 1921.000;1.396218431e-04 
 1922.000;1.640763803e-04 
 1923.000;1.780341554e-04 
 1924.000;2.030324249e-04 
 1925.000;2.123893646e-04 
 1926.000;2.123161248e-04 
 1927.000;3.022235760e-04 
 1928.000;3.022193850e-04 
 1929.000;3.691769671e-04 
 1930.000;3.692937025e-04 
 1931.000;8.095956291e-04 
 1932.000;8.100194391e-04 
 1933.000;1.097741420e-03 
 1934.000;1.422071015e-03 
 1935.000;2.236447064e-03 
 1936.000;2.237738110e-03 
 1937.000;2.519753296e-03 
 1938.000;4.135809839e-03 
 1939.000;4.137883894e-03 
 1940.000;5.808312446e-03 
 1941.000;5.811177194e-03 
 1942.000;9.597633965e-03 
 1943.000;9.601110592e-03 
 1944.000;1.285322476e-02 
 1945.000;1.285805460e-02 
 1946.000;2.005709708e-02 
 1947.000;2.006307989e-02 
 1948.000;2.389176935e-02 
 1949.000;2.608997189e-02 
 1950.000;3.157462552e-02 
 1951.000;3.158143163e-02 
 1952.000;3.015134111e-02 
 1953.000;3.261533380e-02 
 1954.000;3.283828869e-02 
 1955.000;3.284279630e-02 
 1956.000;3.139792383e-02 
 1957.000;3.695918620e-02 
 1958.000;3.696103022e-02 
 1959.000;4.861258715e-02 
 1960.000;4.861763865e-02 
 1961.000;6.828450412e-02 
 1962.000;6.828864664e-02 
 1963.000;9.355305880e-02 
 1964.000;9.355877340e-02 
 1965.000;1.227636412e-01 
 1966.000;1.227912307e-01 
 1967.000;1.435871571e-01 
 1968.000;1.435915083e-01 
 1969.000;1.703412831e-01 
 1970.000;1.703548282e-01 
 1971.000;1.864034235e-01 
 1972.000;1.891319603e-01 
 1973.000;2.046340853e-01 
 1974.000;2.046344727e-01 
 1975.000;2.211375087e-01 
 1976.000;2.235785574e-01 
 1977.000;2.431186289e-01 
 1978.000;2.424768358e-01 
 1979.000;2.569520473e-01 
 1980.000;2.586242557e-01 
 1981.000;2.779520452e-01 
 1982.000;2.779555917e-01 
 1983.000;2.859356701e-01 
 1984.000;2.873540223e-01 
 1985.000;2.930561304e-01 
 1986.000;2.930524647e-01 
 1987.000;2.984482646e-01 
 1988.000;2.995426655e-01 
 1989.000;2.985728085e-01 
 1990.000;2.985583842e-01 
 1991.000;2.969299257e-01 
 1992.000;2.978065312e-01 
 1993.000;2.884199917e-01 
 1994.000;2.884178758e-01 
 1995.000;2.574909925e-01 
 1996.000;2.580721080e-01 
 1997.000;2.060552388e-01 
 1998.000;2.060502023e-01 
 1999.000;1.473672241e-01 
 2000.000;1.477224529e-01 
 2001.000;1.034611240e-01 
 2002.000;1.034591272e-01 
 2003.000;8.384687454e-02 
 2004.000;8.401083201e-02 
 2005.000;8.512029052e-02 
 2006.000;8.511846513e-02 
 2007.000;9.822785109e-02 
 2008.000;9.836582839e-02 
 2009.000;1.093494296e-01 
 2010.000;1.093469411e-01 
 2011.000;1.130482405e-01 
 2012.000;1.131917611e-01 
 2013.000;1.158378944e-01 
 2014.000;1.158350706e-01 
 2015.000;1.225017980e-01 
 2016.000;1.226453632e-01 
 2017.000;1.417147219e-01 
 2018.000;1.417110115e-01 
 2019.000;1.746509373e-01 
 2020.000;1.748241782e-01 
 2021.000;2.159550190e-01 
 2022.000;2.159484923e-01 
 2023.000;2.573804557e-01 
 2024.000;2.575381994e-01 
 2025.000;2.952338159e-01 
 2026.000;2.952236831e-01 
 2027.000;3.204728961e-01 
 2028.000;3.207066953e-01 
 2029.000;3.418055177e-01 
 2030.000;3.418048918e-01 
 2031.000;3.570567667e-01 
 2032.000;3.570316732e-01 
 2033.000;3.676197231e-01 
 2034.000;3.676088750e-01 
 2035.000;3.744696975e-01 
 2036.000;3.744597733e-01 
 2037.000;3.737097979e-01 
 2038.000;3.737010956e-01 
 2039.000;3.714051247e-01 
 2040.000;3.715686500e-01 
 2041.000;3.675616384e-01 
 2042.000;3.675520122e-01 
 2043.000;3.589705229e-01 
 2044.000;3.589607179e-01 
 2045.000;3.441889584e-01 
 2046.000;3.443947434e-01 
 2047.000;3.441379368e-01 
 2048.000;3.152864873e-01 
 2049.000;3.153364360e-01 
 2050.000;2.807003260e-01 
 2051.000;2.806984484e-01 
 2052.000;2.581967413e-01 
 2053.000;2.582292557e-01 
 2054.000;2.511744499e-01 
 2055.000;2.511715889e-01 
 2056.000;2.572424114e-01 
 2057.000;2.572354078e-01 
 2058.000;2.692858875e-01 
 2059.000;2.692740262e-01 
 2060.000;2.738798261e-01 
 2061.000;2.738763392e-01 
 2062.000;2.734880745e-01 
 2063.000;2.734755278e-01 
 2064.000;2.743520439e-01 
 2065.000;2.743324935e-01 
 2066.000;2.743470073e-01 
 2067.000;2.796849012e-01 
 2068.000;2.796809375e-01 
 2069.000;2.894013226e-01 
 2070.000;2.894220948e-01 
 2071.000;3.132331967e-01 
 2072.000;3.132252991e-01 
 2073.000;3.369987011e-01 
 2074.000;3.369922936e-01 
 2075.000;3.551275730e-01 
 2076.000;3.551050723e-01 
 2077.000;3.693028688e-01 
 2078.000;3.692225516e-01 
 2079.000;3.692178130e-01 
 2080.000;3.781578839e-01 
 2081.000;3.781520426e-01 
 2082.000;3.830443919e-01 
 2083.000;3.830522299e-01 
 2084.000;3.885117173e-01 
 2085.000;3.885046542e-01 
 2086.000;3.940439522e-01 
 2087.000;3.940337300e-01 
 2088.000;3.996977806e-01 
 2089.000;3.996902704e-01 
 2090.000;4.046483636e-01 
 2091.000;4.046363533e-01 
 2092.000;4.046373963e-01 
 2093.000;4.061813354e-01 
 2094.000;4.061703980e-01 
 2095.000;4.072959125e-01 
 2096.000;4.073049128e-01 
 2097.000;4.066798985e-01 
 2098.000;4.066677988e-01 
 2099.000;4.109619558e-01 
 2100.000;4.109519422e-01 
 2101.000;4.193449616e-01 
 2102.000;4.193356335e-01 
 2103.000;4.193435311e-01 
 2104.000;4.246845245e-01 
 2105.000;4.246784747e-01 
 2106.000;4.306628704e-01 
 2107.000;4.306657016e-01 
 2108.000;4.318839908e-01 
 2109.000;4.318704605e-01 
 2110.000;4.290539324e-01 
 2111.000;4.290459752e-01 
 2112.000;4.278325140e-01 
 2113.000;4.278252125e-01 
 2114.000;4.278493524e-01 
 2115.000;4.260857701e-01 
 2116.000;4.260718524e-01 
 2117.000;4.256463647e-01 
 2118.000;4.256240427e-01 
 2119.000;4.289065599e-01 
 2120.000;4.289017022e-01 
 2121.000;4.340757132e-01 
 2122.000;4.340680838e-01 
 2123.000;4.340607524e-01 
 2124.000;4.401709139e-01 
 2125.000;4.401703179e-01 
 2126.000;4.478356540e-01 
 2127.000;4.478119016e-01 
 2128.000;4.555518329e-01 
 2129.000;4.555328786e-01 
 2130.000;4.601111412e-01 
 2131.000;4.601102471e-01 
 2132.000;4.601063430e-01 
 2133.000;4.635896087e-01 
 2134.000;4.636116326e-01 
 2135.000;4.656488597e-01 
 2136.000;4.656472802e-01 
 2137.000;4.663994014e-01 
 2138.000;4.664071798e-01 
 2139.000;4.663782120e-01 
 2140.000;4.666765034e-01 
 2141.000;4.666648507e-01 
 2142.000;4.628891349e-01 
 2143.000;4.628867507e-01 
 2144.000;4.533708096e-01 
 2145.000;4.533596337e-01 
 2146.000;4.400994182e-01 
 2147.000;4.400902092e-01 
 2148.000;4.400818944e-01 
 2149.000;4.262715280e-01 
 2150.000;4.262583554e-01 
 2151.000;4.164586663e-01 
 2152.000;4.164413810e-01 
 2153.000;4.158163667e-01 
 2154.000;4.158001542e-01 
 2155.000;4.157409072e-01 
 2156.000;4.178995788e-01 
 2157.000;4.178845882e-01 
 2158.000;4.193150699e-01 
 2159.000;4.192974865e-01 
 2160.000;4.208953977e-01 
 2161.000;4.208828211e-01 
 2162.000;4.208765328e-01 
 2163.000;4.234065711e-01 
 2164.000;4.233953357e-01 
 2165.000;4.256156683e-01 
 2166.000;4.256079495e-01 
 2167.000;4.283098876e-01 
 2168.000;4.282910526e-01 
 2169.000;4.282480180e-01 
 2170.000;4.309539497e-01 
 2171.000;4.309492409e-01 
 2172.000;4.295728207e-01 
 2173.000;4.295592904e-01 
 2174.000;4.265429974e-01 
 2175.000;4.265387058e-01 
 2176.000;4.265222251e-01 
 2177.000;4.234561920e-01 
 2178.000;4.234580398e-01 
 2179.000;4.174380898e-01 
 2180.000;4.174229205e-01 
 2181.000;4.174200296e-01 
 2182.000;4.118174911e-01 
 2183.000;4.117873609e-01 
 2184.000;4.135798216e-01 
 2185.000;4.135756195e-01 
 2186.000;4.172249138e-01 
 2187.000;4.172241390e-01 
 2188.000;4.171833098e-01 
 2189.000;4.210334718e-01 
 2190.000;4.210498929e-01 
 2191.000;4.206396043e-01 
 2192.000;4.206345975e-01 
 2193.000;4.128299356e-01 
 2194.000;4.128172398e-01 
 2195.000;4.128005803e-01 
 2196.000;4.038423896e-01 
 2197.000;4.038335681e-01 
 2198.000;3.991308808e-01 
 2199.000;3.991203010e-01 
 2200.000;3.991158009e-01 
 2201.000;4.036991298e-01 
 2202.000;4.036925733e-01 
 2203.000;4.138776362e-01 
 2204.000;4.138659239e-01 
 2205.000;4.138620198e-01 
 2206.000;4.266991615e-01 
 2207.000;4.266980886e-01 
 2208.000;4.385784864e-01 
 2209.000;4.385788441e-01 
 2210.000;4.447917640e-01 
 2211.000;4.447858632e-01 
 2212.000;4.448109269e-01 
 2213.000;4.463899136e-01 
 2214.000;4.463869631e-01 
 2215.000;4.468592405e-01 
 2216.000;4.468515515e-01 
 2217.000;4.468641877e-01 
 2218.000;4.463808239e-01 
 2219.000;4.463435411e-01 
 2220.000;4.466269314e-01 
 2221.000;4.466162026e-01 
 2222.000;4.466318190e-01 
 2223.000;4.479463995e-01 
 2224.000;4.479360580e-01 
 2225.000;4.483041763e-01 
 2226.000;4.482962489e-01 
 2227.000;4.482838213e-01 
 2228.000;4.479633868e-01 
 2229.000;4.479611814e-01 
 2230.000;4.461049139e-01 
 2231.000;4.460991919e-01 
 2232.000;4.460734427e-01 
 2233.000;4.441837966e-01 
 2234.000;4.441780448e-01 
 2235.000;4.416457713e-01 
 2236.000;4.416390061e-01 
 2237.000;4.416035116e-01 
 2238.000;4.391397536e-01 
 2239.000;4.391340613e-01 
 2240.000;4.374555945e-01 
 2241.000;4.374468327e-01 
 2242.000;4.374096692e-01 
 2243.000;4.356929064e-01 
 2244.000;4.356871247e-01 
 2245.000;4.344023466e-01 
 2246.000;4.343922734e-01 
 2247.000;4.343351722e-01 
 2248.000;4.332062304e-01 
 2249.000;4.331962466e-01 
 2250.000;4.309650362e-01 
 2251.000;4.309508801e-01 
 2252.000;4.308857024e-01 
 2253.000;4.268300533e-01 
 2254.000;4.268217087e-01 
 2255.000;4.237202406e-01 
 2256.000;4.237227440e-01 
 2257.000;4.236399829e-01 
 2258.000;4.203006029e-01 
 2259.000;4.202720225e-01 
 2260.000;4.175204039e-01 
 2261.000;4.174953401e-01 
 2262.000;4.174256921e-01 
 2263.000;4.173963368e-01 
 2264.000;4.172769785e-01 
 2265.000;4.172820151e-01 
 2266.000;4.160908461e-01 
 2267.000;4.160959423e-01 
 2268.000;4.161038697e-01 
 2269.000;4.146504402e-01 
 2270.000;4.161069393e-01 
 2271.000;4.179905653e-01 
 2272.000;4.180038571e-01 
 2273.000;4.173653424e-01 
 2274.000;4.173828661e-01 
 2275.000;4.173394442e-01 
 2276.000;4.185869694e-01 
 2277.000;4.185715318e-01 
 2278.000;4.183955491e-01 
 2279.000;4.183900952e-01 
 2280.000;4.183787107e-01 
 2281.000;4.152144492e-01 
 2282.000;4.152003825e-01 
 2283.000;4.150783420e-01 
 2284.000;4.126569331e-01 
 2285.000;4.126532674e-01 
 2286.000;4.072251618e-01 
 2287.000;4.072179794e-01 
 2288.000;4.070944488e-01 
 2289.000;3.995484412e-01 
 2290.000;3.996651769e-01 
 2291.000;3.946010172e-01 
 2292.000;3.940181136e-01 
 2293.000;3.940460980e-01 
 2294.000;3.880835474e-01 
 2295.000;3.880792260e-01 
 2296.000;3.880648315e-01 
 2297.000;3.880521655e-01 
 2298.000;3.880659342e-01 
 2299.000;3.894398212e-01 
 2300.000;3.894318044e-01 
 2301.000;3.894248605e-01 
 2302.000;3.949997425e-01 
 2303.000;3.949895501e-01 
 2304.000;3.948107660e-01 
 2305.000;4.025455713e-01 
 2306.000;4.025383294e-01 
 2307.000;4.043007195e-01 
 2308.000;4.042922258e-01 
 2309.000;4.040786922e-01 
 2310.000;3.998385370e-01 
 2311.000;3.998339474e-01 
 2312.000;3.998337686e-01 
 2313.000;3.881936073e-01 
 2314.000;3.881736994e-01 
 2315.000;3.742682040e-01 
 2316.000;3.743197024e-01 
 2317.000;3.743263483e-01 
 2318.000;4.026989639e-01 
 2319.000;4.026847482e-01 
 2320.000;3.709773123e-01 
 2321.000;3.711404502e-01 
 2322.000;3.711364269e-01 
 2323.000;3.788349628e-01 
 2324.000;3.788398504e-01 
 2325.000;3.788298965e-01 
 2326.000;3.850961924e-01 
 2327.000;3.850865662e-01 
 2328.000;3.850871921e-01 
 2329.000;3.828622997e-01 
 2330.000;3.828550875e-01 
 2331.000;3.825127184e-01 
 2332.000;3.743586838e-01 
 2333.000;3.703984022e-01 
 2334.000;3.624896407e-01 
 2335.000;3.624881804e-01 
 2336.000;3.620936871e-01 
 2337.000;3.481428027e-01 
 2338.000;3.481524289e-01 
 2339.000;3.481427431e-01 
 2340.000;3.378431499e-01 
 2341.000;3.378430307e-01 
 2342.000;3.294329643e-01 
 2343.000;3.294310272e-01 
 2344.000;3.294322789e-01 
 2345.000;3.240249455e-01 
 2346.000;3.239119649e-01 
 2347.000;3.235205412e-01 
 2348.000;3.207877278e-01 
 2349.000;3.207927942e-01 
 2350.000;3.207869530e-01 
 2351.000;3.242487609e-01 
 2352.000;3.242442906e-01 
 2353.000;3.306899667e-01 
 2354.000;3.306881487e-01 
 2355.000;3.306872845e-01 
 2356.000;3.382641375e-01 
 2357.000;3.382365704e-01 
 2358.000;3.376095891e-01 
 2359.000;3.390313685e-01 
 2360.000;3.390468359e-01 
 2361.000;3.386622667e-01 
 2362.000;3.300999105e-01 
 2363.000;3.301026821e-01 
 2364.000;3.293039799e-01 
 2365.000;3.153853118e-01 
 2366.000;3.153845966e-01 
 2367.000;2.950096130e-01 
 2368.000;2.950173914e-01 
 2369.000;2.950150967e-01 
 2370.000;2.836840451e-01 
 2371.000;2.836851776e-01 
 2372.000;2.836862504e-01 
 2373.000;2.826176584e-01 
 2374.000;2.826173306e-01 
 2375.000;2.817809880e-01 
 2376.000;2.734255195e-01 
 2377.000;2.734256387e-01 
 2378.000;2.734492421e-01 
 2379.000;2.753517628e-01 
 2380.000;2.753410339e-01 
 2381.000;2.665510774e-01 
 2382.000;2.665525377e-01 
 2383.000;2.665531337e-01 
 2384.000;2.667888403e-01 
 2385.000;2.667930424e-01 
 2386.000;2.667922080e-01 
 2387.000;2.729480863e-01 
 2388.000;2.729462683e-01 
 2389.000;2.729497254e-01 
 2390.000;2.794130445e-01 
 2391.000;2.794266343e-01 
 2392.000;2.780198455e-01 
 2393.000;2.846773863e-01 
 2394.000;2.846806347e-01 
 2395.000;2.846844494e-01 
 2396.000;2.834751904e-01 
 2397.000;2.834785581e-01 
 2398.000;2.817827463e-01 
 2399.000;2.757525742e-01 
 2400.000;2.757610083e-01 
 2401.000;2.641808689e-01 
 2402.000;2.641838789e-01 
 2403.000;2.641911805e-01 
 2404.000;2.414292246e-01 
 2405.000;2.414344549e-01 
 2406.000;2.414415628e-01 
 2407.000;2.224018574e-01 
 2408.000;2.224086672e-01 
 2409.000;2.224146128e-01 
 2410.000;2.008406669e-01 
 2411.000;2.008484006e-01 
 2412.000;2.008542567e-01 
 2413.000;1.881619692e-01 
 2414.000;1.881730705e-01 
 2415.000;1.866991222e-01 
 2416.000;1.877138615e-01 
 2417.000;1.877250820e-01 
 2418.000;1.877312064e-01 
 2419.000;2.086749822e-01 
 2420.000;2.086827606e-01 
 2421.000;2.058934718e-01 
 2422.000;2.223511338e-01 
 2423.000;2.223468125e-01 
 2424.000;2.223546654e-01 
 2425.000;2.310834080e-01 
 2426.000;2.310943007e-01 
 2427.000;2.289062440e-01 
 2428.000;2.267513275e-01 
 2429.000;2.267438769e-01 
 2430.000;2.267600894e-01 
 2431.000;2.155975252e-01 
 2432.000;2.156243175e-01 
 2433.000;2.125455439e-01 
 2434.000;1.991285235e-01 
 2435.000;1.991374344e-01 
 2436.000;1.991415322e-01 
 2437.000;1.994678229e-01 
 2438.000;1.994669139e-01 
 2439.000;1.973533034e-01 
 2440.000;1.801239550e-01 
 2441.000;1.801485270e-01 
 2442.000;1.801579893e-01 
 2443.000;1.552733183e-01 
 2444.000;1.552920789e-01 
 2445.000;1.355763972e-01 
 2446.000;1.355717033e-01 
 2447.000;1.356002241e-01 
 2448.000;1.298758835e-01 
 2449.000;1.298902035e-01 
 2450.000;1.299025416e-01 
 2451.000;1.329302043e-01 
 2452.000;1.329345703e-01 
 2453.000;1.329612285e-01 
 2454.000;1.558177918e-01 
 2455.000;1.558240056e-01 
 2456.000;1.558422893e-01 
 2457.000;1.519113630e-01 
 2458.000;1.593776345e-01 
 2459.000;1.594053507e-01 
 2460.000;1.594221294e-01 
 2461.000;1.478476673e-01 
 2462.000;1.478419453e-01 
 2463.000;1.443185359e-01 
 2464.000;1.278986782e-01 
 2465.000;1.279142350e-01 
 2466.000;1.279350519e-01 
 2467.000;1.097381637e-01 
 2468.000;1.097539887e-01 
 2469.000;1.058370695e-01 
 2470.000;8.371818811e-02 
 2471.000;8.373969048e-02 
 2472.000;8.375454694e-02 
 2473.000;7.661268115e-02 
 2474.000;7.662767917e-02 
 2475.000;7.328373939e-02 
 2476.000;5.582873523e-02 
 2477.000;5.584180355e-02 
 2478.000;5.585027486e-02 
 2479.000;4.144493863e-02 
 2480.000;4.145677388e-02 
 2481.000;3.906247020e-02 
 2482.000;2.644319460e-02 
 2483.000;2.645221539e-02 
 2484.000;2.645969763e-02 
 2485.000;1.879140548e-02 
 2486.000;1.879659109e-02 
 2487.000;1.734876633e-02 
 2488.000;1.515304483e-02 
 2489.000;1.515648887e-02 
 2490.000;1.516445912e-02 
 2491.000;1.598376967e-02 
 2492.000;1.598770358e-02 
 2493.000;1.599197648e-02 
 2494.000;1.518291887e-02 
 2495.000;1.518968027e-02 
 2496.000;1.519692503e-02 
 2497.000;1.749809459e-02 
 2498.000;1.750532538e-02 
 2499.000;1.751457900e-02 
 2500.000;1.496007480e-02 
 2501.000;1.074794400e-02 
 2502.000;1.075480692e-02 
 2503.000;1.076074876e-02 
 2504.000;8.771753870e-03 
 2505.000;8.777535520e-03 
 2506.000;7.090931758e-03 
 2507.000;3.234943142e-03 
 2508.000;3.237503348e-03 
 2509.000;3.240017453e-03 
 2510.000;1.889632200e-03 
 2511.000;1.890808227e-03 
 2512.000;1.334935077e-03 
 2513.000;4.937501508e-04 
 2514.000;4.942166852e-04 
 2515.000;4.946937552e-04 
 2516.000;3.498657607e-04 
 2517.000;3.501670144e-04 
 2518.000;3.504836059e-04 
 2519.000;9.323184349e-05 
 2520.000;9.327332373e-05 
 2521.000;9.330754983e-05 
 2522.000;9.333658818e-05 
 2523.000;5.938584218e-05 
 2524.000;5.921792763e-05 
 2525.000;4.793527114e-05 
 2526.000;3.629976345e-05 
 2527.000;3.624520104e-05 
 2528.000;3.619819472e-05 
 2529.000;3.369778642e-05 
 2530.000;3.413154991e-05 
 2531.000;3.377234680e-05 
 2532.000;3.186096365e-05 
 2533.000;3.181056309e-05 
 2534.000;3.176220343e-05 
 2535.000;3.105520591e-05 
 2536.000;3.100591493e-05 
 2537.000;3.095868306e-05 
 2538.000;3.070484308e-05 
 2539.000;2.958035657e-05 
 2540.000;2.953331204e-05 
 2541.000;2.948774818e-05 
 2542.000;2.874460915e-05 
 2543.000;2.870012031e-05 
 2544.000;2.844113442e-05 
 2545.000;2.807340934e-05 
 2546.000;2.802949530e-05 
 2547.000;2.798652349e-05 
 2548.000;2.794727152e-05 
 2549.000;2.790352482e-05 
 2550.000;2.786002005e-05 
 2551.000;2.763040720e-05 
 2552.000;2.744386802e-05 
 2553.000;2.740263881e-05 
 2554.000;2.735929957e-05 
 2555.000;2.709180080e-05 
 2556.000;2.705147199e-05 
 2557.000;2.682470222e-05 
 2558.000;2.542008951e-05 
 2559.000;2.538073932e-05 
 2560.000;2.534157466e-05 
 2561.000;2.402724022e-05 
 2562.000;2.398967445e-05 
 2563.000;2.395261981e-05 
 2564.000;2.381326340e-05 
 2565.000;2.271380436e-05 
 2566.000;2.267881973e-05 
 2567.000;2.264372597e-05 
 2568.000;2.187770588e-05 
 2569.000;2.184399273e-05 
 2570.000;2.181052514e-05 
 2571.000;2.139432399e-05 
 2572.000;2.136150579e-05 
 2573.000;2.132847840e-05 
 2574.000;2.129513086e-05 
 2575.000;2.096493517e-05 
 2576.000;2.093256262e-05 
 2577.000;2.082762330e-05 
 2578.000;2.031555050e-05 
 2579.000;2.028442395e-05 
 2580.000;2.025334106e-05 
 2581.000;1.965545925e-05 
 2582.000;1.962516035e-05 
 2583.000;1.959488691e-05 
 2584.000;1.913127562e-05 
 2585.000;1.910172432e-05 
 2586.000;1.907249498e-05 
 2587.000;1.904306737e-05 
 2588.000;1.889701525e-05 
 2589.000;1.886801692e-05 
 2590.000;1.883904952e-05 
 2591.000;1.853464164e-05 
 2592.000;1.850613990e-05 
 2593.000;1.847776548e-05 
 2594.000;1.844945655e-05 
 2595.000;1.842784150e-05 
 2596.000;1.839953984e-05 
 2597.000;1.836042429e-05 
 2598.000;1.827306551e-05 
 2599.000;1.824505853e-05 
 2600.000;1.821720798e-05 
 2601.000;1.779396553e-05 
 2602.000;1.776681711e-05 
 2603.000;1.773949589e-05 
 2604.000;1.770296876e-05 
 2605.000;1.745652298e-05 
 2606.000;1.743000030e-05 
 2607.000;1.740323387e-05 
 2608.000;1.727488416e-05 
 2609.000;1.724864160e-05 
 2610.000;1.722227171e-05 
 2611.000;1.728466486e-05 
 2612.000;1.725827315e-05 
 2613.000;1.723196692e-05 
 2614.000;1.720554064e-05 
 2615.000;1.740511834e-05 
 2616.000;1.737858474e-05 
 2617.000;1.735220576e-05 
 2618.000;1.760234409e-05 
 2619.000;1.757548307e-05 
 2620.000;1.754880759e-05 
 2621.000;1.752211392e-05 
 2622.000;1.782053732e-05 
 2623.000;1.779348531e-05 
 2624.000;1.778385013e-05 
 2625.000;1.834021168e-05 
 2626.000;1.831238660e-05 
 2627.000;1.828466338e-05 
 2628.000;1.825710569e-05 
 2629.000;1.909220555e-05 
 2630.000;1.906344733e-05 
 2631.000;1.906045145e-05 
 2632.000;1.999638334e-05 
 2633.000;1.996611718e-05 
 2634.000;1.993618571e-05 
 2635.000;1.990620149e-05 
 2636.000;2.073906762e-05 
 2637.000;2.070765731e-05 
 2638.000;2.068934373e-05 
 2639.000;2.080878039e-05 
 2640.000;2.077772297e-05 
 2641.000;2.074679651e-05 
 2642.000;2.071571544e-05 
 2643.000;2.057556594e-05 
 2644.000;2.054489596e-05 
 2645.000;2.049205614e-05 
 2646.000;2.008965748e-05 
 2647.000;2.005963870e-05 
 2648.000;2.002975089e-05 
 2649.000;1.999983215e-05 
 2650.000;1.903068369e-05 
 2651.000;1.900236202e-05 
 2652.000;1.894545312e-05 
 2653.000;1.800938844e-05 
 2654.000;1.798245466e-05 
 2655.000;1.795557546e-05 
 2656.000;1.792870717e-05 
 2657.000;1.677672299e-05 
 2658.000;1.675155909e-05 
 2659.000;1.672142389e-05 
 2660.000;1.589230669e-05 
 2661.000;1.586854341e-05 
 2662.000;1.584475467e-05 
 2663.000;1.403867736e-05 
 2664.000;1.205330955e-05 
 2665.000;1.203525244e-05 
 2666.000;1.201577925e-05 
 2667.000;9.771872101e-06 
 2668.000;9.757236512e-06 
 2669.000;9.742630937e-06 
 2670.000;9.728050827e-06 
 2671.000;7.393909527e-06 
 2672.000;7.382846434e-06 
 2673.000;7.371801985e-06 
 2674.000;5.637916729e-06 
 2675.000;5.629487532e-06 
 2676.000;5.621074251e-06 
 2677.000;5.612678251e-06 
 2678.000;4.854105555e-06 
 2679.000;4.846860975e-06 
 2680.000;4.839625490e-06 
 2681.000;4.726379302e-06 
 2682.000;4.719331173e-06 
 2683.000;4.712298050e-06 
 2684.000;4.705273113e-06 
 2685.000;4.981253824e-06 
 2686.000;4.973835075e-06 
 2687.000;4.966432243e-06 
 2688.000;4.959236776e-06 
 2689.000;5.334336493e-06 
 2690.000;5.326406153e-06 
 2691.000;5.318490366e-06 
 2692.000;5.470917131e-06 
 2693.000;5.462794888e-06 
 2694.000;5.454684015e-06 
 2695.000;5.447056537e-06 
 2696.000;5.565442734e-06 
 2697.000;5.557189979e-06 
 2698.000;5.548954050e-06 
 2699.000;5.540730399e-06 
 2700.000;5.834869171e-06 
 2701.000;5.826232609e-06 
 2702.000;5.817750207e-06 
 2703.000;6.452908565e-06 
 2704.000;6.443369330e-06 
 2705.000;6.433848739e-06 
 2706.000;6.424343610e-06 
 2707.000;7.547283985e-06 
 2708.000;7.536145858e-06 
 2709.000;7.525033652e-06 
 2710.000;7.514395747e-06 
 2711.000;8.939538930e-06 
 2712.000;8.926372175e-06 
 2713.000;8.913235433e-06 
 2714.000;1.037436323e-05 
 2715.000;1.035919104e-05 
 2716.000;1.034395882e-05 
 2717.000;1.032936598e-05 
 2718.000;1.170504402e-05 
 2719.000;1.168787549e-05 
 2720.000;1.167074788e-05 
 2721.000;1.165364756e-05 
 2722.000;1.288405656e-05 
 2723.000;1.286521274e-05 
 2724.000;1.284641348e-05 
 2725.000;1.367702407e-05 
 2726.000;1.365706885e-05 
 2727.000;1.363715728e-05 
 2728.000;1.361728118e-05 
 2729.000;1.378710294e-05 
 2730.000;1.376701584e-05 
 2731.000;1.374698149e-05 
 2732.000;1.373299892e-05 
 2733.000;1.330145369e-05 
 2734.000;1.328210328e-05 
 2735.000;1.326278652e-05 
 2736.000;1.232602153e-05 
 2737.000;1.230809812e-05 
 2738.000;1.229020017e-05 
 2739.000;1.227569101e-05 
 2740.000;1.085957865e-05 
 2741.000;1.084379164e-05 
 2742.000;1.082801828e-05 
 2743.000;1.081228129e-05 
 2744.000;9.068361578e-06 
 2745.000;9.055180271e-06 
 2746.000;9.042017155e-06 
 2747.000;9.034620234e-06 
 2748.000;7.271194590e-06 
 2749.000;7.260625353e-06 
 2750.000;7.250076123e-06 
 2751.000;7.239547358e-06 
 2752.000;6.090660463e-06 
 2753.000;6.081815172e-06 
 2754.000;6.072986707e-06 
 2755.000;5.666209745e-06 
 2756.000;5.657988822e-06 
 2757.000;5.649781542e-06 
 2758.000;5.641588814e-06 
 2759.000;5.716323358e-06 
 2760.000;5.708041044e-06 
 2761.000;5.699774192e-06 
 2762.000;5.692367722e-06 
 2763.000;6.001971542e-06 
 2764.000;5.993288141e-06 
 2765.000;5.984621566e-06 
 2766.000;5.975969088e-06 
 2767.000;6.108744856e-06 
 2768.000;6.099920029e-06 
 2769.000;6.091112027e-06 
 2770.000;6.083380413e-06 
 2771.000;5.968119694e-06 
 2772.000;5.959510418e-06 
 2773.000;5.950918421e-06 
 2774.000;5.872799193e-06 
 2775.000;5.864336345e-06 
 2776.000;5.855888958e-06 
 2777.000;5.847458851e-06 
 2778.000;6.037327694e-06 
 2779.000;6.028644293e-06 
 2780.000;6.019970897e-06 
 2781.000;6.011314781e-06 
 2782.000;6.637544629e-06 
 2783.000;6.628009942e-06 
 2784.000;6.618493899e-06 
 2785.000;6.610911441e-06 
 2786.000;7.650677617e-06 
 2787.000;7.639707292e-06 
 2788.000;7.628759704e-06 
 2789.000;7.617825304e-06 
 2790.000;8.769347005e-06 
 2791.000;8.756800526e-06 
 2792.000;8.744280422e-06 
 2793.000;8.739212717e-06 
 2794.000;9.767846677e-06 
 2795.000;9.753888662e-06 
 2796.000;9.739967027e-06 
 2797.000;9.726059943e-06 
 2798.000;1.061586499e-05 
 2799.000;1.060073555e-05 
 2800.000;1.058562430e-05 
 2801.000;1.058186717e-05 
 2802.000;1.135980256e-05 
 2803.000;1.134363356e-05 
 2804.000;1.132749276e-05 
 2805.000;1.131138652e-05 
 2806.000;1.212313236e-05 
 2807.000;1.210591836e-05 
 2808.000;1.208872345e-05 
 2809.000;1.304326179e-05 
 2810.000;1.302476812e-05 
 2811.000;1.300629265e-05 
 2812.000;1.298785901e-05 
 2813.000;1.397044252e-05 
 2814.000;1.395067920e-05 
 2815.000;1.393094317e-05 
 2816.000;1.391125352e-05 
 2817.000;1.502730356e-05 
 2818.000;1.500608778e-05 
 2819.000;1.498490747e-05 
 2820.000;1.496377263e-05 
 2821.000;1.598816743e-05 
 2822.000;1.596566290e-05 
 2823.000;1.594320202e-05 
 2824.000;1.592078297e-05 
 2825.000;1.685305324e-05 
 2826.000;1.682943184e-05 
 2827.000;1.680585774e-05 
 2828.000;1.678230910e-05 
 2829.000;1.735776277e-05 
 2830.000;1.733350473e-05 
 2831.000;1.730927761e-05 
 2832.000;1.728511052e-05 
 2833.000;1.783760308e-05 
 2834.000;1.781296669e-05 
 2835.000;1.778837395e-05 
 2836.000;1.776382487e-05 
 2837.000;1.802886800e-05 
 2838.000;1.800409154e-05 
 2839.000;1.797938421e-05 
 2840.000;1.795471508e-05 
 2841.000;1.871275344e-05 
 2842.000;1.868814070e-05 
 2843.000;1.866356615e-05 
 2844.000;1.863904072e-05 
 2845.000;1.895861169e-05 
 2846.000;1.893400440e-05 
 2847.000;1.890942985e-05 
 2848.000;1.888492989e-05 
 2849.000;1.924810931e-05 
 2850.000;2.154686808e-05 
 2851.000;2.152400339e-05 
 2852.000;2.150114233e-05 
 2853.000;2.147832311e-05 
 2854.000;2.545375355e-05 
 2855.000;2.543434675e-05 
 2856.000;2.541501453e-05 
 2857.000;2.758346636e-05 
 2858.000;4.639811596e-05 
 2859.000;4.639583858e-05 
 2860.000;4.639365943e-05 
 2861.000;4.639144026e-05 
 2862.000;8.859892114e-05 
 2863.000;8.863487164e-05 
 2864.000;8.867064753e-05 
 2865.000;1.122290778e-04 
 2866.000;2.081609855e-04 
 2867.000;2.082759602e-04 
 2868.000;2.083908475e-04 
 2869.000;2.085059823e-04 
 2870.000;3.445770708e-04 
 2871.000;3.447947674e-04 
 2872.000;3.450127551e-04 
 2873.000;4.116812488e-04 
 2874.000;7.204337162e-04 
 2875.000;7.208521711e-04 
 2876.000;7.212705095e-04 
 2877.000;7.216886734e-04 
 2878.000;1.144673908e-03 
 2879.000;1.145361806e-03 
 2880.000;1.146049239e-03 
 2881.000;1.146739814e-03 
 2882.000;2.426091349e-03 
 2883.000;2.427350963e-03 
 2884.000;2.428622684e-03 
 2885.000;2.429873915e-03 
 2886.000;2.431144472e-03 
 2887.000;2.891292330e-03 
 2888.000;2.892791992e-03 
 2889.000;2.894302132e-03 
 2890.000;3.298694035e-03 
 2891.000;4.181817640e-03 
 2892.000;4.183683079e-03 
 2893.000;4.185535014e-03 
 2894.000;4.187396262e-03 
 2895.000;4.139568657e-03 
 2896.000;4.141373094e-03 
 2897.000;4.143238533e-03 
 2898.000;4.584273789e-03 
 2899.000;4.376877099e-03 
 2900.000;4.378767684e-03 
 2901.000;4.380392842e-03 
 2902.000;4.382173531e-03 
 2903.000;5.653378088e-03 
 2904.000;5.655377638e-03 
 2905.000;5.657589529e-03 
 2906.000;5.660134368e-03 
 2907.000;7.723153103e-03 
 2908.000;7.725529838e-03 
 2909.000;7.727945689e-03 
 2910.000;7.730730344e-03 
 2911.000;7.733236067e-03 
 2912.000;9.612628259e-03 
 2913.000;9.616373107e-03 
 2914.000;9.619307704e-03 
 2915.000;1.018488687e-02 
 2916.000;1.548020262e-02 
 2917.000;1.548519824e-02 
 2918.000;1.549030375e-02 
 2919.000;1.549459808e-02 
 2920.000;1.873731762e-01 
 2921.000;1.874287724e-01 
 2922.000;1.874878407e-01 
 2923.000;1.875485182e-01 
 2924.000;3.348656371e-02 
 2925.000;3.349531069e-02 
 2926.000;3.350433335e-02 
 2927.000;3.351343051e-02 
 2928.000;3.352263197e-02 
 2929.000;3.804191947e-02 
 2930.000;3.805257380e-02 
 2931.000;3.806539997e-02 
 2932.000;4.095127061e-02 
 2933.000;4.148984328e-02 
 2934.000;4.149913415e-02 
 2935.000;4.150850326e-02 
 2936.000;4.151879996e-02 
 2937.000;3.659258783e-02 
 2938.000;3.659987450e-02 
 2939.000;3.661032394e-02 
 2940.000;3.661928698e-02 
 2941.000;3.833153099e-02 
 2942.000;3.377669677e-02 
 2943.000;3.378342465e-02 
 2944.000;3.379010037e-02 
 2945.000;3.379669040e-02 
 2946.000;3.501208499e-02 
 2947.000;3.501943499e-02 
 2948.000;3.502654657e-02 
 2949.000;3.630936518e-02 
 2950.000;4.047436267e-02 
 2951.000;4.048185423e-02 
 2952.000;4.048947617e-02 
 2953.000;4.049707949e-02 
 2954.000;4.050486162e-02 
 2955.000;4.301196337e-02 
 2956.000;4.302057624e-02 
 2957.000;4.302838817e-02 
 2958.000;4.417898878e-02 
 2959.000;4.070235416e-02 
 2960.000;4.071071744e-02 
 2961.000;4.071649909e-02 
 2962.000;4.072459787e-02 
 2963.000;2.784808911e-02 
 2964.000;2.785246260e-02 
 2965.000;2.785683051e-02 
 2966.000;2.786096931e-02 
 2967.000;2.850549296e-02 
 2968.000;2.036014199e-02 
 2969.000;2.036319114e-02 
 2970.000;2.036616020e-02 
 2971.000;2.036909200e-02 
 2972.000;2.372791991e-02 
 2973.000;2.373103239e-02 
 2974.000;2.373461984e-02 
 2975.000;2.373818494e-02 
 2976.000;2.428032272e-02 
 2977.000;3.789547458e-02 
 2978.000;3.790143132e-02 
 2979.000;3.790830448e-02 
 2980.000;3.791143373e-02 
 2981.000;6.168076396e-02 
 2982.000;6.160005927e-02 
 2983.000;6.162193045e-02 
 2984.000;6.161476672e-02 
 2985.000;6.264825165e-02 
 2986.000;8.474954963e-02 
 2987.000;8.475875854e-02 
 2988.000;8.476900309e-02 
 2989.000;8.477757871e-02 
 2990.000;8.671901375e-02 
 2991.000;8.672954887e-02 
 2992.000;8.674228936e-02 
 2993.000;8.675166965e-02 
 2994.000;8.683761954e-02 
 2995.000;8.556404710e-02 
 2996.000;8.557522297e-02 
 2997.000;8.558541536e-02 
 2998.000;8.559555560e-02 
 2999.000;7.989618182e-02 
 3000.000;7.990638912e-02 
 3001.000;7.991586626e-02 
 3002.000;7.992616296e-02 
 3003.000;8.035869151e-02 
 3004.000;6.632395089e-02 
 3005.000;6.633190811e-02 
 3006.000;6.633903086e-02 
 3007.000;6.634809822e-02 
 3008.000;6.501273066e-02 
 3009.000;6.502106041e-02 
 3010.000;6.502876431e-02 
 3011.000;6.503653526e-02 
 3012.000;6.502098590e-02 
 3013.000;5.928637460e-02 
 3014.000;5.929367617e-02 
 3015.000;5.930091813e-02 
 3016.000;5.930858478e-02 
 3017.000;5.202982947e-02 
 3018.000;5.203594267e-02 
 3019.000;5.204257742e-02 
 3020.000;5.204868317e-02 
 3021.000;5.144590139e-02 
 3022.000;5.114526674e-02 
 3023.000;5.115234479e-02 
 3024.000;5.115852505e-02 
 3025.000;5.116599426e-02 
 3026.000;4.477087781e-02 
 3027.000;4.477729648e-02 
 3028.000;4.478319362e-02 
 3029.000;4.478884116e-02 
 3030.000;4.402885586e-02 
 3031.000;3.540620208e-02 
 3032.000;3.541127965e-02 
 3033.000;3.541605547e-02 
 3034.000;3.542117402e-02 
 3035.000;2.765699290e-02 
 3036.000;2.766036801e-02 
 3037.000;2.766445465e-02 
 3038.000;2.766864561e-02 
 3039.000;2.744377218e-02 
 3040.000;2.219593152e-02 
 3041.000;2.219900116e-02 
 3042.000;2.220184170e-02 
 3043.000;2.220525593e-02 
 3044.000;2.220754325e-02 
 3045.000;1.849310100e-02 
 3046.000;1.849529706e-02 
 3047.000;1.849776506e-02 
 3048.000;1.832434349e-02 
 3049.000;1.819531433e-02 
 3050.000;1.819801889e-02 
 3051.000;1.820058003e-02 
 3052.000;1.820311509e-02 
 3053.000;1.820649952e-02 
 3054.000;2.264548279e-02 
 3055.000;2.264894731e-02 
 3056.000;2.264959179e-02 
 3057.000;2.265278436e-02 
 3058.000;2.238130011e-02 
 3059.000;2.769115195e-02 
 3060.000;2.769561857e-02 
 3061.000;2.769858949e-02 
 3062.000;2.770351991e-02 
 3063.000;3.231844679e-02 
 3064.000;3.232392669e-02 
 3065.000;3.232878447e-02 
 3066.000;3.233435005e-02 
 3067.000;3.216633201e-02 
 3068.000;3.497970477e-02 
 3069.000;3.498493880e-02 
 3070.000;3.499445319e-02 
 3071.000;3.500005603e-02 
 3072.000;3.500058502e-02 
 3073.000;3.564226255e-02 
 3074.000;3.564763442e-02 
 3075.000;3.565430269e-02 
 3076.000;3.536904976e-02 
 3077.000;2.721982449e-02 
 3078.000;2.722353674e-02 
 3079.000;2.722787298e-02 
 3080.000;2.723385207e-02 
 3081.000;2.723827958e-02 
 3082.000;2.416731603e-02 
 3083.000;2.417067438e-02 
 3084.000;2.417510003e-02 
 3085.000;2.417932265e-02 
 3086.000;2.413700335e-02 
 3087.000;2.025209926e-02 
 3088.000;2.025545202e-02 
 3089.000;2.025883831e-02 
 3090.000;2.026221715e-02 
 3091.000;2.026516199e-02 
 3092.000;1.552878134e-02 
 3093.000;1.553112827e-02 
 3094.000;1.553383563e-02 
 3095.000;1.553623751e-02 
 3096.000;1.618900150e-02 
 3097.000;1.619112864e-02 
 3098.000;1.619401388e-02 
 3099.000;1.619601436e-02 
 3100.000;1.619847119e-02 
 3101.000;1.749304123e-02 
 3102.000;1.749408059e-02 
 3103.000;1.749828085e-02 
 3104.000;1.750229485e-02 
 3105.000;1.760304160e-02 
 3106.000;2.268270217e-02 
 3107.000;2.268552221e-02 
 3108.000;2.268908545e-02 
 3109.000;2.269272693e-02 
 3110.000;2.269587666e-02 
 3111.000;3.311012685e-02 
 3112.000;3.311361372e-02 
 3113.000;3.311993927e-02 
 3114.000;3.312562406e-02 
 3115.000;3.362058476e-02 
 3116.000;5.429152399e-02 
 3117.000;5.429840460e-02 
 3118.000;5.430856347e-02 
 3119.000;5.431522056e-02 
 3120.000;5.432328582e-02 
 3121.000;6.498534232e-02 
 3122.000;6.500032544e-02 
 3123.000;6.501504779e-02 
 3124.000;6.502797455e-02 
 3125.000;6.601800025e-02 
 3126.000;7.623305172e-02 
 3127.000;7.623835653e-02 
 3128.000;7.625152171e-02 
 3129.000;7.626270503e-02 
 3130.000;8.174806833e-02 
 3131.000;8.175658435e-02 
 3132.000;8.176797628e-02 
 3133.000;8.177916706e-02 
 3134.000;8.373507112e-02 
 3135.000;7.736747712e-02 
 3136.000;7.737621665e-02 
 3137.000;7.738418877e-02 
 3138.000;7.739363611e-02 
 3139.000;7.740209997e-02 
 3140.000;7.923487574e-02 
 3141.000;7.924335450e-02 
 3142.000;7.925245911e-02 
 3143.000;7.926052809e-02 
 3144.000;8.163703978e-02 
 3145.000;9.822674096e-02 
 3146.000;9.823697060e-02 
 3147.000;9.824393690e-02 
 3148.000;9.825375676e-02 
 3149.000;9.826299548e-02 
 3150.000;1.240981445e-01 
 3151.000;1.240383610e-01 
 3152.000;1.241893470e-01 
 3153.000;1.241362244e-01 
 3154.000;1.256874800e-01 
 3155.000;1.655119956e-01 
 3156.000;1.655305922e-01 
 3157.000;1.655419171e-01 
 3158.000;1.655589938e-01 
 3159.000;1.655740738e-01 
 3160.000;2.038749754e-01 
 3161.000;2.038940936e-01 
 3162.000;2.039126456e-01 
 3163.000;2.039310187e-01 
 3164.000;2.025673985e-01 
 3165.000;2.074046284e-01 
 3166.000;2.074274719e-01 
 3167.000;2.074472755e-01 
 3168.000;2.074699849e-01 
 3169.000;2.074867934e-01 
 3170.000;1.975725591e-01 
 3171.000;1.975923330e-01 
 3172.000;1.976127774e-01 
 3173.000;1.976322532e-01 
 3174.000;1.936527044e-01 
 3175.000;1.651532352e-01 
 3176.000;1.651725620e-01 
 3177.000;1.651912183e-01 
 3178.000;1.652099192e-01 
 3179.000;1.652287990e-01 
 3180.000;1.246485040e-01 
 3181.000;1.246626601e-01 
 3182.000;1.246769428e-01 
 3183.000;1.246910319e-01 
 3184.000;1.215305105e-01 
 3185.000;7.687681913e-02 
 3186.000;7.688675076e-02 
 3187.000;7.689664513e-02 
 3188.000;7.690666616e-02 
 3189.000;7.691652328e-02 
 3190.000;3.653600812e-02 
 3191.000;3.654070944e-02 
 3192.000;3.654541448e-02 
 3193.000;3.655009717e-02 
 3194.000;3.563221917e-02 
 3195.000;1.177165471e-02 
 3196.000;1.177334599e-02 
 3197.000;1.177504472e-02 
 3198.000;1.177674718e-02 
 3199.000;1.177844685e-02 
 3200.000;5.438598339e-03 
 3201.000;5.439367145e-03 
 3202.000;5.440146197e-03 
 3203.000;5.440908018e-03 
 3204.000;5.441681016e-03 
 3205.000;5.287925713e-03 
 3206.000;3.564151237e-03 
 3207.000;3.564698622e-03 
 3208.000;3.565243213e-03 
 3209.000;3.565785009e-03 
 3210.000;3.566335188e-03 
 3211.000;3.766214941e-03 
 3212.000;3.766790731e-03 
 3213.000;3.767369781e-03 
 3214.000;3.767940681e-03 
 3215.000;3.707009833e-03 
 3216.000;6.248388905e-03 
 3217.000;6.249394268e-03 
 3218.000;6.250408012e-03 
 3219.000;6.251430605e-03 
 3220.000;6.252434570e-03 
 3221.000;1.065328624e-02 
 3222.000;1.065501105e-02 
 3223.000;1.065676101e-02 
 3224.000;1.065849327e-02 
 3225.000;1.058134902e-02 
 3226.000;1.786115393e-02 
 3227.000;1.786406711e-02 
 3228.000;1.786702313e-02 
 3229.000;1.786998101e-02 
 3230.000;1.787290908e-02 
 3231.000;1.787585020e-02 
 3232.000;3.206613287e-02 
 3233.000;3.207143396e-02 
 3234.000;3.207672015e-02 
 3235.000;3.208198026e-02 
 3236.000;3.220655769e-02 
 3237.000;4.250763357e-02 
 3238.000;4.251430184e-02 
 3239.000;4.252093285e-02 
 3240.000;4.252755642e-02 
 3241.000;4.253428429e-02 
 3242.000;4.433092847e-02 
 3243.000;4.433789849e-02 
 3244.000;4.434485734e-02 
 3245.000;4.435174912e-02 
 3246.000;4.527729005e-02 
 3247.000;5.010168999e-02 
 3248.000;5.010887235e-02 
 3249.000;5.011603981e-02 
 3250.000;5.012320355e-02 
 3251.000;5.013036355e-02 
 3252.000;5.013752356e-02 
 3253.000;4.384429380e-02 
 3254.000;4.385050014e-02 
 3255.000;4.385678470e-02 
 3256.000;4.386301711e-02 
 3257.000;4.480918497e-02 
 3258.000;3.779290989e-02 
 3259.000;3.779786080e-02 
 3260.000;3.780285642e-02 
 3261.000;3.780781105e-02 
 3262.000;3.781279922e-02 
 3263.000;4.494927078e-02 
 3264.000;4.495516047e-02 
 3265.000;4.496106878e-02 
 3266.000;4.496696219e-02 
 3267.000;4.555352032e-02 
 3268.000;5.962996557e-02 
 3269.000;5.963734910e-02 
 3270.000;5.964471400e-02 
 3271.000;5.965211987e-02 
 3272.000;5.965950340e-02 
 3273.000;5.966695771e-02 
 3274.000;7.566449791e-02 
 3275.000;7.567383349e-02 
 3276.000;7.568318397e-02 
 3277.000;7.569260895e-02 
 3278.000;7.648619264e-02 
 3279.000;9.273090214e-02 
 3280.000;9.274191409e-02 
 3281.000;9.275282919e-02 
 3282.000;9.276374429e-02 
 3283.000;9.277456254e-02 
 3284.000;9.278541803e-02 
 3285.000;9.153025597e-02 
 3286.000;9.154101461e-02 
 3287.000;9.155176580e-02 
 3288.000;9.156253934e-02 
 3289.000;9.235662967e-02 
 3290.000;7.730069011e-02 
 3291.000;7.730899751e-02 
 3292.000;7.731738687e-02 
 3293.000;7.732571661e-02 
 3294.000;7.733406126e-02 
 3295.000;6.099941954e-02 
 3296.000;6.100597605e-02 
 3297.000;6.101257354e-02 
 3298.000;6.101917475e-02 
 3299.000;6.102573127e-02 
 3300.000;6.231261790e-02 
 3301.000;4.956592619e-02 
 3302.000;4.957060888e-02 
 3303.000;4.957527667e-02 
 3304.000;4.957994446e-02 
 3305.000;4.958459735e-02 
 3306.000;3.848532960e-02 
 3307.000;3.848895803e-02 
 3308.000;3.849257901e-02 
 3309.000;3.849618882e-02 
 3310.000;3.849985823e-02 
 3311.000;3.933147341e-02 
 3312.000;3.638163581e-02 
 3313.000;3.638468683e-02 
 3314.000;3.638772666e-02 
 3315.000;3.639076650e-02 
 3316.000;3.639383614e-02 
 3317.000;4.842394218e-02 
 3318.000;4.842798039e-02 
 3319.000;4.843198881e-02 
 3320.000;4.843606055e-02 
 3321.000;4.844009876e-02 
 3322.000;4.905159026e-02 
 3323.000;7.309018075e-02 
 3324.000;7.309553772e-02 
 3325.000;7.310079783e-02 
 3326.000;7.310616970e-02 
 3327.000;7.311142236e-02 
 3328.000;9.774600714e-02 
 3329.000;9.775321931e-02 
 3330.000;9.776025265e-02 
 3331.000;9.776730835e-02 
 3332.000;9.777446836e-02 
 3333.000;1.000284627e-01 
 3334.000;1.139327511e-01 
 3335.000;1.139394268e-01 
 3336.000;1.139463186e-01 
 3337.000;1.139529198e-01 
 3338.000;1.139598116e-01 
 3339.000;1.164616719e-01 
 3340.000;1.164686456e-01 
 3341.000;1.164754480e-01 
 3342.000;1.164824218e-01 
 3343.000;1.164893061e-01 
 3344.000;1.189018786e-01 
 3345.000;1.221998930e-01 
 3346.000;1.222055703e-01 
 3347.000;1.222112477e-01 
 3348.000;1.222168878e-01 
 3349.000;1.222227290e-01 
 3350.000;1.222282797e-01 
 3351.000;1.210743785e-01 
 3352.000;1.210799888e-01 
 3353.000;1.210856661e-01 
 3354.000;1.210912690e-01 
 3355.000;1.237174645e-01 
 3356.000;1.361191869e-01 
 3357.000;1.361240596e-01 
 3358.000;1.361289471e-01 
 3359.000;1.361336708e-01 
 3360.000;1.361384541e-01 
 3361.000;1.361431479e-01 
 3362.000;1.505327970e-01 
 3363.000;1.505382061e-01 
 3364.000;1.505433917e-01 
 3365.000;1.505486518e-01 
 3366.000;1.530288458e-01 
 3367.000;1.530335099e-01 
 3368.000;1.730525792e-01 
 3369.000;1.730571240e-01 
 3370.000;1.730619222e-01 
 3371.000;1.730662882e-01 
 3372.000;1.730710864e-01 
 3373.000;1.956573874e-01 
 3374.000;1.956628561e-01 
 3375.000;1.956679374e-01 
 3376.000;1.956730783e-01 
 3377.000;1.956781894e-01 
 3378.000;1.978943646e-01 
 3379.000;2.208372056e-01 
 3380.000;2.208416909e-01 
 3381.000;2.208464146e-01 
 3382.000;2.208507061e-01 
 3383.000;2.208551466e-01 
 3384.000;2.208597660e-01 
 3385.000;2.367921919e-01 
 3386.000;2.367969900e-01 
 3387.000;2.368017733e-01 
 3388.000;2.368066311e-01 
 3389.000;2.391363084e-01 
 3390.000;2.477562428e-01 
 3391.000;2.477601618e-01 
 3392.000;2.477639019e-01 
 3393.000;2.477675676e-01 
 3394.000;2.477712631e-01 
 3395.000;2.477749437e-01 
 3396.000;2.524175346e-01 
 3397.000;2.524211407e-01 
 3398.000;2.524251044e-01 
 3399.000;2.524289191e-01 
 3400.000;2.524326742e-01 
 3401.000;2.545877099e-01 
 3402.000;2.583700120e-01 
 3403.000;2.583728433e-01 
 3404.000;2.583755255e-01 
 3405.000;2.583784461e-01 
 3406.000;2.583812177e-01 
 3407.000;2.583839297e-01 
 3408.000;2.723229527e-01 
 3409.000;2.723256648e-01 
 3410.000;2.723288834e-01 
 3411.000;2.723315656e-01 
 3412.000;2.739540935e-01 
 3413.000;2.940077484e-01 
 3414.000;2.940100431e-01 
 3415.000;2.940124869e-01 
 3416.000;2.940148115e-01 
 3417.000;2.940173149e-01 
 3418.000;2.940196693e-01 
 3419.000;3.058743477e-01 
 3420.000;3.058767915e-01 
 3421.000;3.058790565e-01 
 3422.000;3.058815300e-01 
 3423.000;3.058840334e-01 
 3424.000;3.070277572e-01 
 3425.000;3.177973330e-01 
 3426.000;3.177994788e-01 
 3427.000;3.178013563e-01 
 3428.000;3.178032935e-01 
 3429.000;3.178051710e-01 
 3430.000;3.178071082e-01 
 3431.000;3.185184598e-01 
 3432.000;3.185203075e-01 
 3433.000;3.185221255e-01 
 3434.000;3.185243905e-01 
 3435.000;3.185263574e-01 
 3436.000;3.192696273e-01 
 3437.000;3.192349970e-01 
 3438.000;3.192369938e-01 
 3439.000;3.192383051e-01 
 3440.000;3.192396462e-01 
 3441.000;3.192412853e-01 
 3442.000;3.192429841e-01 
 3443.000;3.226920962e-01 
 3444.000;3.226936460e-01 
 3445.000;3.226951063e-01 
 3446.000;3.226969838e-01 
 3447.000;3.226984143e-01 
 3448.000;3.235010207e-01 
 3449.000;3.269451559e-01 
 3450.000;3.269462585e-01 
 3451.000;3.269474208e-01 
 3452.000;3.269487619e-01 
 3453.000;3.269498646e-01 
 3454.000;3.269512057e-01 
 3455.000;3.322618306e-01 
 3456.000;3.322627842e-01 
 3457.000;3.322643042e-01 
 3458.000;3.322655857e-01 
 3459.000;3.322664499e-01 
 3460.000;3.327070177e-01 
 3461.000;3.361838758e-01 
 3462.000;3.361853063e-01 
 3463.000;3.361860812e-01 
 3464.000;3.361871541e-01 
 3465.000;3.361881971e-01 
 3466.000;3.361892104e-01 
 3467.000;3.355705440e-01 
 3468.000;3.355720639e-01 
 3469.000;3.355728984e-01 
 3470.000;3.355740309e-01 
 3471.000;3.355752826e-01 
 3472.000;3.358124793e-01 
 3473.000;3.361739814e-01 
 3474.000;3.361750841e-01 
 3475.000;3.361761272e-01 
 3476.000;3.361770809e-01 
 3477.000;3.361780047e-01 
 3478.000;3.361790776e-01 
 3479.000;3.372099996e-01 
 3480.000;3.372106850e-01 
 3481.000;3.372117877e-01 
 3482.000;3.372128308e-01 
 3483.000;3.372135162e-01 
 3484.000;3.373426199e-01 
 3485.000;3.392909765e-01 
 3486.000;3.392916918e-01 
 3487.000;3.392930031e-01 
 3488.000;3.392939270e-01 
 3489.000;3.392949998e-01 
 3490.000;3.392952383e-01 
 3491.000;3.441466987e-01 
 3492.000;3.441471756e-01 
 3493.000;3.441489637e-01 
 3494.000;3.441492021e-01 
 3495.000;3.441503942e-01 
 3496.000;3.442416787e-01 
 3497.000;3.461936414e-01 
 3498.000;3.461953998e-01 
 3499.000;3.461970687e-01 
 3500.000;3.461972475e-01 
 3501.000;3.461984098e-01 
 3502.000;3.461904228e-01 
 3503.000;3.460017741e-01 
 3504.000;3.460043371e-01 
 3505.000;3.460033834e-01 
 3506.000;3.460066319e-01 
 3507.000;3.460108340e-01 
 3508.000;3.459923565e-01 
 3509.000;3.423001170e-01 
 3510.000;3.422286510e-01 
 3511.000;3.422265053e-01 
 3512.000;3.422214091e-01 
 3513.000;3.422208726e-01 
 3514.000;3.422295153e-01 
 3515.000;3.342816532e-01 
 3516.000;3.342906535e-01 
 3517.000;3.342931867e-01 
 3518.000;3.342277408e-01 
 3519.000;3.347724974e-01 
 3520.000;3.341640234e-01 
 3521.000;3.342269957e-01 
 3522.000;3.246447444e-01 
 3523.000;3.246450126e-01 
 3524.000;3.246472180e-01 
 3525.000;3.246471882e-01 
 3526.000;3.246481717e-01 
 3527.000;3.246489763e-01 
 3528.000;3.119623363e-01 
 3529.000;3.119630814e-01 
 3530.000;3.119643033e-01 
 3531.000;3.119656742e-01 
 3532.000;3.119663596e-01 
 3533.000;3.118921220e-01 
 3534.000;3.013496101e-01 
 3535.000;3.013507426e-01 
 3536.000;3.013512492e-01 
 3537.000;3.013525605e-01 
 3538.000;3.013532758e-01 
 3539.000;3.013541996e-01 
 3540.000;2.991361320e-01 
 3541.000;2.991370857e-01 
 3542.000;2.991384268e-01 
 3543.000;2.991390526e-01 
 3544.000;2.991399169e-01 
 3545.000;2.990493178e-01 
 3546.000;2.990508080e-01 
 3547.000;2.972195148e-01 
 3548.000;2.972203195e-01 
 3549.000;2.972214818e-01 
 3550.000;2.972225547e-01 
 3551.000;2.972235978e-01 
 3552.000;2.972246408e-01 
 3553.000;3.007507324e-01 
 3554.000;3.007517755e-01 
 3555.000;3.007522821e-01 
 3556.000;3.007533252e-01 
 3557.000;3.007544875e-01 
 3558.000;3.006741703e-01 
 3559.000;3.026564717e-01 
 3560.000;3.026579916e-01 
 3561.000;3.026586473e-01 
 3562.000;3.026603162e-01 
 3563.000;3.026609123e-01 
 3564.000;3.026624322e-01 
 3565.000;3.026635051e-01 
 3566.000;2.960556746e-01 
 3567.000;2.960571647e-01 
 3568.000;2.960579097e-01 
 3569.000;2.960583568e-01 
 3570.000;2.960596979e-01 
 3571.000;2.960160077e-01 
 3572.000;2.962910831e-01 
 3573.000;2.962966561e-01 
 3574.000;2.962955832e-01 
 3575.000;2.962930799e-01 
 3576.000;2.962979972e-01 
 3577.000;2.963063717e-01 
 3578.000;2.982464135e-01 
 3579.000;2.982476652e-01 
 3580.000;2.982499599e-01 
 3581.000;2.982503474e-01 
 3582.000;2.982527614e-01 
 3583.000;2.982374430e-01 
 3584.000;2.982399762e-01 
 3585.000;3.026422262e-01 
 3586.000;3.026440442e-01 
 3587.000;3.026446402e-01 
 3588.000;3.026457131e-01 
 3589.000;3.026473224e-01 
 3590.000;3.026489019e-01 
 3591.000;3.146501482e-01 
 3592.000;3.146514595e-01 
 3593.000;3.146523833e-01 
 3594.000;3.146534264e-01 
 3595.000;3.146547675e-01 
 3596.000;3.146823347e-01 
 3597.000;3.146837056e-01 
 3598.000;3.261320591e-01 
 3599.000;3.261330724e-01 
 3600.000;3.261339366e-01 
 3601.000;3.261353970e-01 
 3602.000;3.261361122e-01 
 3603.000;3.261376023e-01 
 3604.000;3.323973417e-01 
 3605.000;3.323989809e-01 
 3606.000;3.323994279e-01 
 3607.000;3.324009776e-01 
 3608.000;3.324022293e-01 
 3609.000;3.324515820e-01 
 3610.000;3.324529231e-01 
 3611.000;3.409329951e-01 
 3612.000;3.409346640e-01 
 3613.000;3.409357369e-01 
 3614.000;3.409360647e-01 
 3615.000;3.409393430e-01 
 3616.000;3.409387171e-01 
 3617.000;3.492137194e-01 
 3618.000;3.492151797e-01 
 3619.000;3.492167890e-01 
 3620.000;3.492175937e-01 
 3621.000;3.492189050e-01 
 3622.000;3.492423296e-01 
 3623.000;3.492434621e-01 
 3624.000;3.529242277e-01 
 3625.000;3.529260755e-01 
 3626.000;3.529271483e-01 
 3627.000;3.529280722e-01 
 3628.000;3.529288769e-01 
 3629.000;3.529301286e-01 
 3630.000;3.611666262e-01 
 3631.000;3.611668348e-01 
 3632.000;3.611670434e-01 
 3633.000;3.611694872e-01 
 3634.000;3.611705601e-01 
 3635.000;3.611733913e-01 
 3636.000;3.611144722e-01 
 3637.000;3.665121794e-01 
 3638.000;3.665201068e-01 
 3639.000;3.665194809e-01 
 3640.000;3.665194511e-01 
 3641.000;3.665201664e-01 
 3642.000;3.665235639e-01 
 3643.000;3.628052175e-01 
 3644.000;3.628030419e-01 
 3645.000;3.628050089e-01 
 3646.000;3.628087342e-01 
 3647.000;3.628078401e-01 
 3648.000;3.628095686e-01 
 3649.000;3.627752066e-01 
 3650.000;3.532365263e-01 
 3651.000;3.532344699e-01 
 3652.000;3.532369733e-01 
 3653.000;3.532360792e-01 
 3654.000;3.532413244e-01 
 3655.000;3.532389700e-01 
 3656.000;3.532477021e-01 
 3657.000;3.341187537e-01 
 3658.000;3.341190815e-01 
 3659.000;3.341180980e-01 
 3660.000;3.341212869e-01 
 3661.000;3.341223300e-01 
 3662.000;3.341528177e-01 
 3663.000;3.341560066e-01 
 3664.000;3.088441491e-01 
 3665.000;3.088489771e-01 
 3666.000;3.088484406e-01 
 3667.000;3.088504970e-01 
 3668.000;3.088491261e-01 
 3669.000;3.088515401e-01 
 3670.000;2.972801328e-01 
 3671.000;2.972700298e-01 
 3672.000;2.972865403e-01 
 3673.000;2.972891629e-01 
 3674.000;2.974392176e-01 
 3675.000;2.973129153e-01 
 3676.000;2.973206639e-01 
 3677.000;3.107613623e-01 
 3678.000;3.107632995e-01 
 3679.000;3.107629716e-01 
 3680.000;3.107611835e-01 
 3681.000;3.107613623e-01 
 3682.000;3.107649684e-01 
 3683.000;3.107661009e-01 
 3684.000;3.309423625e-01 
 3685.000;3.309448957e-01 
 3686.000;3.309450150e-01 
 3687.000;3.309487402e-01 
 3688.000;3.309471607e-01 
 3689.000;3.309231997e-01 
 3690.000;3.309255540e-01 
 3691.000;3.520139158e-01 
 3692.000;3.520147800e-01 
 3693.000;3.520169854e-01 
 3694.000;3.520187736e-01 
 3695.000;3.520201743e-01 
 3696.000;3.520208001e-01 
 3697.000;3.669942617e-01 
 3698.000;3.669947982e-01 
 3699.000;3.669955134e-01 
 3700.000;3.669955134e-01 
 3701.000;3.669970036e-01 
 3702.000;3.669993281e-01 
 3703.000;3.669382930e-01 
 3704.000;3.686228991e-01 
 3705.000;3.686234355e-01 
 3706.000;3.686236441e-01 
 3707.000;3.686272204e-01 
 3708.000;3.686272502e-01 
 3709.000;3.686291873e-01 
 3710.000;3.686325252e-01 
 3711.000;3.677828610e-01 
 3712.000;3.677843511e-01 
 3713.000;3.677830398e-01 
 3714.000;3.677853644e-01 
 3715.000;3.677875102e-01 
 3716.000;3.677897751e-01 
 3717.000;3.678584695e-01 
 3718.000;3.664009571e-01 
 3719.000;3.664008677e-01 
 3720.000;3.664012551e-01 
 3721.000;3.664033413e-01 
 3722.000;3.664057255e-01 
 3723.000;3.664070666e-01 
 3724.000;3.664086759e-01 
 3725.000;3.609016240e-01 
 3726.000;3.609040678e-01 
 3727.000;3.609059453e-01 
 3728.000;3.609089255e-01 
 3729.000;3.609097004e-01 
 3730.000;3.609515429e-01 
 3731.000;3.609525263e-01 
 3732.000;3.583481312e-01 
 3733.000;3.583506942e-01 
 3734.000;3.583543301e-01 
 3735.000;3.583551347e-01 
 3736.000;3.583552837e-01 
 3737.000;3.583542407e-01 
 3738.000;3.583541811e-01 
 3739.000;3.568687737e-01 
 3740.000;3.568483889e-01 
 3741.000;3.568385243e-01 
 3742.000;3.568746746e-01 
 3743.000;3.569056690e-01 
 3744.000;3.568811715e-01 
 3745.000;3.568426371e-01 
 3746.000;3.521403372e-01 
 3747.000;3.521455824e-01 
 3748.000;3.521459103e-01 
 3749.000;3.521438539e-01 
 3750.000;3.521483243e-01 
 3751.000;3.521457911e-01 
 3752.000;3.521477580e-01 
 3753.000;3.508747816e-01 
 3754.000;3.508728445e-01 
 3755.000;3.508769572e-01 
 3756.000;3.508732915e-01 
 3757.000;3.508805633e-01 
 3758.000;3.508670032e-01 
 3759.000;3.508616984e-01 
 3760.000;3.505687714e-01 
 3761.000;3.505683243e-01 
 3762.000;3.505701423e-01 
 3763.000;3.505722582e-01 
 3764.000;3.505751491e-01 
 3765.000;3.505760729e-01 
 3766.000;3.505777419e-01 
 3767.000;3.502787352e-01 
 3768.000;3.502841890e-01 
 3769.000;3.502814472e-01 
 3770.000;3.502849936e-01 
 3771.000;3.502845168e-01 
 3772.000;3.502905667e-01 
 3773.000;3.502769768e-01 
 3774.000;3.549899161e-01 
 3775.000;3.549902439e-01 
 3776.000;3.549916744e-01 
 3777.000;3.549926281e-01 
 3778.000;3.550011814e-01 
 3779.000;3.549977541e-01 
 3780.000;3.550017178e-01 
 3781.000;3.569394648e-01 
 3782.000;3.569426239e-01 
 3783.000;3.569433093e-01 
 3784.000;3.569462299e-01 
 3785.000;3.569464982e-01 
 3786.000;3.569472134e-01 
 3787.000;3.569841087e-01 
 3788.000;3.600328565e-01 
 3789.000;3.600326777e-01 
 3790.000;3.600347042e-01 
 3791.000;3.600361049e-01 
 3792.000;3.600375950e-01 
 3793.000;3.600389957e-01 
 3794.000;3.600403666e-01 
 3795.000;3.600424826e-01 
 3796.000;3.663124442e-01 
 3797.000;3.663150072e-01 
 3798.000;3.663152754e-01 
 3799.000;3.663173318e-01 
 3800.000;3.663194478e-01 
 3801.000;3.663694263e-01 
 3802.000;3.663699329e-01 
 3803.000;3.683918715e-01 
 3804.000;3.683941960e-01 
 3805.000;3.683944941e-01 
 3806.000;3.683971167e-01 
 3807.000;3.683975935e-01 
 3808.000;3.683988750e-01 
 3809.000;3.684013784e-01 
 3810.000;3.736509681e-01 
 3811.000;3.736525476e-01 
 3812.000;3.736543357e-01 
 3813.000;3.736549914e-01 
 3814.000;3.736566305e-01 
 3815.000;3.736586273e-01 
 3816.000;3.737426102e-01 
 3817.000;3.798270822e-01 
 3818.000;3.798283637e-01 
 3819.000;3.798301220e-01 
 3820.000;3.798316419e-01 
 3821.000;3.798331320e-01 
 3822.000;3.798345327e-01 
 3823.000;3.798367679e-01 
 3824.000;3.798396885e-01 
 3825.000;3.792506456e-01 
 3826.000;3.792523742e-01 
 3827.000;3.792532384e-01 
 3828.000;3.792559803e-01 
 3829.000;3.792566657e-01 
 3830.000;3.793426454e-01 
 3831.000;3.793444037e-01 
 3832.000;3.785193861e-01 
 3833.000;3.785207570e-01 
 3834.000;3.785221875e-01 
 3835.000;3.785232902e-01 
 3836.000;3.785248101e-01 
 3837.000;3.785260916e-01 
 3838.000;3.785272539e-01 
 3839.000;3.772113323e-01 
 3840.000;3.772120774e-01 
 3841.000;3.772144318e-01 
 3842.000;3.772153556e-01 
 3843.000;3.772173226e-01 
 3844.000;3.772182465e-01 
 3845.000;3.773043454e-01 
 3846.000;3.773064911e-01 
 3847.000;3.712810576e-01 
 3848.000;3.712822497e-01 
 3849.000;3.712831140e-01 
 3850.000;3.712854385e-01 
 3851.000;3.712857962e-01 
 3852.000;3.712878823e-01 
 3853.000;3.712891936e-01 
 3854.000;3.632189333e-01 
 3855.000;3.632197678e-01 
 3856.000;3.632211387e-01 
 3857.000;3.632227778e-01 
 3858.000;3.632240891e-01 
 3859.000;3.632243276e-01 
 3860.000;3.633086383e-01 
 3861.000;3.633095324e-01 
 3862.000;3.537853956e-01 
 3863.000;3.537867367e-01 
 3864.000;3.537887633e-01 
 3865.000;3.537905216e-01 
 3866.000;3.537906408e-01 
 3867.000;3.537926376e-01 
 3868.000;3.537941575e-01 
 3869.000;3.456489444e-01 
 3870.000;3.456492722e-01 
 3871.000;3.456505835e-01 
 3872.000;3.456516862e-01 
 3873.000;3.456525207e-01 
 3874.000;3.456542790e-01 
 3875.000;3.457091153e-01 
 3876.000;3.455757797e-01 
 3877.000;3.455770612e-01 
 3878.000;3.455791473e-01 
 3879.000;3.455799520e-01 
 3880.000;3.455808759e-01 
 3881.000;3.455820084e-01 
 3882.000;3.455834389e-01 
 3883.000;3.455847800e-01 
 3884.000;3.505885601e-01 
 3885.000;3.505900502e-01 
 3886.000;3.505913019e-01 
 3887.000;3.505915701e-01 
 3888.000;3.505939543e-01 
 3889.000;3.505951166e-01 
 3890.000;3.506430984e-01 
 3891.000;3.506440818e-01 
 3892.000;3.568492532e-01 
 3893.000;3.568506837e-01 
 3894.000;3.568520546e-01 
 3895.000;3.568530381e-01 
 3896.000;3.568551242e-01 
 3897.000;3.568554223e-01 
 3898.000;3.568573892e-01 
 3899.000;3.607088029e-01 
 3900.000;3.607098162e-01 
 3901.000;3.608374596e-01 
 3902.000;3.609644175e-01 
 3903.000;3.610914052e-01 
 3904.000;3.612189591e-01 
 3905.000;3.613754809e-01 
 3906.000;3.615027666e-01 
 3907.000;3.630792499e-01 
 3908.000;3.631990552e-01 
 3909.000;3.633182645e-01 
 3910.000;3.634393215e-01 
 3911.000;3.635578454e-01 
 3912.000;3.636798263e-01 
 3913.000;3.637987375e-01 
 3914.000;3.661953509e-01 
 3915.000;3.663093746e-01 
 3916.000;3.664236367e-01 
 3917.000;3.665384948e-01 
 3918.000;3.666523099e-01 
 3919.000;3.667676151e-01 
 3920.000;3.668818176e-01 
 3921.000;3.670104444e-01 
 3922.000;3.713261485e-01 
 3923.000;3.714328408e-01 
 3924.000;3.715390265e-01 
 3925.000;3.716456592e-01 
 3926.000;3.717520535e-01 
 3927.000;3.718576431e-01 
 3928.000;3.719651997e-01 
 3929.000;3.720718324e-01 
 3930.000;3.789049685e-01 
 3931.000;3.790026605e-01 
 3932.000;3.791017532e-01 
 3933.000;3.792000115e-01 
 3934.000;3.792985976e-01 
 3935.000;3.793979287e-01 
 3936.000;3.794945478e-01 
 3937.000;3.795942366e-01 
 3938.000;3.864769340e-01 
 3939.000;3.865718842e-01 
 3940.000;3.866681159e-01 
 3941.000;3.867626786e-01 
 3942.000;3.868582249e-01 
 3943.000;3.869538605e-01 
 3944.000;3.870500326e-01 
 3945.000;4.011772275e-01 
 3946.000;4.012422562e-01 
 3947.000;4.013084769e-01 
 3948.000;4.013737440e-01 
 3949.000;4.014398754e-01 
 3950.000;4.015051126e-01 
 3951.000;4.015715420e-01 
 3952.000;3.936021924e-01 
 3953.000;3.987831771e-01 
 3954.000;3.988808095e-01 
 3955.000;3.989776075e-01 
 3956.000;3.990750909e-01 
 3957.000;3.991735280e-01 
 3958.000;3.992715180e-01 
 3959.000;3.993692994e-01 
 3960.000;3.994678557e-01 
 3961.000;4.003724456e-01 
 3962.000;4.004704654e-01 
 3963.000;4.005691409e-01 
 3964.000;4.006672800e-01 
 3965.000;4.007664025e-01 
 3966.000;4.008652270e-01 
 3967.000;4.009387493e-01 
 3968.000;4.010381997e-01 
 3969.000;3.986184299e-01 
 3970.000;3.987151682e-01 
 3971.000;3.988118768e-01 
 3972.000;3.989094496e-01 
 3973.000;3.990055919e-01 
 3974.000;3.991016150e-01 
 3975.000;3.991985619e-01 
 3976.000;3.992957473e-01 
 3977.000;3.942467272e-01 
 3978.000;3.943402469e-01 
 3979.000;3.944332898e-01 
 3980.000;3.945242763e-01 
 3981.000;3.946182132e-01 
 3982.000;3.947159052e-01 
 3983.000;3.947727978e-01 
 3984.000;3.948646486e-01 
 3985.000;3.918480575e-01 
 3986.000;3.919392526e-01 
 3987.000;3.920298517e-01 
 3988.000;3.921165168e-01 
 3989.000;3.922139406e-01 
 3990.000;3.925204277e-01 
 3991.000;3.923988342e-01 
 3992.000;3.924814165e-01 
 3993.000;3.810811937e-01 
 3994.000;3.811715543e-01 
 3995.000;3.812614977e-01 
 3996.000;3.813515306e-01 
 3997.000;3.814430833e-01 
 3998.000;3.815334439e-01 
 3999.000;3.815864921e-01 
 4000.000;3.816776574e-01 