  350.000;9.161409140e-01 
  351.000;9.160670638e-01 
  352.000;9.137434959e-01 
  353.000;9.158338904e-01 
  354.000;9.159767628e-01 
  355.000;9.152638316e-01 
  356.000;9.143740535e-01 
  357.000;9.123785496e-01 
  358.000;9.112786651e-01 
  359.000;9.102564454e-01 
  360.000;9.095322490e-01 
  361.000;9.115450978e-01 
  362.000;9.141237140e-01 
  363.000;9.157165289e-01 
  364.000;9.164248109e-01 
  365.000;9.165163636e-01 
  366.000;9.169355631e-01 
  367.000;9.169034362e-01 
  368.000;9.168713093e-01 
  369.000;9.168625474e-01 
  370.000;9.167682528e-01 
  371.000;9.167487025e-01 
  372.000;9.166822433e-01 
  373.000;9.166336060e-01 
  374.000;9.165164828e-01 
  375.000;9.162911177e-01 
  376.000;9.158583879e-01 
  377.000;9.150929451e-01 
  378.000;9.138420224e-01 
  379.000;9.128042459e-01 
  380.000;9.125255346e-01 
  381.000;9.133639336e-01 
  382.000;9.145690203e-01 
  383.000;9.153231978e-01 
  384.000;9.157005548e-01 
  385.000;9.159042835e-01 
  386.000;9.159321785e-01 
  387.000;9.159134626e-01 
  388.000;9.158501029e-01 
  389.000;9.157981873e-01 
  390.000;9.157770276e-01 
  391.000;9.156985283e-01 
  392.000;9.156537056e-01 
  393.000;9.156077504e-01 
  394.000;9.155622721e-01 
  395.000;9.155037403e-01 
  396.000;9.154615998e-01 
  397.000;9.154216647e-01 
  398.000;9.153069854e-01 
  399.000;9.152513742e-01 
  400.000;9.151799679e-01 
  401.000;9.151011705e-01 
  402.000;9.150574803e-01 
  403.000;9.150002599e-01 
  404.000;9.149267673e-01 
  405.000;9.148319960e-01 
  406.000;9.148114920e-01 
  407.000;9.147549272e-01 
  408.000;9.147197008e-01 
  409.000;9.146727324e-01 
  410.000;9.145923853e-01 
  411.000;9.145245552e-01 
  412.000;9.144508243e-01 
  413.000;9.143917561e-01 
  414.000;9.140040874e-01 
  415.000;9.140636325e-01 
  416.000;9.141044021e-01 
  417.000;9.140757322e-01 
  418.000;9.140391946e-01 
  419.000;9.139322639e-01 
  420.000;9.138341546e-01 
  421.000;9.137631059e-01 
  422.000;9.137209058e-01 
  423.000;9.136950970e-01 
  424.000;9.136364460e-01 
  425.000;9.135140181e-01 
  426.000;9.133913517e-01 
  427.000;9.132710099e-01 
  428.000;9.131109715e-01 
  429.000;9.129331708e-01 
  430.000;9.127472639e-01 
  431.000;9.125710726e-01 
  432.000;9.123884439e-01 
  433.000;9.122100472e-01 
  434.000;9.120355844e-01 
  435.000;9.118586779e-01 
  436.000;9.116796851e-01 
  437.000;9.114949107e-01 
  438.000;9.113013744e-01 
  439.000;9.111183882e-01 
  440.000;9.109158516e-01 
  441.000;9.107019305e-01 
  442.000;9.104732871e-01 
  443.000;9.102261066e-01 
  444.000;9.099639058e-01 
  445.000;9.096658230e-01 
  446.000;9.093214273e-01 
  447.000;9.091471434e-01 
  448.000;9.092163444e-01 
  449.000;9.093474746e-01 
  450.000;9.094438553e-01 
  451.000;9.094443321e-01 
  452.000;9.093628526e-01 
  453.000;9.092490077e-01 
  454.000;9.091112018e-01 
  455.000;9.088262320e-01 
  456.000;9.083384275e-01 
  457.000;9.078786373e-01 
  458.000;9.074159265e-01 
  459.000;9.069296122e-01 
  460.000;9.064531326e-01 
  461.000;9.059772491e-01 
  462.000;9.054895043e-01 
  463.000;9.050186872e-01 
  464.000;9.053070545e-01 
  465.000;9.055756330e-01 
  466.000;9.058201909e-01 
  467.000;9.060224295e-01 
  468.000;9.057095647e-01 
  469.000;9.051107764e-01 
  470.000;9.043884873e-01 
  471.000;9.035338759e-01 
  472.000;9.024688601e-01 
  473.000;9.010207057e-01 
  474.000;8.994496465e-01 
  475.000;8.973831534e-01 
  476.000;8.948286176e-01 
  477.000;8.926289082e-01 
  478.000;8.924672008e-01 
  479.000;8.933727145e-01 
  480.000;8.945299983e-01 
  481.000;8.953769207e-01 
  482.000;8.960966468e-01 
  483.000;8.964689374e-01 
  484.000;8.965231180e-01 
  485.000;8.963785172e-01 
  486.000;8.964139819e-01 
  487.000;8.966044784e-01 
  488.000;8.967453241e-01 
  489.000;8.968662620e-01 
  490.000;8.969768882e-01 
  491.000;8.966248631e-01 
  492.000;8.961430192e-01 
  493.000;8.956714869e-01 
  494.000;8.951788545e-01 
  495.000;8.947014809e-01 
  496.000;8.934983611e-01 
  497.000;8.922839761e-01 
  498.000;8.910773993e-01 
  499.000;8.898572922e-01 
  500.000;8.886442780e-01 
  501.000;8.873826861e-01 
  502.000;8.861391544e-01 
  503.000;8.849112391e-01 
  504.000;8.836742043e-01 
  505.000;8.824322224e-01 
  506.000;8.822487593e-01 
  507.000;8.821291924e-01 
  508.000;8.820199966e-01 
  509.000;8.819082379e-01 
  510.000;8.817788959e-01 
  511.000;8.815062642e-01 
  512.000;8.811974525e-01 
  513.000;8.808981180e-01 
  514.000;8.805960417e-01 
  515.000;8.802968860e-01 
  516.000;8.796420097e-01 
  517.000;8.786671758e-01 
  518.000;8.776953220e-01 
  519.000;8.767369390e-01 
  520.000;8.757730722e-01 
  521.000;8.747811913e-01 
  522.000;8.736868501e-01 
  523.000;8.724946380e-01 
  524.000;8.713414669e-01 
  525.000;8.701488376e-01 
  526.000;8.690465689e-01 
  527.000;8.677199483e-01 
  528.000;8.663066030e-01 
  529.000;8.649083972e-01 
  530.000;8.635383248e-01 
  531.000;8.621883988e-01 
  532.000;8.609524965e-01 
  533.000;8.603524566e-01 
  534.000;8.599156737e-01 
  535.000;8.595851660e-01 
  536.000;8.592364192e-01 
  537.000;8.588290215e-01 
  538.000;8.583530784e-01 
  539.000;8.578379154e-01 
  540.000;8.572941422e-01 
  541.000;8.567457795e-01 
  542.000;8.561796546e-01 
  543.000;8.556132913e-01 
  544.000;8.549137115e-01 
  545.000;8.540855050e-01 
  546.000;8.532640338e-01 
  547.000;8.524596095e-01 
  548.000;8.516605496e-01 
  549.000;8.508561254e-01 
  550.000;8.499080539e-01 
  551.000;8.488199711e-01 
  552.000;8.477481008e-01 
  553.000;8.466538191e-01 
  554.000;8.455580473e-01 
  555.000;8.444716930e-01 
  556.000;8.433366418e-01 
  557.000;8.421180248e-01 
  558.000;8.408945203e-01 
  559.000;8.396598697e-01 
  560.000;8.383782506e-01 
  561.000;8.370593190e-01 
  562.000;8.354641199e-01 
  563.000;8.341081142e-01 
  564.000;8.326563239e-01 
  565.000;8.309595585e-01 
  566.000;8.294713497e-01 
  567.000;8.270120025e-01 
  568.000;8.217808008e-01 
  569.000;8.127825260e-01 
  570.000;8.128366470e-01 
  571.000;8.172057867e-01 
  572.000;8.106535077e-01 
  573.000;8.109179735e-01 
  574.000;8.102152944e-01 
  575.000;8.089683652e-01 
  576.000;8.086683154e-01 
  577.000;8.100124002e-01 
  578.000;8.123836517e-01 
  579.000;8.145276904e-01 
  580.000;8.167210221e-01 
  581.000;8.200082183e-01 
  582.000;8.221646547e-01 
  583.000;8.234072924e-01 
  584.000;8.244918585e-01 
  585.000;8.252938390e-01 
  586.000;8.259884119e-01 
  587.000;8.239687681e-01 
  588.000;8.133389354e-01 
  589.000;7.972967625e-01 
  590.000;7.961977124e-01 
  591.000;8.067913651e-01 
  592.000;8.008436561e-01 
  593.000;8.131384850e-01 
  594.000;8.101124167e-01 
  595.000;8.011494279e-01 
  596.000;8.125192523e-01 
  597.000;8.084208965e-01 
  598.000;8.123348951e-01 
  599.000;8.131975532e-01 
  600.000;8.167455196e-01 
  601.000;8.186288476e-01 
  602.000;8.184829950e-01 
  603.000;8.194540739e-01 
  604.000;8.210665584e-01 
  605.000;8.221229911e-01 
  606.000;8.228291869e-01 
  607.000;8.234977722e-01 
  608.000;8.241378069e-01 
  609.000;8.247408867e-01 
  610.000;8.253971338e-01 
  611.000;8.261970282e-01 
  612.000;8.269861937e-01 
  613.000;8.277323842e-01 
  614.000;8.284668326e-01 
  615.000;8.291950226e-01 
  616.000;8.298829198e-01 
  617.000;8.305141926e-01 
  618.000;8.309908509e-01 
  619.000;8.313348889e-01 
  620.000;8.316268921e-01 
  621.000;8.318485618e-01 
  622.000;8.319804072e-01 
  623.000;8.319690824e-01 
  624.000;8.319843411e-01 
  625.000;8.319516778e-01 
  626.000;8.313238621e-01 
  627.000;8.261521459e-01 
  628.000;7.883967161e-01 
  629.000;8.112706542e-01 
  630.000;8.146522641e-01 
  631.000;8.216136098e-01 
  632.000;8.223880529e-01 
  633.000;8.299409747e-01 
  634.000;8.338140249e-01 
  635.000;8.357617259e-01 
  636.000;8.383406401e-01 
  637.000;8.404600024e-01 
  638.000;8.441132903e-01 
  639.000;8.456389904e-01 
  640.000;8.482194543e-01 
  641.000;8.495141864e-01 
  642.000;8.513624668e-01 
  643.000;8.506134152e-01 
  644.000;8.514867425e-01 
  645.000;8.501951098e-01 
  646.000;8.415707946e-01 
  647.000;8.359635472e-01 
  648.000;8.297576308e-01 
  649.000;8.363735676e-01 
  650.000;8.488134742e-01 
  651.000;8.492865562e-01 
  652.000;8.392480612e-01 
  653.000;8.518624306e-01 
  654.000;8.509781957e-01 
  655.000;8.470109701e-01 
  656.000;8.490473032e-01 
  657.000;8.519089818e-01 
  658.000;8.566079140e-01 
  659.000;8.595819473e-01 
  660.000;8.611581326e-01 
  661.000;8.647146821e-01 
  662.000;8.666661978e-01 
  663.000;8.668461442e-01 
  664.000;8.679047227e-01 
  665.000;8.688810468e-01 
  666.000;8.700345159e-01 
  667.000;8.710121512e-01 
  668.000;8.721427321e-01 
  669.000;8.729602098e-01 
  670.000;8.736836910e-01 
  671.000;8.744509220e-01 
  672.000;8.751348257e-01 
  673.000;8.758103848e-01 
  674.000;8.764795065e-01 
  675.000;8.771535754e-01 
  676.000;8.777705431e-01 
  677.000;8.783086538e-01 
  678.000;8.788495064e-01 
  679.000;8.792802095e-01 
  680.000;8.792638779e-01 
  681.000;8.790664673e-01 
  682.000;8.793429136e-01 
  683.000;8.793963790e-01 
  684.000;8.788436651e-01 
  685.000;8.799923062e-01 
  686.000;8.746403456e-01 
  687.000;7.278175950e-01 
  688.000;7.678928375e-01 
  689.000;7.562334538e-01 
  690.000;7.780332565e-01 
  691.000;8.098803163e-01 
  692.000;8.324142694e-01 
  693.000;8.326839209e-01 
  694.000;8.276591301e-01 
  695.000;8.387161493e-01 
  696.000;8.449798822e-01 
  697.000;8.698667884e-01 
  698.000;8.647906780e-01 
  699.000;8.430553079e-01 
  700.000;8.466300368e-01 
  701.000;8.419094086e-01 
  702.000;8.453857303e-01 
  703.000;8.635979891e-01 
  704.000;8.643870950e-01 
  705.000;8.567349911e-01 
  706.000;8.581578732e-01 
  707.000;8.608230948e-01 
  708.000;8.637223840e-01 
  709.000;8.697772026e-01 
  710.000;8.632411361e-01 
  711.000;8.698201776e-01 
  712.000;8.755057454e-01 
  713.000;8.708694577e-01 
  714.000;8.693246245e-01 
  715.000;8.620498180e-01 
  716.000;8.547381759e-01 
  717.000;8.104127049e-01 
  718.000;7.853146791e-01 
  719.000;7.766618729e-01 
  720.000;7.637393475e-01 
  721.000;8.231921792e-01 
  722.000;8.464108109e-01 
  723.000;8.331339955e-01 
  724.000;7.975773811e-01 
  725.000;8.027002811e-01 
  726.000;8.010081053e-01 
  727.000;8.058310151e-01 
  728.000;8.004111648e-01 
  729.000;8.136692047e-01 
  730.000;8.112048507e-01 
  731.000;8.082648516e-01 
  732.000;8.313194513e-01 
  733.000;8.545426130e-01 
  734.000;8.661035299e-01 
  735.000;8.618009686e-01 
  736.000;8.540095687e-01 
  737.000;8.596336842e-01 
  738.000;8.675326705e-01 
  739.000;8.708949685e-01 
  740.000;8.786308169e-01 
  741.000;8.831152916e-01 
  742.000;8.849235773e-01 
  743.000;8.891428113e-01 
  744.000;8.907863498e-01 
  745.000;8.922070861e-01 
  746.000;8.932718635e-01 
  747.000;8.935065866e-01 
  748.000;8.946141601e-01 
  749.000;8.951126337e-01 
  750.000;8.947043419e-01 
  751.000;8.948479295e-01 
  752.000;8.958117962e-01 
  753.000;8.961681724e-01 
  754.000;8.964330554e-01 
  755.000;8.965765238e-01 
  756.000;8.967366815e-01 
  757.000;8.967888355e-01 
  758.000;8.943038583e-01 
  759.000;8.090541363e-01 
  760.000;3.260278106e-01 
  761.000;2.861293554e-01 
  762.000;5.658363104e-01 
  763.000;4.704757631e-01 
  764.000;5.177685022e-01 
  765.000;6.194297671e-01 
  766.000;7.262765765e-01 
  767.000;7.883362770e-01 
  768.000;8.347547054e-01 
  769.000;8.683138490e-01 
  770.000;8.875003457e-01 
  771.000;8.966776133e-01 
  772.000;8.988710642e-01 
  773.000;8.997657895e-01 
  774.000;9.009805322e-01 
  775.000;9.015710354e-01 
  776.000;9.019308686e-01 
  777.000;9.019516110e-01 
  778.000;9.018247724e-01 
  779.000;9.016685486e-01 
  780.000;9.015041590e-01 
  781.000;9.018459916e-01 
  782.000;9.016719460e-01 
  783.000;9.015114903e-01 
  784.000;9.010244608e-01 
  785.000;8.989613652e-01 
  786.000;8.961423635e-01 
  787.000;8.897868991e-01 
  788.000;8.864546418e-01 
  789.000;8.749509454e-01 
  790.000;8.738784194e-01 
  791.000;8.759364486e-01 
  792.000;8.777916431e-01 
  793.000;8.823163509e-01 
  794.000;8.922034502e-01 
  795.000;8.859561682e-01 
  796.000;8.699631095e-01 
  797.000;8.743700385e-01 
  798.000;8.843377233e-01 
  799.000;8.819244504e-01 
  800.000;8.745151758e-01 
  801.000;8.752920032e-01 
  802.000;8.744434118e-01 
  803.000;8.754281998e-01 
  804.000;8.787381649e-01 
  805.000;8.852529526e-01 
  806.000;8.891856670e-01 
  807.000;8.892629147e-01 
  808.000;8.869034648e-01 
  809.000;8.840325475e-01 
  810.000;8.809416294e-01 
  811.000;8.747609854e-01 
  812.000;8.665972352e-01 
  813.000;8.568043113e-01 
  814.000;8.442226648e-01 
  815.000;8.290627003e-01 
  816.000;8.101846576e-01 
  817.000;8.112012148e-01 
  818.000;8.126521111e-01 
  819.000;8.186878562e-01 
  820.000;8.397271633e-01 
  821.000;8.650018573e-01 
  822.000;8.455170989e-01 
  823.000;7.952247858e-01 
  824.000;8.370752931e-01 
  825.000;8.660720587e-01 
  826.000;8.608359694e-01 
  827.000;8.570100665e-01 
  828.000;8.379574418e-01 
  829.000;8.446570635e-01 
  830.000;8.522298336e-01 
  831.000;8.539362550e-01 
  832.000;8.546011448e-01 
  833.000;8.590018749e-01 
  834.000;8.642291427e-01 
  835.000;8.749021888e-01 
  836.000;8.712970018e-01 
  837.000;8.708458543e-01 
  838.000;8.760440350e-01 
  839.000;8.791754842e-01 
  840.000;8.802642226e-01 
  841.000;8.766729236e-01 
  842.000;8.797299862e-01 
  843.000;8.872559667e-01 
  844.000;8.906543255e-01 
  845.000;8.921760917e-01 
  846.000;8.938047886e-01 
  847.000;8.956489563e-01 
  848.000;8.924474716e-01 
  849.000;8.927605152e-01 
  850.000;8.911417723e-01 
  851.000;8.892258406e-01 
  852.000;8.893334270e-01 
  853.000;8.922930956e-01 
  854.000;8.920158744e-01 
  855.000;8.935088515e-01 
  856.000;8.964489698e-01 
  857.000;8.977279067e-01 
  858.000;8.983280063e-01 
  859.000;8.998539448e-01 
  860.000;9.006233215e-01 
  861.000;9.006785154e-01 
  862.000;9.010549188e-01 
  863.000;9.010456800e-01 
  864.000;9.012877941e-01 
  865.000;9.014638066e-01 
  866.000;9.014669061e-01 
  867.000;9.013531804e-01 
  868.000;9.013227820e-01 
  869.000;9.013410807e-01 
  870.000;9.012151361e-01 
  871.000;9.012264013e-01 
  872.000;9.013555646e-01 
  873.000;9.010974169e-01 
  874.000;9.009299278e-01 
  875.000;9.008402824e-01 
  876.000;9.004344344e-01 
  877.000;9.002031088e-01 
  878.000;8.990312219e-01 
  879.000;8.989701867e-01 
  880.000;8.979637623e-01 
  881.000;8.974615932e-01 
  882.000;8.969070315e-01 
  883.000;8.973315954e-01 
  884.000;8.974653482e-01 
  885.000;8.956180215e-01 
  886.000;8.933162093e-01 
  887.000;8.949161172e-01 
  888.000;8.947429657e-01 
  889.000;8.953179121e-01 
  890.000;8.940514922e-01 
  891.000;8.911010623e-01 
  892.000;8.849691749e-01 
  893.000;8.668596148e-01 
  894.000;8.580684662e-01 
  895.000;8.319935799e-01 
  896.000;8.097676635e-01 
  897.000;7.873142362e-01 
  898.000;7.771496773e-01 
  899.000;7.494381070e-01 
  900.000;7.533164620e-01 
  901.000;7.462666035e-01 
  902.000;7.474703193e-01 
  903.000;7.946931720e-01 
  904.000;8.259647489e-01 
  905.000;8.246621490e-01 
  906.000;8.048666120e-01 
  907.000;7.718007565e-01 
  908.000;7.511711121e-01 
  909.000;7.520168424e-01 
  910.000;7.550099492e-01 
  911.000;7.687036395e-01 
  912.000;7.619855404e-01 
  913.000;7.339898944e-01 
  914.000;7.475443482e-01 
  915.000;7.584975362e-01 
  916.000;7.614501119e-01 
  917.000;7.675168514e-01 
  918.000;7.754655480e-01 
  919.000;8.037062883e-01 
  920.000;8.260905147e-01 
  921.000;8.209537864e-01 
  922.000;8.204507232e-01 
  923.000;8.141141534e-01 
  924.000;7.992585301e-01 
  925.000;7.980840802e-01 
  926.000;7.979117632e-01 
  927.000;7.813075781e-01 
  928.000;7.567462325e-01 
  929.000;7.231965661e-01 
  930.000;6.830040216e-01 
  931.000;6.394175887e-01 
  932.000;5.781666040e-01 
  933.000;5.251952410e-01 
  934.000;4.659850597e-01 
  935.000;4.598187208e-01 
  936.000;4.837253690e-01 
  937.000;4.774127603e-01 
  938.000;5.421442986e-01 
  939.000;6.786350608e-01 
  940.000;6.977623701e-01 
  941.000;6.811916828e-01 
  942.000;6.415406466e-01 
  943.000;5.700842142e-01 
  944.000;5.645350218e-01 
  945.000;5.923936963e-01 
  946.000;5.938141346e-01 
  947.000;6.165822148e-01 
  948.000;6.293886304e-01 
  949.000;6.277188659e-01 
  950.000;6.309373975e-01 
  951.000;6.587263942e-01 
  952.000;6.289812326e-01 
  953.000;6.499389410e-01 
  954.000;6.720503569e-01 
  955.000;6.541325450e-01 
  956.000;6.501056552e-01 
  957.000;7.065368295e-01 
  958.000;7.140433788e-01 
  959.000;7.042984366e-01 
  960.000;7.014781237e-01 
  961.000;6.967077851e-01 
  962.000;7.010079622e-01 
  963.000;7.331858277e-01 
  964.000;7.379021049e-01 
  965.000;7.346361876e-01 
  966.000;7.363753319e-01 
  967.000;7.606366277e-01 
  968.000;8.040605783e-01 
  969.000;8.248891830e-01 
  970.000;8.259234428e-01 
  971.000;8.253556490e-01 
  972.000;8.193213940e-01 
  973.000;8.056201339e-01 
  974.000;7.893927097e-01 
  975.000;7.792223692e-01 
  976.000;7.916170955e-01 
  977.000;8.127639890e-01 
  978.000;8.109028339e-01 
  979.000;8.164317608e-01 
  980.000;8.390194774e-01 
  981.000;8.440874815e-01 
  982.000;8.387928009e-01 
  983.000;8.507080674e-01 
  984.000;8.632206321e-01 
  985.000;8.704386950e-01 
  986.000;8.798739910e-01 
  987.000;8.840116858e-01 
  988.000;8.848866820e-01 
  989.000;8.854565620e-01 
  990.000;8.864268661e-01 
  991.000;8.900113106e-01 
  992.000;8.909903765e-01 
  993.000;8.913360834e-01 
  994.000;8.943541646e-01 
  995.000;8.966203332e-01 
  996.000;8.965607882e-01 
  997.000;8.950804472e-01 
  998.000;8.935534954e-01 
  999.000;8.929255605e-01 
 1000.000;8.933898807e-01 
 1001.000;8.898558617e-01 
 1002.000;8.842705488e-01 
 1003.000;8.855431080e-01 
 1004.000;8.886939287e-01 
 1005.000;8.901341558e-01 
 1006.000;8.905470967e-01 
 1007.000;8.894720078e-01 
 1008.000;8.849062920e-01 
 1009.000;8.788681626e-01 
 1010.000;8.814823031e-01 
 1011.000;8.878481984e-01 
 1012.000;8.902497888e-01 
 1013.000;8.921417594e-01 
 1014.000;8.929075599e-01 
 1015.000;8.930223584e-01 
 1016.000;8.938508034e-01 
 1017.000;8.940957189e-01 
 1018.000;8.931836486e-01 
 1019.000;8.908887506e-01 
 1020.000;8.916478753e-01 
 1021.000;8.932301402e-01 
 1022.000;8.904561400e-01 
 1023.000;8.881359100e-01 
 1024.000;8.867289424e-01 
 1025.000;8.908319473e-01 
 1026.000;8.926101327e-01 
 1027.000;8.917897344e-01 
 1028.000;8.923639655e-01 
 1029.000;8.939640522e-01 
 1030.000;8.956192136e-01 
 1031.000;8.964372873e-01 
 1032.000;8.970227242e-01 
 1033.000;8.971682191e-01 
 1034.000;8.975661993e-01 
 1035.000;8.976781368e-01 
 1036.000;8.973783255e-01 
 1037.000;8.972701430e-01 
 1038.000;8.973682523e-01 
 1039.000;8.970720768e-01 
 1040.000;8.967792392e-01 
 1041.000;8.965513706e-01 
 1042.000;8.964603543e-01 
 1043.000;8.963975310e-01 
 1044.000;8.961625695e-01 
 1045.000;8.955910802e-01 
 1046.000;8.951746225e-01 
 1047.000;8.946678042e-01 
 1048.000;8.938779831e-01 
 1049.000;8.930042386e-01 
 1050.000;8.923607469e-01 
 1051.000;8.916049600e-01 
 1052.000;8.909976482e-01 
 1053.000;8.908239603e-01 
 1054.000;8.899890780e-01 
 1055.000;8.891276121e-01 
 1056.000;8.883312345e-01 
 1057.000;8.866092563e-01 
 1058.000;8.836274147e-01 
 1059.000;8.835988641e-01 
 1060.000;8.847919703e-01 
 1061.000;8.842942119e-01 
 1062.000;8.822953105e-01 
 1063.000;8.812249303e-01 
 1064.000;8.793697357e-01 
 1065.000;8.774789572e-01 
 1066.000;8.775521517e-01 
 1067.000;8.766770363e-01 
 1068.000;8.732574582e-01 
 1069.000;8.722091913e-01 
 1070.000;8.731547594e-01 
 1071.000;8.713054061e-01 
 1072.000;8.692627549e-01 
 1073.000;8.690670133e-01 
 1074.000;8.696013093e-01 
 1075.000;8.728693128e-01 
 1076.000;8.712536097e-01 
 1077.000;8.686324954e-01 
 1078.000;8.655391335e-01 
 1079.000;8.652787209e-01 
 1080.000;8.567780852e-01 
 1081.000;8.564237356e-01 
 1082.000;8.602913022e-01 
 1083.000;8.558778167e-01 
 1084.000;8.510629535e-01 
 1085.000;8.395879269e-01 
 1086.000;8.423576355e-01 
 1087.000;8.552784920e-01 
 1088.000;8.558220863e-01 
 1089.000;8.403644562e-01 
 1090.000;8.375792503e-01 
 1091.000;8.405781984e-01 
 1092.000;8.331279755e-01 
 1093.000;8.166995645e-01 
 1094.000;8.096849322e-01 
 1095.000;8.108968735e-01 
 1096.000;8.120379448e-01 
 1097.000;8.089627624e-01 
 1098.000;7.714432478e-01 
 1099.000;7.416384816e-01 
 1100.000;7.436760068e-01 
 1101.000;7.477389574e-01 
 1102.000;7.459015250e-01 
 1103.000;7.486538291e-01 
 1104.000;7.438105345e-01 
 1105.000;7.317868471e-01 
 1106.000;7.198757529e-01 
 1107.000;7.229261994e-01 
 1108.000;7.252177596e-01 
 1109.000;7.357202172e-01 
 1110.000;7.346814871e-01 
 1111.000;7.290544510e-01 
 1112.000;7.043588758e-01 
 1113.000;6.720744967e-01 
 1114.000;6.635223031e-01 
 1115.000;6.244503856e-01 
 1116.000;5.993299484e-01 
 1117.000;5.333490372e-01 
 1118.000;4.652476907e-01 
 1119.000;4.294272959e-01 
 1120.000;3.850148320e-01 
 1121.000;3.755191267e-01 
 1122.000;3.306204081e-01 
 1123.000;3.554355204e-01 
 1124.000;3.724431694e-01 
 1125.000;3.635914624e-01 
 1126.000;3.599962592e-01 
 1127.000;3.635964990e-01 
 1128.000;3.706476688e-01 
 1129.000;4.163357913e-01 
 1130.000;5.257928967e-01 
 1131.000;5.542929769e-01 
 1132.000;5.149171948e-01 
 1133.000;4.351036549e-01 
 1134.000;2.983250618e-01 
 1135.000;3.080546856e-01 
 1136.000;4.459403455e-01 
 1137.000;5.240491033e-01 
 1138.000;5.891963243e-01 
 1139.000;6.068053842e-01 
 1140.000;5.957702994e-01 
 1141.000;5.720021725e-01 
 1142.000;5.632269382e-01 
 1143.000;5.341047049e-01 
 1144.000;4.985013306e-01 
 1145.000;4.454011619e-01 
 1146.000;4.578856528e-01 
 1147.000;4.992768764e-01 
 1148.000;5.347640514e-01 
 1149.000;5.482407808e-01 
 1150.000;5.484403968e-01 
 1151.000;5.677552819e-01 
 1152.000;5.768337250e-01 
 1153.000;5.898794532e-01 
 1154.000;5.858092904e-01 
 1155.000;6.095752716e-01 
 1156.000;6.348086596e-01 
 1157.000;6.847742200e-01 
 1158.000;7.058117390e-01 
 1159.000;7.243319154e-01 
 1160.000;7.321184278e-01 
 1161.000;7.526352406e-01 
 1162.000;7.678579688e-01 
 1163.000;7.870660424e-01 
 1164.000;7.917414308e-01 
 1165.000;7.929903865e-01 
 1166.000;7.970085740e-01 
 1167.000;7.994570136e-01 
 1168.000;7.984310985e-01 
 1169.000;8.012555242e-01 
 1170.000;8.038666248e-01 
 1171.000;8.110425472e-01 
 1172.000;8.067631125e-01 
 1173.000;8.025473952e-01 
 1174.000;8.027828336e-01 
 1175.000;8.142349720e-01 
 1176.000;8.249950409e-01 
 1177.000;8.199156523e-01 
 1178.000;8.096200824e-01 
 1179.000;8.096729517e-01 
 1180.000;8.059960604e-01 
 1181.000;7.966582179e-01 
 1182.000;7.875012159e-01 
 1183.000;7.886312604e-01 
 1184.000;7.938573956e-01 
 1185.000;8.068570495e-01 
 1186.000;8.029660583e-01 
 1187.000;7.897479534e-01 
 1188.000;7.867405415e-01 
 1189.000;7.948776484e-01 
 1190.000;8.160928488e-01 
 1191.000;8.225262761e-01 
 1192.000;8.319167495e-01 
 1193.000;8.298878074e-01 
 1194.000;8.284235597e-01 
 1195.000;8.191392422e-01 
 1196.000;8.204028010e-01 
 1197.000;8.159402609e-01 
 1198.000;8.149595857e-01 
 1199.000;8.094152212e-01 
 1200.000;8.125870824e-01 
 1201.000;8.133636117e-01 
 1202.000;8.117251396e-01 
 1203.000;8.071811795e-01 
 1204.000;8.078655005e-01 
 1205.000;8.230006695e-01 
 1206.000;8.307012320e-01 
 1207.000;8.340708017e-01 
 1208.000;8.324469328e-01 
 1209.000;8.292723894e-01 
 1210.000;8.242955208e-01 
 1211.000;8.238443732e-01 
 1212.000;8.258412480e-01 
 1213.000;8.327703476e-01 
 1214.000;8.318064213e-01 
 1215.000;8.340380788e-01 
 1216.000;8.421333432e-01 
 1217.000;8.485133052e-01 
 1218.000;8.501691222e-01 
 1219.000;8.505830765e-01 
 1220.000;8.511960506e-01 
 1221.000;8.528463244e-01 
 1222.000;8.539865017e-01 
 1223.000;8.549271822e-01 
 1224.000;8.608931303e-01 
 1225.000;8.623960018e-01 
 1226.000;8.641998172e-01 
 1227.000;8.673667908e-01 
 1228.000;8.709900379e-01 
 1229.000;8.737741709e-01 
 1230.000;8.768416643e-01 
 1231.000;8.785052299e-01 
 1232.000;8.789895177e-01 
 1233.000;8.792570233e-01 
 1234.000;8.829771876e-01 
 1235.000;8.842832446e-01 
 1236.000;8.849345446e-01 
 1237.000;8.861121535e-01 
 1238.000;8.863924146e-01 
 1239.000;8.864679933e-01 
 1240.000;8.862291574e-01 
 1241.000;8.854213357e-01 
 1242.000;8.844919801e-01 
 1243.000;8.836695552e-01 
 1244.000;8.821141124e-01 
 1245.000;8.810040951e-01 
 1246.000;8.797435760e-01 
 1247.000;8.780971766e-01 
 1248.000;8.764873147e-01 
 1249.000;8.753654361e-01 
 1250.000;8.737366199e-01 
 1251.000;8.717509508e-01 
 1252.000;8.694789410e-01 
 1253.000;8.671618700e-01 
 1254.000;8.627002835e-01 
 1255.000;8.592404723e-01 
 1256.000;8.558667898e-01 
 1257.000;8.515501618e-01 
 1258.000;8.411679864e-01 
 1259.000;8.330489397e-01 
 1260.000;8.241718411e-01 
 1261.000;8.145549893e-01 
 1262.000;7.970492840e-01 
 1263.000;7.901337147e-01 
 1264.000;7.855972052e-01 
 1265.000;7.838770151e-01 
 1266.000;7.771063447e-01 
 1267.000;7.691075206e-01 
 1268.000;7.595087290e-01 
 1269.000;7.553853393e-01 
 1270.000;7.804480791e-01 
 1271.000;7.926033139e-01 
 1272.000;8.018956184e-01 
 1273.000;8.092997670e-01 
 1274.000;8.183169365e-01 
 1275.000;8.234752417e-01 
 1276.000;8.271232843e-01 
 1277.000;8.304026723e-01 
 1278.000;8.343446255e-01 
 1279.000;8.370701671e-01 
 1280.000;8.418229818e-01 
 1281.000;8.467020392e-01 
 1282.000;8.509166837e-01 
 1283.000;8.545516729e-01 
 1284.000;8.555595279e-01 
 1285.000;8.574014902e-01 
 1286.000;8.563968539e-01 
 1287.000;8.536691666e-01 
 1288.000;8.422447443e-01 
 1289.000;8.390378356e-01 
 1290.000;8.388086557e-01 
 1291.000;8.411687016e-01 
 1292.000;8.467528224e-01 
 1293.000;8.475720882e-01 
 1294.000;8.427186012e-01 
 1295.000;8.346880674e-01 
 1296.000;8.264804482e-01 
 1297.000;8.198677897e-01 
 1298.000;8.196747303e-01 
 1299.000;8.195789456e-01 
 1300.000;8.185958266e-01 
 1301.000;8.172289133e-01 
 1302.000;8.126028180e-01 
 1303.000;7.984569073e-01 
 1304.000;7.933840752e-01 
 1305.000;7.911146879e-01 
 1306.000;7.895250916e-01 
 1307.000;7.861555219e-01 
 1308.000;7.776609659e-01 
 1309.000;7.663194537e-01 
 1310.000;7.649754286e-01 
 1311.000;7.652394772e-01 
 1312.000;7.513521314e-01 
 1313.000;7.361342907e-01 
 1314.000;7.233534455e-01 
 1315.000;7.294980884e-01 
 1316.000;7.393624783e-01 
 1317.000;7.389439344e-01 
 1318.000;7.239615321e-01 
 1319.000;7.030864358e-01 
 1320.000;6.804988980e-01 
 1321.000;6.721211672e-01 
 1322.000;6.867864132e-01 
 1323.000;7.034855485e-01 
 1324.000;7.122678757e-01 
 1325.000;7.079473734e-01 
 1326.000;6.922711730e-01 
 1327.000;6.599117517e-01 
 1328.000;6.251178980e-01 
 1329.000;5.547192693e-01 
 1330.000;5.251557827e-01 
 1331.000;5.042895079e-01 
 1332.000;5.124673247e-01 
 1333.000;5.307962894e-01 
 1334.000;5.557020307e-01 
 1335.000;5.722551346e-01 
 1336.000;5.786120296e-01 
 1337.000;5.830392838e-01 
 1338.000;5.935639143e-01 
 1339.000;6.005408168e-01 
 1340.000;6.092791557e-01 
 1341.000;6.083222032e-01 
 1342.000;6.095657349e-01 
 1343.000;5.832406282e-01 
 1344.000;5.477353930e-01 
 1345.000;4.366964102e-01 
 1346.000;3.615352213e-01 
 1347.000;3.101055026e-01 
 1348.000;2.495288849e-01 
 1349.000;2.253734618e-01 
 1350.000;1.712980121e-01 
 1351.000;1.453808993e-01 
 1352.000;1.030975804e-01 
 1353.000;6.582413614e-02 
 1354.000;4.850367829e-02 
 1355.000;3.435739502e-02 
 1356.000;2.321427874e-02 
 1357.000;1.378174312e-02 
 1358.000;8.698076941e-03 
 1359.000;3.601878416e-03 
 1360.000;2.137818839e-03 
 1361.000;1.464502071e-03 
 1362.000;1.336285030e-03 
 1363.000;2.148035914e-03 
 1364.000;2.554343781e-03 
 1365.000;2.741722623e-03 
 1366.000;3.327093786e-03 
 1367.000;2.648289548e-03 
 1368.000;2.207909012e-03 
 1369.000;2.339860424e-03 
 1370.000;4.556664266e-03 
 1371.000;1.033973973e-02 
 1372.000;2.472627908e-02 
 1373.000;4.103580490e-02 
 1374.000;5.338918045e-02 
 1375.000;5.953898281e-02 
 1376.000;5.476932228e-02 
 1377.000;4.576251656e-02 
 1378.000;3.138929605e-02 
 1379.000;1.783564873e-02 
 1380.000;7.973201573e-03 
 1381.000;3.668603254e-03 
 1382.000;2.328764182e-03 
 1383.000;2.205375349e-03 
 1384.000;4.248511046e-03 
 1385.000;7.055476308e-03 
 1386.000;1.277726144e-02 
 1387.000;3.147072345e-02 
 1388.000;4.641809687e-02 
 1389.000;5.578486621e-02 
 1390.000;5.886638537e-02 
 1391.000;5.261129141e-02 
 1392.000;3.562542051e-02 
 1393.000;2.416887693e-02 
 1394.000;1.660130918e-02 
 1395.000;1.979225874e-02 
 1396.000;3.110560961e-02 
 1397.000;4.481564090e-02 
 1398.000;4.675267637e-02 
 1399.000;4.245268181e-02 
 1400.000;4.011990502e-02 
 1401.000;4.338587821e-02 
 1402.000;5.749588832e-02 
 1403.000;7.020630687e-02 
 1404.000;6.508806348e-02 
 1405.000;6.913625449e-02 
 1406.000;6.212821975e-02 
 1407.000;6.495227665e-02 
 1408.000;8.384342492e-02 
 1409.000;1.023127884e-01 
 1410.000;1.317821443e-01 
 1411.000;1.613087505e-01 
 1412.000;1.623374969e-01 
 1413.000;1.790631860e-01 
 1414.000;1.735524982e-01 
 1415.000;1.961984187e-01 
 1416.000;2.134038061e-01 
 1417.000;2.190545350e-01 
 1418.000;2.211823016e-01 
 1419.000;2.251650244e-01 
 1420.000;2.318696529e-01 
 1421.000;2.612476051e-01 
 1422.000;2.756688595e-01 
 1423.000;2.818045318e-01 
 1424.000;2.803807855e-01 
 1425.000;2.709397674e-01 
 1426.000;2.724579275e-01 
 1427.000;2.861104310e-01 
 1428.000;2.966039479e-01 
 1429.000;3.083917797e-01 
 1430.000;3.036518693e-01 
 1431.000;2.757160068e-01 
 1432.000;2.609852552e-01 
 1433.000;2.603011131e-01 
 1434.000;2.535387576e-01 
 1435.000;2.721053958e-01 
 1436.000;2.799627185e-01 
 1437.000;2.836659849e-01 
 1438.000;3.049373031e-01 
 1439.000;3.084816337e-01 
 1440.000;3.183374107e-01 
 1441.000;3.242808878e-01 
 1442.000;3.186031580e-01 
 1443.000;3.191761971e-01 
 1444.000;3.270578086e-01 
 1445.000;3.299402297e-01 
 1446.000;3.453292549e-01 
 1447.000;3.602089286e-01 
 1448.000;3.628915250e-01 
 1449.000;3.549115062e-01 
 1450.000;3.393307924e-01 
 1451.000;3.472529054e-01 
 1452.000;3.727150559e-01 
 1453.000;4.188337922e-01 
 1454.000;4.665872157e-01 
 1455.000;4.991091192e-01 
 1456.000;5.277776718e-01 
 1457.000;5.319963098e-01 
 1458.000;5.359939933e-01 
 1459.000;5.151385069e-01 
 1460.000;4.959561527e-01 
 1461.000;4.848819077e-01 
 1462.000;4.571200907e-01 
 1463.000;4.571052194e-01 
 1464.000;4.496271610e-01 
 1465.000;4.297037125e-01 
 1466.000;4.042877257e-01 
 1467.000;3.883159161e-01 
 1468.000;3.695232570e-01 
 1469.000;3.410667777e-01 
 1470.000;3.310704529e-01 
 1471.000;3.629688323e-01 
 1472.000;4.073858857e-01 
 1473.000;4.702825248e-01 
 1474.000;5.185178518e-01 
 1475.000;5.166531801e-01 
 1476.000;5.166827440e-01 
 1477.000;5.008518696e-01 
 1478.000;4.845172167e-01 
 1479.000;4.647033215e-01 
 1480.000;4.743247926e-01 
 1481.000;4.960277975e-01 
 1482.000;5.172753930e-01 
 1483.000;5.238031745e-01 
 1484.000;5.222463012e-01 
 1485.000;5.193002224e-01 
 1486.000;5.361662507e-01 
 1487.000;5.742731094e-01 
 1488.000;5.761615038e-01 
 1489.000;6.180748940e-01 
 1490.000;6.523327231e-01 
 1491.000;6.698425412e-01 
 1492.000;6.733877659e-01 
 1493.000;6.836339831e-01 
 1494.000;6.852794290e-01 
 1495.000;6.968049407e-01 
 1496.000;7.188260555e-01 
 1497.000;7.196571231e-01 
 1498.000;7.386416197e-01 
 1499.000;7.582436204e-01 
 1500.000;7.714827061e-01 
 1501.000;7.674585581e-01 
 1502.000;7.594729662e-01 
 1503.000;7.547098398e-01 
 1504.000;7.589563131e-01 
 1505.000;7.739366293e-01 
 1506.000;7.742487788e-01 
 1507.000;7.873435020e-01 
 1508.000;7.945935726e-01 
 1509.000;8.018447161e-01 
 1510.000;8.044089079e-01 
 1511.000;8.095510006e-01 
 1512.000;8.130446672e-01 
 1513.000;8.144616485e-01 
 1514.000;8.144595623e-01 
 1515.000;8.184452057e-01 
 1516.000;8.197161555e-01 
 1517.000;8.234378695e-01 
 1518.000;8.306814432e-01 
 1519.000;8.394650221e-01 
 1520.000;8.505396843e-01 
 1521.000;8.565745354e-01 
 1522.000;8.566468358e-01 
 1523.000;8.581787348e-01 
 1524.000;8.558036089e-01 
 1525.000;8.530688882e-01 
 1526.000;8.532134891e-01 
 1527.000;8.552281260e-01 
 1528.000;8.580937982e-01 
 1529.000;8.581263423e-01 
 1530.000;8.599398136e-01 
 1531.000;8.606051803e-01 
 1532.000;8.614059687e-01 
 1533.000;8.618577719e-01 
 1534.000;8.632972240e-01 
 1535.000;8.658940196e-01 
 1536.000;8.659083247e-01 
 1537.000;8.687166572e-01 
 1538.000;8.712564111e-01 
 1539.000;8.728448749e-01 
 1540.000;8.736840487e-01 
 1541.000;8.748141527e-01 
 1542.000;8.748100400e-01 
 1543.000;8.769811392e-01 
 1544.000;8.801114559e-01 
 1545.000;8.856090307e-01 
 1546.000;8.874141574e-01 
 1547.000;8.896746039e-01 
 1548.000;8.912273049e-01 
 1549.000;8.912220001e-01 
 1550.000;8.913755417e-01 
 1551.000;8.914477229e-01 
 1552.000;8.915197849e-01 
 1553.000;8.921201229e-01 
 1554.000;8.921128511e-01 
 1555.000;8.930107355e-01 
 1556.000;8.935440779e-01 
 1557.000;8.938607574e-01 
 1558.000;8.935193419e-01 
 1559.000;8.929316998e-01 
 1560.000;8.929250836e-01 
 1561.000;8.922756910e-01 
 1562.000;8.910768628e-01 
 1563.000;8.897978067e-01 
 1564.000;8.862380385e-01 
 1565.000;8.797610402e-01 
 1566.000;8.797538280e-01 
 1567.000;8.692429662e-01 
 1568.000;8.547049165e-01 
 1569.000;8.390530944e-01 
 1570.000;8.279777765e-01 
 1571.000;8.277406096e-01 
 1572.000;8.242226243e-01 
 1573.000;8.271921873e-01 
 1574.000;8.329075575e-01 
 1575.000;8.365368247e-01 
 1576.000;8.365216851e-01 
 1577.000;8.381296396e-01 
 1578.000;8.401744962e-01 
 1579.000;8.441776633e-01 
 1580.000;8.514204621e-01 
 1581.000;8.514034748e-01 
 1582.000;8.600741625e-01 
 1583.000;8.682808876e-01 
 1584.000;8.756182194e-01 
 1585.000;8.811115623e-01 
 1586.000;8.811002374e-01 
 1587.000;8.852339387e-01 
 1588.000;8.882375956e-01 
 1589.000;8.890799880e-01 
 1590.000;8.893336058e-01 
 1591.000;8.893224001e-01 
 1592.000;8.885570765e-01 
 1593.000;8.866285086e-01 
 1594.000;8.834266067e-01 
 1595.000;8.781967163e-01 
 1596.000;8.781909347e-01 
 1597.000;8.696403503e-01 
 1598.000;8.577331305e-01 
 1599.000;8.442205191e-01 
 1600.000;8.342610598e-01 
 1601.000;8.342751861e-01 
 1602.000;8.311216831e-01 
 1603.000;8.338023424e-01 
 1604.000;8.388931155e-01 
 1605.000;8.388964534e-01 
 1606.000;8.408292532e-01 
 1607.000;8.395143151e-01 
 1608.000;8.385882378e-01 
 1609.000;8.385858536e-01 
 1610.000;8.403511047e-01 
 1611.000;8.464930058e-01 
 1612.000;8.546969295e-01 
 1613.000;8.623310924e-01 
 1614.000;8.623243570e-01 
 1615.000;8.684576750e-01 
 1616.000;8.732195497e-01 
 1617.000;8.781015277e-01 
 1618.000;8.780949712e-01 
 1619.000;8.826043010e-01 
 1620.000;8.866730928e-01 
 1621.000;8.895996213e-01 
 1622.000;8.895952106e-01 
 1623.000;8.915126920e-01 
 1624.000;8.924500942e-01 
 1625.000;8.943949938e-01 
 1626.000;8.929340243e-01 
 1627.000;8.930615783e-01 
 1628.000;8.923773170e-01 
 1629.000;8.916749954e-01 
 1630.000;8.904789090e-01 
 1631.000;8.904796839e-01 
 1632.000;8.890232444e-01 
 1633.000;8.881473541e-01 
 1634.000;8.862547874e-01 
 1635.000;8.862458467e-01 
 1636.000;8.834418058e-01 
 1637.000;8.799558878e-01 
 1638.000;8.799499869e-01 
 1639.000;8.758487701e-01 
 1640.000;8.733156919e-01 
 1641.000;8.716514707e-01 
 1642.000;8.716505170e-01 
 1643.000;8.713508248e-01 
 1644.000;8.713582754e-01 
 1645.000;8.708755374e-01 
 1646.000;8.708693981e-01 
 1647.000;8.707721233e-01 
 1648.000;8.698280454e-01 
 1649.000;8.699128628e-01 
 1650.000;8.698882461e-01 
 1651.000;8.707362413e-01 
 1652.000;8.715743423e-01 
 1653.000;8.738701940e-01 
 1654.000;8.738678098e-01 
 1655.000;8.763303161e-01 
 1656.000;8.781762719e-01 
 1657.000;8.782214522e-01 
 1658.000;8.799939156e-01 
 1659.000;8.806694150e-01 
 1660.000;8.796262145e-01 
 1661.000;8.796505332e-01 
 1662.000;8.776568770e-01 
 1663.000;8.760485053e-01 
 1664.000;8.742737770e-01 
 1665.000;8.742660284e-01 
 1666.000;8.752118945e-01 
 1667.000;8.795219660e-01 
 1668.000;8.795195222e-01 
 1669.000;8.825417757e-01 
 1670.000;8.847823143e-01 
 1671.000;8.857448697e-01 
 1672.000;8.857311010e-01 
 1673.000;8.844597936e-01 
 1674.000;8.835359812e-01 
 1675.000;8.835160732e-01 
 1676.000;8.830869794e-01 
 1677.000;8.834390044e-01 
 1678.000;8.846204877e-01 
 1679.000;8.845686913e-01 
 1680.000;8.854556084e-01 
 1681.000;8.860380650e-01 
 1682.000;8.860397935e-01 
 1683.000;8.855499625e-01 
 1684.000;8.849615455e-01 
 1685.000;8.840151429e-01 
 1686.000;8.840138912e-01 
 1687.000;8.817852139e-01 
 1688.000;8.801085949e-01 
 1689.000;8.800951838e-01 
 1690.000;8.778058290e-01 
 1691.000;8.777261376e-01 
 1692.000;8.776894808e-01 
 1693.000;8.780701756e-01 
 1694.000;8.781712651e-01 
 1695.000;8.771820068e-01 
 1696.000;8.771677613e-01 
 1697.000;8.765786290e-01 
 1698.000;8.767753243e-01 
 1699.000;8.767642379e-01 
 1700.000;8.772033453e-01 
 1701.000;8.786462545e-01 
 1702.000;8.786504269e-01 
 1703.000;8.768500090e-01 
 1704.000;8.738275766e-01 
 1705.000;8.738291860e-01 
 1706.000;8.707945943e-01 
 1707.000;8.691067100e-01 
 1708.000;8.697498441e-01 
 1709.000;8.697308898e-01 
 1710.000;8.700317740e-01 
 1711.000;8.697215915e-01 
 1712.000;8.697297573e-01 
 1713.000;8.681306839e-01 
 1714.000;8.688848615e-01 
 1715.000;8.688392043e-01 
 1716.000;8.690767884e-01 
 1717.000;8.707389832e-01 
 1718.000;8.706866503e-01 
 1719.000;8.673076630e-01 
 1720.000;8.594179749e-01 
 1721.000;8.593524098e-01 
 1722.000;8.536811471e-01 
 1723.000;8.476044536e-01 
 1724.000;8.474774361e-01 
 1725.000;8.506894708e-01 
 1726.000;8.546819091e-01 
 1727.000;8.546177745e-01 
 1728.000;8.541771173e-01 
 1729.000;8.564056158e-01 
 1730.000;8.563277125e-01 
 1731.000;8.499572873e-01 
 1732.000;8.451013565e-01 
 1733.000;8.450112939e-01 
 1734.000;8.427035809e-01 
 1735.000;8.341785073e-01 
 1736.000;8.341255784e-01 
 1737.000;8.324338198e-01 
 1738.000;8.302709460e-01 
 1739.000;8.301288486e-01 
 1740.000;8.261038661e-01 
 1741.000;8.247489929e-01 
 1742.000;8.246764541e-01 
 1743.000;8.212488294e-01 
 1744.000;8.182839155e-01 
 1745.000;8.181869388e-01 
 1746.000;8.136671185e-01 
 1747.000;8.167190552e-01 
 1748.000;8.165629506e-01 
 1749.000;8.200740814e-01 
 1750.000;8.182345033e-01 
 1751.000;8.182296157e-01 
 1752.000;8.165186048e-01 
 1753.000;8.124129772e-01 
 1754.000;8.123965263e-01 
 1755.000;8.067423701e-01 
 1756.000;8.072625399e-01 
 1757.000;8.072757721e-01 
 1758.000;8.112835884e-01 
 1759.000;8.112992644e-01 
 1760.000;8.062914610e-01 
 1761.000;7.960281968e-01 
 1762.000;7.960250378e-01 
 1763.000;7.860383391e-01 
 1764.000;7.687476277e-01 
 1765.000;7.687612772e-01 
 1766.000;7.644376755e-01 
 1767.000;7.680947781e-01 
 1768.000;7.681038380e-01 
 1769.000;7.656281590e-01 
 1770.000;7.636603713e-01 
 1771.000;7.636436224e-01 
 1772.000;7.540523410e-01 
 1773.000;7.532936931e-01 
 1774.000;7.309797406e-01 
 1775.000;7.134784460e-01 
 1776.000;7.125950456e-01 
 1777.000;6.998006701e-01 
 1778.000;6.887682676e-01 
 1779.000;6.887647510e-01 
 1780.000;6.800808907e-01 
 1781.000;6.746431589e-01 
 1782.000;6.746195555e-01 
 1783.000;6.638147235e-01 
 1784.000;6.638035774e-01 
 1785.000;6.647244096e-01 
 1786.000;6.651848555e-01 
 1787.000;6.651636362e-01 
 1788.000;6.641029119e-01 
 1789.000;6.414801478e-01 
 1790.000;6.414872408e-01 
 1791.000;6.159162521e-01 
 1792.000;6.117404103e-01 
 1793.000;5.812836885e-01 
 1794.000;5.579034686e-01 
 1795.000;5.578932166e-01 
 1796.000;5.222998261e-01 
 1797.000;4.899479151e-01 
 1798.000;4.899764955e-01 
 1799.000;4.247286022e-01 
 1800.000;4.247458875e-01 
 1801.000;3.712626994e-01 
 1802.000;3.429434896e-01 
 1803.000;3.429900408e-01 
 1804.000;3.370574117e-01 
 1805.000;3.305314183e-01 
 1806.000;3.088825047e-01 
 1807.000;3.004488349e-01 
 1808.000;2.927762568e-01 
 1809.000;2.558067739e-01 
 1810.000;2.229047865e-01 
 1811.000;2.229465097e-01 
 1812.000;1.951051503e-01 
 1813.000;1.951179206e-01 
 1814.000;1.779463589e-01 
 1815.000;1.423109472e-01 
 1816.000;1.423099190e-01 
 1817.000;1.308406889e-01 
 1818.000;1.248920113e-01 
 1819.000;1.061766893e-01 
 1820.000;9.630962461e-02 
 1821.000;9.634200484e-02 
 1822.000;9.090427309e-02 
 1823.000;9.093508869e-02 
 1824.000;8.221792430e-02 
 1825.000;5.269882083e-02 
 1826.000;5.271765217e-02 
 1827.000;3.706652671e-02 
 1828.000;3.424344212e-02 
 1829.000;1.849075593e-02 
 1830.000;1.131785568e-02 
 1831.000;1.132225990e-02 
 1832.000;7.406999823e-03 
 1833.000;7.410252932e-03 
 1834.000;4.083743319e-03 
 1835.000;1.733172568e-03 
 1836.000;1.733974670e-03 
 1837.000;1.157727442e-03 
 1838.000;1.099809422e-03 
 1839.000;1.381592359e-03 
 1840.000;2.318490762e-03 
 1841.000;2.319817198e-03 
 1842.000;3.769442439e-03 
 1843.000;3.771326039e-03 
 1844.000;4.890733398e-03 
 1845.000;4.723170307e-03 
 1846.000;3.793399548e-03 
 1847.000;2.859601285e-03 
 1848.000;2.861277433e-03 
 1849.000;2.739331685e-03 
 1850.000;2.740917960e-03 
 1851.000;2.615830628e-03 
 1852.000;2.609521616e-03 
 1853.000;2.610956086e-03 
 1854.000;2.626727335e-03 
 1855.000;2.679942641e-03 
 1856.000;2.952370094e-03 
 1857.000;2.954059513e-03 
 1858.000;4.066088703e-03 
 1859.000;7.300328929e-03 
 1860.000;7.304617669e-03 
 1861.000;1.277900487e-02 
 1862.000;1.236360706e-02 
 1863.000;1.355940755e-02 
 1864.000;1.139722392e-02 
 1865.000;1.140434481e-02 
 1866.000;5.595606286e-03 
 1867.000;5.598934367e-03 
 1868.000;1.423643786e-03 
 1869.000;1.459930674e-03 
 1870.000;4.033571167e-04 
 1871.000;2.267899981e-04 
 1872.000;2.266870142e-04 
 1873.000;4.936766927e-04 
 1874.000;4.937050398e-04 
 1875.000;1.826777705e-03 
 1876.000;1.849965192e-03 
 1877.000;6.957859732e-03 
 1878.000;1.518050954e-02 
 1879.000;1.518838480e-02 
 1880.000;2.313017286e-02 
 1881.000;2.314101346e-02 
 1882.000;3.104259633e-02 
 1883.000;3.284734488e-02 
 1884.000;3.686713427e-02 
 1885.000;3.688339517e-02 
 1886.000;3.704759106e-02 
 1887.000;3.737044707e-02 
 1888.000;3.738440573e-02 
 1889.000;3.021469712e-02 
 1890.000;3.022452630e-02 
 1891.000;2.670036070e-02 
 1892.000;2.671145275e-02 
 1893.000;2.379258163e-02 
 1894.000;2.079881728e-02 
 1895.000;2.080744132e-02 
 1896.000;1.471085288e-02 
 1897.000;1.471761428e-02 
 1898.000;7.764331531e-03 
 1899.000;7.768036332e-03 
 1900.000;4.370292183e-03 
 1901.000;4.365005065e-03 
 1902.000;3.380218288e-03 
 1903.000;4.938001279e-03 
 1904.000;4.939152393e-03 
 1905.000;7.924441248e-03 
 1906.000;7.928758860e-03 
 1907.000;1.169515587e-02 
 1908.000;1.169982646e-02 
 1909.000;1.279532816e-02 
 1910.000;1.280038524e-02 
 1911.000;1.376532484e-02 
 1912.000;1.409224421e-02 
 1913.000;1.835694164e-02 
 1914.000;2.359771729e-02 
 1915.000;2.360575274e-02 
 1916.000;4.125129431e-02 
 1917.000;4.126359150e-02 
 1918.000;5.409288406e-02 
 1919.000;5.410932750e-02 
 1920.000;7.146121562e-02 
 1921.000;7.148621976e-02 
 1922.000;8.475469053e-02 
 1923.000;8.815228939e-02 
 1924.000;9.339105338e-02 
 1925.000;9.610036016e-02 
 1926.000;9.613271803e-02 
 1927.000;1.090202257e-01 
 1928.000;1.090423837e-01 
 1929.000;1.189003736e-01 
 1930.000;1.189338341e-01 
 1931.000;1.489792019e-01 
 1932.000;1.490057558e-01 
 1933.000;1.634173691e-01 
 1934.000;1.716587842e-01 
 1935.000;1.914200783e-01 
 1936.000;1.914431006e-01 
 1937.000;1.970582157e-01 
 1938.000;2.173187137e-01 
 1939.000;2.173410952e-01 
 1940.000;2.361703068e-01 
 1941.000;2.361941636e-01 
 1942.000;2.602065802e-01 
 1943.000;2.602203190e-01 
 1944.000;2.772589028e-01 
 1945.000;2.772775292e-01 
 1946.000;3.007872403e-01 
 1947.000;3.008040786e-01 
 1948.000;3.072491288e-01 
 1949.000;3.119440377e-01 
 1950.000;3.150191903e-01 
 1951.000;3.150293231e-01 
 1952.000;2.991541028e-01 
 1953.000;3.032121360e-01 
 1954.000;2.948844135e-01 
 1955.000;2.948930264e-01 
 1956.000;2.901096940e-01 
 1957.000;3.048795462e-01 
 1958.000;3.048791885e-01 
 1959.000;3.365963995e-01 
 1960.000;3.366001248e-01 
 1961.000;3.753399849e-01 
 1962.000;3.753438592e-01 
 1963.000;4.237256348e-01 
 1964.000;4.237296283e-01 
 1965.000;4.741784036e-01 
 1966.000;4.742086828e-01 
 1967.000;5.182668567e-01 
 1968.000;5.182712078e-01 
 1969.000;5.684908628e-01 
 1970.000;5.684757233e-01 
 1971.000;6.028360128e-01 
 1972.000;6.042956710e-01 
 1973.000;6.297001243e-01 
 1974.000;6.297001839e-01 
 1975.000;6.519219279e-01 
 1976.000;6.531092525e-01 
 1977.000;6.407550573e-01 
 1978.000;6.735594869e-01 
 1979.000;6.890639067e-01 
 1980.000;6.897878051e-01 
 1981.000;7.076973319e-01 
 1982.000;7.077178955e-01 
 1983.000;7.162200212e-01 
 1984.000;7.167735100e-01 
 1985.000;7.220215201e-01 
 1986.000;7.220178843e-01 
 1987.000;7.266074419e-01 
 1988.000;7.270569205e-01 
 1989.000;7.237505317e-01 
 1990.000;7.237112522e-01 
 1991.000;7.172630429e-01 
 1992.000;7.175956964e-01 
 1993.000;7.001083493e-01 
 1994.000;7.001036406e-01 
 1995.000;6.589582562e-01 
 1996.000;6.591918468e-01 
 1997.000;5.710664988e-01 
 1998.000;5.710636377e-01 
 1999.000;4.400570691e-01 
 2000.000;4.402233660e-01 
 2001.000;3.440625370e-01 
 2002.000;3.440610766e-01 
 2003.000;3.015778661e-01 
 2004.000;3.016696274e-01 
 2005.000;2.997949123e-01 
 2006.000;2.997938991e-01 
 2007.000;3.210916519e-01 
 2008.000;3.211598992e-01 
 2009.000;3.393302560e-01 
 2010.000;3.393290043e-01 
 2011.000;3.470145166e-01 
 2012.000;3.470811248e-01 
 2013.000;3.557091951e-01 
 2014.000;3.557075262e-01 
 2015.000;3.733577430e-01 
 2016.000;3.734243214e-01 
 2017.000;4.149672985e-01 
 2018.000;4.149656296e-01 
 2019.000;4.810459316e-01 
 2020.000;4.811179042e-01 
 2021.000;5.577027202e-01 
 2022.000;5.576968193e-01 
 2023.000;6.242490411e-01 
 2024.000;6.243036389e-01 
 2025.000;6.719906926e-01 
 2026.000;6.719800234e-01 
 2027.000;7.023302913e-01 
 2028.000;7.023984790e-01 
 2029.000;7.265081406e-01 
 2030.000;7.265105844e-01 
 2031.000;7.446594238e-01 
 2032.000;7.446686625e-01 
 2033.000;7.571723461e-01 
 2034.000;7.571735382e-01 
 2035.000;7.651447058e-01 
 2036.000;7.651454210e-01 
 2037.000;7.651293874e-01 
 2038.000;7.651279569e-01 
 2039.000;7.621156573e-01 
 2040.000;7.623345852e-01 
 2041.000;7.550802827e-01 
 2042.000;7.550731301e-01 
 2043.000;7.409898043e-01 
 2044.000;7.409769893e-01 
 2045.000;7.181046605e-01 
 2046.000;7.186606526e-01 
 2047.000;7.180303335e-01 
 2048.000;6.818716526e-01 
 2049.000;6.818867922e-01 
 2050.000;6.390869021e-01 
 2051.000;6.390880346e-01 
 2052.000;6.085183620e-01 
 2053.000;6.085176468e-01 
 2054.000;6.009110212e-01 
 2055.000;6.009166241e-01 
 2056.000;6.131269336e-01 
 2057.000;6.131285429e-01 
 2058.000;6.317874789e-01 
 2059.000;6.317946315e-01 
 2060.000;6.383637190e-01 
 2061.000;6.383597851e-01 
 2062.000;6.369718909e-01 
 2063.000;6.369696856e-01 
 2064.000;6.370784640e-01 
 2065.000;6.370930672e-01 
 2066.000;6.370742917e-01 
 2067.000;6.432010531e-01 
 2068.000;6.431898475e-01 
 2069.000;6.553948522e-01 
 2070.000;6.554017663e-01 
 2071.000;6.836253405e-01 
 2072.000;6.836104989e-01 
 2073.000;7.112967968e-01 
 2074.000;7.112959027e-01 
 2075.000;7.343309522e-01 
 2076.000;7.343594432e-01 
 2077.000;7.527110577e-01 
 2078.000;7.533204556e-01 
 2079.000;7.533233762e-01 
 2080.000;7.656206489e-01 
 2081.000;7.656103373e-01 
 2082.000;7.725624442e-01 
 2083.000;7.725662589e-01 
 2084.000;7.797833681e-01 
 2085.000;7.797919512e-01 
 2086.000;7.875695229e-01 
 2087.000;7.875627875e-01 
 2088.000;7.963519692e-01 
 2089.000;7.963531017e-01 
 2090.000;8.051099181e-01 
 2091.000;8.051032424e-01 
 2092.000;8.050998449e-01 
 2093.000;8.105273247e-01 
 2094.000;8.105226159e-01 
 2095.000;8.148583174e-01 
 2096.000;8.148785830e-01 
 2097.000;8.171014190e-01 
 2098.000;8.171010017e-01 
 2099.000;8.227414489e-01 
 2100.000;8.227403760e-01 
 2101.000;8.308947682e-01 
 2102.000;8.308884501e-01 
 2103.000;8.308977485e-01 
 2104.000;8.358638883e-01 
 2105.000;8.358542323e-01 
 2106.000;8.410421610e-01 
 2107.000;8.410148025e-01 
 2108.000;8.426030278e-01 
 2109.000;8.426061869e-01 
 2110.000;8.414579034e-01 
 2111.000;8.414651155e-01 
 2112.000;8.419088125e-01 
 2113.000;8.419141769e-01 
 2114.000;8.419128656e-01 
 2115.000;8.419457674e-01 
 2116.000;8.419283628e-01 
 2117.000;8.430822492e-01 
 2118.000;8.430708051e-01 
 2119.000;8.471598029e-01 
 2120.000;8.471539021e-01 
 2121.000;8.526957035e-01 
 2122.000;8.526829481e-01 
 2123.000;8.526867032e-01 
 2124.000;8.588368297e-01 
 2125.000;8.588353992e-01 
 2126.000;8.658660054e-01 
 2127.000;8.658563495e-01 
 2128.000;8.725117445e-01 
 2129.000;8.725027442e-01 
 2130.000;8.765159249e-01 
 2131.000;8.765191436e-01 
 2132.000;8.765141368e-01 
 2133.000;8.794739842e-01 
 2134.000;8.794853091e-01 
 2135.000;8.811418414e-01 
 2136.000;8.811401129e-01 
 2137.000;8.815785646e-01 
 2138.000;8.815724850e-01 
 2139.000;8.815792799e-01 
 2140.000;8.811379075e-01 
 2141.000;8.811311126e-01 
 2142.000;8.773371577e-01 
 2143.000;8.773367405e-01 
 2144.000;8.690550923e-01 
 2145.000;8.690459132e-01 
 2146.000;8.576690555e-01 
 2147.000;8.576659560e-01 
 2148.000;8.576639891e-01 
 2149.000;8.459394574e-01 
 2150.000;8.459264040e-01 
 2151.000;8.375583887e-01 
 2152.000;8.375515342e-01 
 2153.000;8.367897272e-01 
 2154.000;8.367841840e-01 
 2155.000;8.367658257e-01 
 2156.000;8.385983109e-01 
 2157.000;8.385939598e-01 
 2158.000;8.393094540e-01 
 2159.000;8.393031955e-01 
 2160.000;8.403407335e-01 
 2161.000;8.403337002e-01 
 2162.000;8.403290510e-01 
 2163.000;8.423954248e-01 
 2164.000;8.423920870e-01 
 2165.000;8.442060947e-01 
 2166.000;8.442003131e-01 
 2167.000;8.471240401e-01 
 2168.000;8.471156359e-01 
 2169.000;8.471071124e-01 
 2170.000;8.497399092e-01 
 2171.000;8.497363925e-01 
 2172.000;8.493329883e-01 
 2173.000;8.493231535e-01 
 2174.000;8.477709293e-01 
 2175.000;8.477646112e-01 
 2176.000;8.477616906e-01 
 2177.000;8.457064033e-01 
 2178.000;8.457054496e-01 
 2179.000;8.417212367e-01 
 2180.000;8.417148590e-01 
 2181.000;8.417141438e-01 
 2182.000;8.375771642e-01 
 2183.000;8.375723362e-01 
 2184.000;8.397833705e-01 
 2185.000;8.397839069e-01 
 2186.000;8.434163332e-01 
 2187.000;8.434123993e-01 
 2188.000;8.434031606e-01 
 2189.000;8.460941911e-01 
 2190.000;8.461029530e-01 
 2191.000;8.426581621e-01 
 2192.000;8.426554203e-01 
 2193.000;8.309558034e-01 
 2194.000;8.309536576e-01 
 2195.000;8.309356570e-01 
 2196.000;8.174059391e-01 
 2197.000;8.174030781e-01 
 2198.000;8.087208271e-01 
 2199.000;8.087158799e-01 
 2200.000;8.087136745e-01 
 2201.000;8.131676912e-01 
 2202.000;8.131704330e-01 
 2203.000;8.259034157e-01 
 2204.000;8.258997798e-01 
 2205.000;8.259032965e-01 
 2206.000;8.421244025e-01 
 2207.000;8.421237469e-01 
 2208.000;8.563449979e-01 
 2209.000;8.563455343e-01 
 2210.000;8.631330729e-01 
 2211.000;8.631262183e-01 
 2212.000;8.631486297e-01 
 2213.000;8.638987541e-01 
 2214.000;8.639018536e-01 
 2215.000;8.628592491e-01 
 2216.000;8.628672361e-01 
 2217.000;8.628739715e-01 
 2218.000;8.607745171e-01 
 2219.000;8.609883785e-01 
 2220.000;8.596515059e-01 
 2221.000;8.596363664e-01 
 2222.000;8.596487641e-01 
 2223.000;8.589512706e-01 
 2224.000;8.589459062e-01 
 2225.000;8.570058942e-01 
 2226.000;8.569982052e-01 
 2227.000;8.569942117e-01 
 2228.000;8.543866873e-01 
 2229.000;8.544155359e-01 
 2230.000;8.503760695e-01 
 2231.000;8.503815532e-01 
 2232.000;8.503728509e-01 
 2233.000;8.470768332e-01 
 2234.000;8.470758796e-01 
 2235.000;8.435566425e-01 
 2236.000;8.435523510e-01 
 2237.000;8.435485959e-01 
 2238.000;8.404357433e-01 
 2239.000;8.404443264e-01 
 2240.000;8.385152817e-01 
 2241.000;8.384361863e-01 
 2242.000;8.384266496e-01 
 2243.000;8.361632228e-01 
 2244.000;8.361626863e-01 
 2245.000;8.339366317e-01 
 2246.000;8.339313865e-01 
 2247.000;8.339223266e-01 
 2248.000;8.316344023e-01 
 2249.000;8.316313028e-01 
 2250.000;8.276803493e-01 
 2251.000;8.276757598e-01 
 2252.000;8.276615143e-01 
 2253.000;8.215108514e-01 
 2254.000;8.215045929e-01 
 2255.000;8.170345426e-01 
 2256.000;8.170467019e-01 
 2257.000;8.170227408e-01 
 2258.000;8.128755093e-01 
 2259.000;8.128554821e-01 
 2260.000;8.097202778e-01 
 2261.000;8.096960187e-01 
 2262.000;8.097014427e-01 
 2263.000;8.105189204e-01 
 2264.000;8.103217483e-01 
 2265.000;8.103190660e-01 
 2266.000;8.088881969e-01 
 2267.000;8.088995218e-01 
 2268.000;8.086785078e-01 
 2269.000;8.046046495e-01 
 2270.000;8.086431623e-01 
 2271.000;8.105061054e-01 
 2272.000;8.105192184e-01 
 2273.000;8.091491461e-01 
 2274.000;8.095778823e-01 
 2275.000;8.091959953e-01 
 2276.000;8.108701706e-01 
 2277.000;8.108703494e-01 
 2278.000;8.113990426e-01 
 2279.000;8.113982677e-01 
 2280.000;8.113901615e-01 
 2281.000;8.080542088e-01 
 2282.000;8.080494404e-01 
 2283.000;8.080067039e-01 
 2284.000;8.061424494e-01 
 2285.000;8.061506748e-01 
 2286.000;8.001537323e-01 
 2287.000;8.001492620e-01 
 2288.000;8.001257181e-01 
 2289.000;7.909228802e-01 
 2290.000;7.910330296e-01 
 2291.000;7.841809392e-01 
 2292.000;7.838120461e-01 
 2293.000;7.838691473e-01 
 2294.000;7.755455375e-01 
 2295.000;7.755452991e-01 
 2296.000;7.755393386e-01 
 2297.000;7.748037577e-01 
 2298.000;7.748197317e-01 
 2299.000;7.768446207e-01 
 2300.000;7.768507004e-01 
 2301.000;7.768472433e-01 
 2302.000;7.854062319e-01 
 2303.000;7.854049206e-01 
 2304.000;7.853572965e-01 
 2305.000;7.981768847e-01 
 2306.000;7.981725335e-01 
 2307.000;8.025864959e-01 
 2308.000;8.025808334e-01 
 2309.000;8.025343418e-01 
 2310.000;7.979822159e-01 
 2311.000;7.979820371e-01 
 2312.000;7.979708314e-01 
 2313.000;7.826002836e-01 
 2314.000;7.826081514e-01 
 2315.000;7.638943791e-01 
 2316.000;7.639120817e-01 
 2317.000;7.639639974e-01 
 2318.000;7.870457172e-01 
 2319.000;7.870258689e-01 
 2320.000;7.609332204e-01 
 2321.000;7.650564313e-01 
 2322.000;7.650522590e-01 
 2323.000;7.767608762e-01 
 2324.000;7.767717242e-01 
 2325.000;7.767572999e-01 
 2326.000;7.866997123e-01 
 2327.000;7.866875529e-01 
 2328.000;7.867032290e-01 
 2329.000;7.830960155e-01 
 2330.000;7.830924392e-01 
 2331.000;7.830041051e-01 
 2332.000;7.714200020e-01 
 2333.000;7.740467787e-01 
 2334.000;7.556129694e-01 
 2335.000;7.556143403e-01 
 2336.000;7.555066943e-01 
 2337.000;7.378805876e-01 
 2338.000;7.378842235e-01 
 2339.000;7.378881574e-01 
 2340.000;7.254549861e-01 
 2341.000;7.254632115e-01 
 2342.000;7.169702649e-01 
 2343.000;7.169691324e-01 
 2344.000;7.169755697e-01 
 2345.000;7.118744850e-01 
 2346.000;7.116852403e-01 
 2347.000;7.115842700e-01 
 2348.000;7.111166716e-01 
 2349.000;7.111247778e-01 
 2350.000;7.111171484e-01 
 2351.000;7.172616124e-01 
 2352.000;7.172654867e-01 
 2353.000;7.280110717e-01 
 2354.000;7.280136347e-01 
 2355.000;7.280194163e-01 
 2356.000;7.401334047e-01 
 2357.000;7.402358055e-01 
 2358.000;7.400270700e-01 
 2359.000;7.442327738e-01 
 2360.000;7.442958951e-01 
 2361.000;7.439800501e-01 
 2362.000;7.328923345e-01 
 2363.000;7.328916788e-01 
 2364.000;7.326471806e-01 
 2365.000;7.148525715e-01 
 2366.000;7.151520848e-01 
 2367.000;6.926484108e-01 
 2368.000;6.926595569e-01 
 2369.000;6.926505566e-01 
 2370.000;6.831676364e-01 
 2371.000;6.831672192e-01 
 2372.000;6.831684709e-01 
 2373.000;6.863415241e-01 
 2374.000;6.863375306e-01 
 2375.000;6.860667467e-01 
 2376.000;6.859003305e-01 
 2377.000;6.859339476e-01 
 2378.000;6.858949661e-01 
 2379.000;6.929315329e-01 
 2380.000;6.929295063e-01 
 2381.000;6.899488568e-01 
 2382.000;6.899502277e-01 
 2383.000;6.899473667e-01 
 2384.000;6.907673478e-01 
 2385.000;6.907717586e-01 
 2386.000;6.907650828e-01 
 2387.000;6.968243122e-01 
 2388.000;6.968129873e-01 
 2389.000;6.968106627e-01 
 2390.000;7.024991512e-01 
 2391.000;7.025152445e-01 
 2392.000;7.019942403e-01 
 2393.000;7.094648480e-01 
 2394.000;7.094641924e-01 
 2395.000;7.094617486e-01 
 2396.000;7.103871107e-01 
 2397.000;7.103870511e-01 
 2398.000;7.097683549e-01 
 2399.000;7.077703476e-01 
 2400.000;7.077744007e-01 
 2401.000;7.001888156e-01 
 2402.000;7.001880407e-01 
 2403.000;7.001901865e-01 
 2404.000;6.850085855e-01 
 2405.000;6.850086451e-01 
 2406.000;6.850109100e-01 
 2407.000;6.708697081e-01 
 2408.000;6.708675623e-01 
 2409.000;6.708731651e-01 
 2410.000;6.548016071e-01 
 2411.000;6.547943354e-01 
 2412.000;6.548322439e-01 
 2413.000;6.441019773e-01 
 2414.000;6.441114545e-01 
 2415.000;6.433821321e-01 
 2416.000;6.468841434e-01 
 2417.000;6.468613148e-01 
 2418.000;6.468689442e-01 
 2419.000;6.678737402e-01 
 2420.000;6.678631902e-01 
 2421.000;6.664843559e-01 
 2422.000;6.831421852e-01 
 2423.000;6.831298470e-01 
 2424.000;6.831375957e-01 
 2425.000;6.916210651e-01 
 2426.000;6.916263700e-01 
 2427.000;6.906825304e-01 
 2428.000;6.904602647e-01 
 2429.000;6.904544234e-01 
 2430.000;6.904588938e-01 
 2431.000;6.801598668e-01 
 2432.000;6.801771522e-01 
 2433.000;6.787019968e-01 
 2434.000;6.670505404e-01 
 2435.000;6.670473218e-01 
 2436.000;6.670523882e-01 
 2437.000;6.673593521e-01 
 2438.000;6.673520207e-01 
 2439.000;6.663594842e-01 
 2440.000;6.502857804e-01 
 2441.000;6.503002048e-01 
 2442.000;6.503137350e-01 
 2443.000;6.229387522e-01 
 2444.000;6.229482293e-01 
 2445.000;6.009034514e-01 
 2446.000;6.008895040e-01 
 2447.000;6.009137034e-01 
 2448.000;5.928536057e-01 
 2449.000;5.928457379e-01 
 2450.000;5.928668380e-01 
 2451.000;6.014032364e-01 
 2452.000;6.014114022e-01 
 2453.000;6.014300585e-01 
 2454.000;6.302444339e-01 
 2455.000;6.302521825e-01 
 2456.000;6.302605867e-01 
 2457.000;6.278159618e-01 
 2458.000;6.386442184e-01 
 2459.000;6.386695504e-01 
 2460.000;6.386731863e-01 
 2461.000;6.249544024e-01 
 2462.000;6.249874830e-01 
 2463.000;6.227484345e-01 
 2464.000;6.041818261e-01 
 2465.000;6.041992307e-01 
 2466.000;6.042085886e-01 
 2467.000;5.764195323e-01 
 2468.000;5.764216185e-01 
 2469.000;5.732036233e-01 
 2470.000;5.333545208e-01 
 2471.000;5.333615541e-01 
 2472.000;5.333613753e-01 
 2473.000;5.157444477e-01 
 2474.000;5.157529116e-01 
 2475.000;5.121617913e-01 
 2476.000;4.665495157e-01 
 2477.000;4.665654004e-01 
 2478.000;4.665791690e-01 
 2479.000;4.167415202e-01 
 2480.000;4.167669415e-01 
 2481.000;4.128335416e-01 
 2482.000;3.669058681e-01 
 2483.000;3.669325709e-01 
 2484.000;3.669472933e-01 
 2485.000;3.302349746e-01 
 2486.000;3.302497268e-01 
 2487.000;3.260099292e-01 
 2488.000;3.171973825e-01 
 2489.000;3.172057271e-01 
 2490.000;3.172439635e-01 
 2491.000;3.222449720e-01 
 2492.000;3.222426474e-01 
 2493.000;3.222544491e-01 
 2494.000;3.285744786e-01 
 2495.000;3.285970092e-01 
 2496.000;3.286321461e-01 
 2497.000;3.436171412e-01 
 2498.000;3.436364830e-01 
 2499.000;3.436706066e-01 
 2500.000;3.348133564e-01 
 2501.000;3.113330305e-01 
 2502.000;3.113698959e-01 
 2503.000;3.113958240e-01 
 2504.000;2.925433218e-01 
 2505.000;2.925746441e-01 
 2506.000;2.822999954e-01 
 2507.000;2.346350998e-01 
 2508.000;2.346612215e-01 
 2509.000;2.346922010e-01 
 2510.000;2.021541446e-01 
 2511.000;2.021597624e-01 
 2512.000;1.903334856e-01 
 2513.000;1.517795920e-01 
 2514.000;1.518076360e-01 
 2515.000;1.518389434e-01 
 2516.000;1.371132731e-01 
 2517.000;1.371392161e-01 
 2518.000;1.371710598e-01 
 2519.000;9.684499353e-02 
 2520.000;9.688209742e-02 
 2521.000;9.690801799e-02 
 2522.000;9.693405777e-02 
 2523.000;7.457539439e-02 
 2524.000;7.468158007e-02 
 2525.000;6.656651944e-02 
 2526.000;4.047279432e-02 
 2527.000;4.048585147e-02 
 2528.000;4.050182551e-02 
 2529.000;2.617561445e-02 
 2530.000;2.628921904e-02 
 2531.000;2.632158995e-02 
 2532.000;1.224993635e-02 
 2533.000;1.225686725e-02 
 2534.000;1.226370968e-02 
 2535.000;8.825828321e-03 
 2536.000;8.830680512e-03 
 2537.000;8.835339919e-03 
 2538.000;7.147396915e-03 
 2539.000;3.105644835e-03 
 2540.000;3.107745899e-03 
 2541.000;3.110212972e-03 
 2542.000;1.935142325e-03 
 2543.000;1.936569228e-03 
 2544.000;1.352227991e-03 
 2545.000;8.539262926e-04 
 2546.000;8.547423640e-04 
 2547.000;8.555977838e-04 
 2548.000;8.593935054e-04 
 2549.000;8.602201706e-04 
 2550.000;8.610465447e-04 
 2551.000;5.987531040e-04 
 2552.000;4.149467859e-04 
 2553.000;4.154320923e-04 
 2554.000;4.159104719e-04 
 2555.000;3.450901713e-04 
 2556.000;3.455115366e-04 
 2557.000;2.312467259e-04 
 2558.000;5.936550951e-05 
 2559.000;5.938524555e-05 
 2560.000;5.940447954e-05 
 2561.000;3.021865086e-05 
 2562.000;3.019178075e-05 
 2563.000;3.016564006e-05 
 2564.000;2.750939348e-05 
 2565.000;2.309243428e-05 
 2566.000;2.305827911e-05 
 2567.000;2.302401845e-05 
 2568.000;2.196326932e-05 
 2569.000;2.192974353e-05 
 2570.000;2.189646511e-05 
 2571.000;2.140550168e-05 
 2572.000;2.137270712e-05 
 2573.000;2.133971248e-05 
 2574.000;2.130640314e-05 
 2575.000;2.097033757e-05 
 2576.000;2.093798321e-05 
 2577.000;2.082986612e-05 
 2578.000;2.031596341e-05 
 2579.000;2.028484960e-05 
 2580.000;2.025376853e-05 
 2581.000;1.965553020e-05 
 2582.000;1.962522583e-05 
 2583.000;1.959494693e-05 
 2584.000;1.913128290e-05 
 2585.000;1.910172614e-05 
 2586.000;1.907249680e-05 
 2587.000;1.904307283e-05 
 2588.000;1.889701525e-05 
 2589.000;1.886791324e-05 
 2590.000;1.883905134e-05 
 2591.000;1.853463255e-05 
 2592.000;1.850613444e-05 
 2593.000;1.847766180e-05 
 2594.000;1.844945837e-05 
 2595.000;1.842781785e-05 
 2596.000;1.839954166e-05 
 2597.000;1.836042611e-05 
 2598.000;1.827300366e-05 
 2599.000;1.824507308e-05 
 2600.000;1.821721344e-05 
 2601.000;1.779396916e-05 
 2602.000;1.776678619e-05 
 2603.000;1.773949589e-05 
 2604.000;1.770297240e-05 
 2605.000;1.745661029e-05 
 2606.000;1.743000939e-05 
 2607.000;1.740324478e-05 
 2608.000;1.727488780e-05 
 2609.000;1.724864887e-05 
 2610.000;1.722227535e-05 
 2611.000;1.728464667e-05 
 2612.000;1.725828952e-05 
 2613.000;1.723196328e-05 
 2614.000;1.720554246e-05 
 2615.000;1.740512198e-05 
 2616.000;1.737858292e-05 
 2617.000;1.735220394e-05 
 2618.000;1.760234591e-05 
 2619.000;1.757546670e-05 
 2620.000;1.754880213e-05 
 2621.000;1.752212484e-05 
 2622.000;1.782053914e-05 
 2623.000;1.779350532e-05 
 2624.000;1.778386286e-05 
 2625.000;1.834027353e-05 
 2626.000;1.831247027e-05 
 2627.000;1.828473250e-05 
 2628.000;1.825719846e-05 
 2629.000;1.909306775e-05 
 2630.000;1.906432408e-05 
 2631.000;1.906169018e-05 
 2632.000;2.001371286e-05 
 2633.000;1.998356856e-05 
 2634.000;1.995364437e-05 
 2635.000;1.992372381e-05 
 2636.000;2.085817869e-05 
 2637.000;2.082716492e-05 
 2638.000;2.082087485e-05 
 2639.000;2.096741082e-05 
 2640.000;2.093686271e-05 
 2641.000;2.090645648e-05 
 2642.000;2.087591020e-05 
 2643.000;2.070732080e-05 
 2644.000;2.067713831e-05 
 2645.000;2.060422412e-05 
 2646.000;2.013143603e-05 
 2647.000;2.010159915e-05 
 2648.000;2.007184594e-05 
 2649.000;2.004208181e-05 
 2650.000;1.903537668e-05 
 2651.000;1.900700772e-05 
 2652.000;1.894879279e-05 
 2653.000;1.800968857e-05 
 2654.000;1.798274025e-05 
 2655.000;1.795580101e-05 
 2656.000;1.792896910e-05 
 2657.000;1.677673026e-05 
 2658.000;1.675166277e-05 
 2659.000;1.672150029e-05 
 2660.000;1.589230487e-05 
 2661.000;1.586845974e-05 
 2662.000;1.584475467e-05 
 2663.000;1.403886290e-05 
 2664.000;1.205361059e-05 
 2665.000;1.203554893e-05 
 2666.000;1.201606938e-05 
 2667.000;9.772307749e-06 
 2668.000;9.757669432e-06 
 2669.000;9.743060218e-06 
 2670.000;9.728483747e-06 
 2671.000;7.394422028e-06 
 2672.000;7.383357570e-06 
 2673.000;7.372310392e-06 
 2674.000;5.638426501e-06 
 2675.000;5.629996849e-06 
 2676.000;5.621579476e-06 
 2677.000;5.613183021e-06 
 2678.000;4.854593044e-06 
 2679.000;4.847345281e-06 
 2680.000;4.840111160e-06 
 2681.000;4.726863153e-06 
 2682.000;4.719813660e-06 
 2683.000;4.712778718e-06 
 2684.000;4.705755600e-06 
 2685.000;4.981757229e-06 
 2686.000;4.974335752e-06 
 2687.000;4.966934284e-06 
 2688.000;4.959735634e-06 
 2689.000;5.334859452e-06 
 2690.000;5.326929113e-06 
 2691.000;5.319013781e-06 
 2692.000;5.471450550e-06 
 2693.000;5.463326943e-06 
 2694.000;5.455216524e-06 
 2695.000;5.447589501e-06 
 2696.000;5.565982974e-06 
 2697.000;5.557729310e-06 
 2698.000;5.549493835e-06 
 2699.000;5.541271094e-06 
 2700.000;5.835423963e-06 
 2701.000;5.826785582e-06 
 2702.000;5.818301361e-06 
 2703.000;6.453477909e-06 
 2704.000;6.443938219e-06 
 2705.000;6.434417173e-06 
 2706.000;6.424912044e-06 
 2707.000;7.547859241e-06 
 2708.000;7.536720659e-06 
 2709.000;7.525607089e-06 
 2710.000;7.514968274e-06 
 2711.000;8.940090993e-06 
 2712.000;8.926924238e-06 
 2713.000;8.913784768e-06 
 2714.000;1.037484799e-05 
 2715.000;1.035963942e-05 
 2716.000;1.034442630e-05 
 2717.000;1.032985710e-05 
 2718.000;1.170544874e-05 
 2719.000;1.168828476e-05 
 2720.000;1.167116079e-05 
 2721.000;1.165405774e-05 
 2722.000;1.288460771e-05 
 2723.000;1.286577208e-05 
 2724.000;1.284697191e-05 
 2725.000;1.367871482e-05 
 2726.000;1.365877688e-05 
 2727.000;1.363886713e-05 
 2728.000;1.361899922e-05 
 2729.000;1.378939305e-05 
 2730.000;1.376932869e-05 
 2731.000;1.374928797e-05 
 2732.000;1.373561099e-05 
 2733.000;1.330328269e-05 
 2734.000;1.328394410e-05 
 2735.000;1.326462825e-05 
 2736.000;1.232702107e-05 
 2737.000;1.230909493e-05 
 2738.000;1.229119698e-05 
 2739.000;1.227675693e-05 
 2740.000;1.086038264e-05 
 2741.000;1.084458927e-05 
 2742.000;1.082882136e-05 
 2743.000;1.081308528e-05 
 2744.000;9.069037333e-06 
 2745.000;9.055852388e-06 
 2746.000;9.042688362e-06 
 2747.000;9.035367839e-06 
 2748.000;7.271764844e-06 
 2749.000;7.261192422e-06 
 2750.000;7.250643193e-06 
 2751.000;7.240110790e-06 
 2752.000;6.091196610e-06 
 2753.000;6.082353138e-06 
 2754.000;6.073524673e-06 
 2755.000;5.666728612e-06 
 2756.000;5.658505415e-06 
 2757.000;5.650299499e-06 
 2758.000;5.642107226e-06 
 2759.000;5.716839496e-06 
 2760.000;5.708555818e-06 
 2761.000;5.700288057e-06 
 2762.000;5.692881587e-06 
 2763.000;6.002492228e-06 
 2764.000;5.993806099e-06 
 2765.000;5.985139069e-06 
 2766.000;5.976488410e-06 
 2767.000;6.109272363e-06 
 2768.000;6.100447990e-06 
 2769.000;6.091639989e-06 
 2770.000;6.083903372e-06 
 2771.000;5.968702681e-06 
 2772.000;5.960090220e-06 
 2773.000;5.951499588e-06 
 2774.000;5.873413102e-06 
 2775.000;5.864949344e-06 
 2776.000;5.856500138e-06 
 2777.000;5.848069577e-06 
 2778.000;6.038490483e-06 
 2779.000;6.029800261e-06 
 2780.000;6.021130503e-06 
 2781.000;6.012473932e-06 
 2782.000;6.642545031e-06 
 2783.000;6.633013982e-06 
 2784.000;6.623505215e-06 
 2785.000;6.617585768e-06 
 2786.000;7.727119737e-06 
 2787.000;7.716233995e-06 
 2788.000;7.705362805e-06 
 2789.000;7.694507985e-06 
 2790.000;9.251813935e-06 
 2791.000;9.239779502e-06 
 2792.000;9.227767805e-06 
 2793.000;9.418864465e-06 
 2794.000;1.245324802e-05 
 2795.000;1.244159739e-05 
 2796.000;1.242996404e-05 
 2797.000;1.241835707e-05 
 2798.000;1.711878576e-05 
 2799.000;1.710921242e-05 
 2800.000;1.709964818e-05 
 2801.000;1.881516800e-05 
 2802.000;3.000519246e-05 
 2803.000;3.000198922e-05 
 2804.000;2.999879689e-05 
 2805.000;2.999566459e-05 
 2806.000;5.569056520e-05 
 2807.000;5.570361827e-05 
 2808.000;5.571666043e-05 
 2809.000;1.856843737e-04 
 2810.000;1.857634052e-04 
 2811.000;1.858423784e-04 
 2812.000;1.859214390e-04 
 2813.000;4.829974787e-04 
 2814.000;4.832425620e-04 
 2815.000;4.834865103e-04 
 2816.000;4.837311571e-04 
 2817.000;1.550136949e-03 
 2818.000;1.550827757e-03 
 2819.000;1.551518450e-03 
 2820.000;1.552205882e-03 
 2821.000;3.082617186e-03 
 2822.000;3.084009979e-03 
 2823.000;3.085406963e-03 
 2824.000;3.086798824e-03 
 2825.000;5.913681816e-03 
 2826.000;5.915852264e-03 
 2827.000;5.918028299e-03 
 2828.000;5.920197349e-03 
 2829.000;7.203828078e-03 
 2830.000;7.206472103e-03 
 2831.000;7.209110539e-03 
 2832.000;7.211761083e-03 
 2833.000;9.987449273e-03 
 2834.000;9.990341961e-03 
 2835.000;9.993242100e-03 
 2836.000;9.996127337e-03 
 2837.000;1.111029275e-02 
 2838.000;1.111351885e-02 
 2839.000;1.111673284e-02 
 2840.000;1.111995429e-02 
 2841.000;1.506523881e-02 
 2842.000;1.506875642e-02 
 2843.000;1.507226378e-02 
 2844.000;1.507581025e-02 
 2845.000;1.642588526e-02 
 2846.000;1.642970741e-02 
 2847.000;1.643355377e-02 
 2848.000;1.643737778e-02 
 2849.000;1.762345806e-02 
 2850.000;2.451848425e-02 
 2851.000;2.452316135e-02 
 2852.000;2.452785522e-02 
 2853.000;2.453253604e-02 
 2854.000;3.306703642e-02 
 2855.000;3.307338804e-02 
 2856.000;3.307971731e-02 
 2857.000;3.476382419e-02 
 2858.000;4.976055399e-02 
 2859.000;4.976835102e-02 
 2860.000;4.977607355e-02 
 2861.000;4.978391156e-02 
 2862.000;6.961223483e-02 
 2863.000;6.962312013e-02 
 2864.000;6.963401288e-02 
 2865.000;7.322221994e-02 
 2866.000;9.168550372e-02 
 2867.000;9.169715643e-02 
 2868.000;9.170880914e-02 
 2869.000;9.172036499e-02 
 2870.000;1.109356582e-01 
 2871.000;1.109496206e-01 
 2872.000;1.109637916e-01 
 2873.000;1.145305187e-01 
 2874.000;1.351681054e-01 
 2875.000;1.351823509e-01 
 2876.000;1.351965517e-01 
 2877.000;1.352109015e-01 
 2878.000;1.562973559e-01 
 2879.000;1.563140154e-01 
 2880.000;1.563299298e-01 
 2881.000;1.563468724e-01 
 2882.000;1.885075420e-01 
 2883.000;1.885242760e-01 
 2884.000;1.885411739e-01 
 2885.000;1.885574162e-01 
 2886.000;1.885739416e-01 
 2887.000;1.999462694e-01 
 2888.000;1.999631077e-01 
 2889.000;1.999819279e-01 
 2890.000;2.044498175e-01 
 2891.000;2.186604440e-01 
 2892.000;2.186783701e-01 
 2893.000;2.186942846e-01 
 2894.000;2.187097371e-01 
 2895.000;2.208019346e-01 
 2896.000;2.208163142e-01 
 2897.000;2.208333313e-01 
 2898.000;2.246123552e-01 
 2899.000;2.225723565e-01 
 2900.000;2.225890458e-01 
 2901.000;2.226089835e-01 
 2902.000;2.226255387e-01 
 2903.000;2.403802574e-01 
 2904.000;2.403980494e-01 
 2905.000;2.404066026e-01 
 2906.000;2.404299080e-01 
 2907.000;2.596805394e-01 
 2908.000;2.596861720e-01 
 2909.000;2.597095668e-01 
 2910.000;2.597139180e-01 
 2911.000;2.597364187e-01 
 2912.000;2.769872546e-01 
 2913.000;2.770071030e-01 
 2914.000;2.770234346e-01 
 2915.000;2.796595991e-01 
 2916.000;3.148135841e-01 
 2917.000;3.148287535e-01 
 2918.000;3.148415387e-01 
 2919.000;3.148580492e-01 
 2920.000;7.578305602e-01 
 2921.000;7.578629851e-01 
 2922.000;7.579014301e-01 
 2923.000;7.579326034e-01 
 2924.000;4.031956792e-01 
 2925.000;4.032125473e-01 
 2926.000;4.032291174e-01 
 2927.000;4.032503664e-01 
 2928.000;4.032664597e-01 
 2929.000;4.224670529e-01 
 2930.000;4.224850237e-01 
 2931.000;4.225134850e-01 
 2932.000;4.277343750e-01 
 2933.000;4.260680377e-01 
 2934.000;4.260810018e-01 
 2935.000;4.260956347e-01 
 2936.000;4.261139929e-01 
 2937.000;4.072478414e-01 
 2938.000;4.072578251e-01 
 2939.000;4.072841108e-01 
 2940.000;4.073069990e-01 
 2941.000;4.104011357e-01 
 2942.000;3.903480470e-01 
 2943.000;3.903639913e-01 
 2944.000;3.903746009e-01 
 2945.000;3.903859854e-01 
 2946.000;3.939471841e-01 
 2947.000;3.939602971e-01 
 2948.000;3.939751089e-01 
 2949.000;3.963215649e-01 
 2950.000;4.077540338e-01 
 2951.000;4.077653587e-01 
 2952.000;4.077786207e-01 
 2953.000;4.077927172e-01 
 2954.000;4.078043103e-01 
 2955.000;4.148032069e-01 
 2956.000;4.148769677e-01 
 2957.000;4.148429036e-01 
 2958.000;4.166188240e-01 
 2959.000;4.022524953e-01 
 2960.000;4.022713602e-01 
 2961.000;4.022718370e-01 
 2962.000;4.022951722e-01 
 2963.000;3.560993373e-01 
 2964.000;3.561044633e-01 
 2965.000;3.561137617e-01 
 2966.000;3.561196923e-01 
 2967.000;3.574464023e-01 
 2968.000;3.229078352e-01 
 2969.000;3.229169846e-01 
 2970.000;3.229244053e-01 
 2971.000;3.229305744e-01 
 2972.000;3.368313611e-01 
 2973.000;3.368386328e-01 
 2974.000;3.368474841e-01 
 2975.000;3.368550837e-01 
 2976.000;3.381066024e-01 
 2977.000;3.854133487e-01 
 2978.000;3.854227662e-01 
 2979.000;3.854436278e-01 
 2980.000;3.854892552e-01 
 2981.000;4.572942257e-01 
 2982.000;4.564717412e-01 
 2983.000;4.564551711e-01 
 2984.000;4.564442933e-01 
 2985.000;4.576195180e-01 
 2986.000;5.160633326e-01 
 2987.000;5.160720944e-01 
 2988.000;5.160848498e-01 
 2989.000;5.160844326e-01 
 2990.000;5.223284960e-01 
 2991.000;5.223410130e-01 
 2992.000;5.223606825e-01 
 2993.000;5.223584175e-01 
 2994.000;5.223730803e-01 
 2995.000;5.203335285e-01 
 2996.000;5.203458667e-01 
 2997.000;5.203531981e-01 
 2998.000;5.203663707e-01 
 2999.000;5.075523853e-01 
 3000.000;5.075643063e-01 
 3001.000;5.075743794e-01 
 3002.000;5.075838566e-01 
 3003.000;5.079853535e-01 
 3004.000;4.718222618e-01 
 3005.000;4.718346298e-01 
 3006.000;4.718415439e-01 
 3007.000;4.718521833e-01 
 3008.000;4.683168828e-01 
 3009.000;4.683272541e-01 
 3010.000;4.683387578e-01 
 3011.000;4.683444798e-01 
 3012.000;4.682630301e-01 
 3013.000;4.534870982e-01 
 3014.000;4.534963965e-01 
 3015.000;4.535033405e-01 
 3016.000;4.535139501e-01 
 3017.000;4.329800308e-01 
 3018.000;4.329831898e-01 
 3019.000;4.329949021e-01 
 3020.000;4.330048859e-01 
 3021.000;4.320825934e-01 
 3022.000;4.331333339e-01 
 3023.000;4.331414402e-01 
 3024.000;4.331509769e-01 
 3025.000;4.331582785e-01 
 3026.000;4.142965674e-01 
 3027.000;4.143089950e-01 
 3028.000;4.143187702e-01 
 3029.000;4.143258333e-01 
 3030.000;4.130592346e-01 
 3031.000;3.857327402e-01 
 3032.000;3.857401311e-01 
 3033.000;3.857496083e-01 
 3034.000;3.857605755e-01 
 3035.000;3.580249846e-01 
 3036.000;3.580318987e-01 
 3037.000;3.580387533e-01 
 3038.000;3.580500782e-01 
 3039.000;3.575052619e-01 
 3040.000;3.366312385e-01 
 3041.000;3.366378546e-01 
 3042.000;3.366464078e-01 
 3043.000;3.366568387e-01 
 3044.000;3.366572261e-01 
 3045.000;3.198067248e-01 
 3046.000;3.198111355e-01 
 3047.000;3.198199272e-01 
 3048.000;3.192697465e-01 
 3049.000;3.190533817e-01 
 3050.000;3.190614879e-01 
 3051.000;3.190672398e-01 
 3052.000;3.190739155e-01 
 3053.000;3.190867901e-01 
 3054.000;3.394180834e-01 
 3055.000;3.394280076e-01 
 3056.000;3.394176662e-01 
 3057.000;3.394263089e-01 
 3058.000;3.386857808e-01 
 3059.000;3.607543707e-01 
 3060.000;3.607636988e-01 
 3061.000;3.607654274e-01 
 3062.000;3.607788980e-01 
 3063.000;3.781934977e-01 
 3064.000;3.782058656e-01 
 3065.000;3.782174587e-01 
 3066.000;3.782273829e-01 
 3067.000;3.778592348e-01 
 3068.000;3.884515166e-01 
 3069.000;3.884596229e-01 
 3070.000;3.884811997e-01 
 3071.000;3.884928524e-01 
 3072.000;3.884841502e-01 
 3073.000;3.907558918e-01 
 3074.000;3.907660246e-01 
 3075.000;3.907783329e-01 
 3076.000;3.902151585e-01 
 3077.000;3.598173857e-01 
 3078.000;3.598263562e-01 
 3079.000;3.598357439e-01 
 3080.000;3.598530889e-01 
 3081.000;3.598602414e-01 
 3082.000;3.472955823e-01 
 3083.000;3.473025560e-01 
 3084.000;3.473158181e-01 
 3085.000;3.473252654e-01 
 3086.000;3.471997976e-01 
 3087.000;3.298490644e-01 
 3088.000;3.298581839e-01 
 3089.000;3.298699856e-01 
 3090.000;3.298803270e-01 
 3091.000;3.298873305e-01 
 3092.000;3.061997294e-01 
 3093.000;3.062077761e-01 
 3094.000;3.062195778e-01 
 3095.000;3.062264025e-01 
 3096.000;3.092160821e-01 
 3097.000;3.092204630e-01 
 3098.000;3.092409372e-01 
 3099.000;3.092394471e-01 
 3100.000;3.092525005e-01 
 3101.000;3.156385124e-01 
 3102.000;3.156383336e-01 
 3103.000;3.156629205e-01 
 3104.000;3.156833351e-01 
 3105.000;3.159694076e-01 
 3106.000;3.384343684e-01 
 3107.000;3.384440839e-01 
 3108.000;3.384508193e-01 
 3109.000;3.384568691e-01 
 3110.000;3.384650946e-01 
 3111.000;3.782230318e-01 
 3112.000;3.782196641e-01 
 3113.000;3.782342076e-01 
 3114.000;3.782548606e-01 
 3115.000;3.791688681e-01 
 3116.000;4.436191916e-01 
 3117.000;4.436220527e-01 
 3118.000;4.436457157e-01 
 3119.000;4.436501563e-01 
 3120.000;4.436673224e-01 
 3121.000;4.739387035e-01 
 3122.000;4.736834168e-01 
 3123.000;4.736736715e-01 
 3124.000;4.736963809e-01 
 3125.000;4.749188125e-01 
 3126.000;4.988296032e-01 
 3127.000;4.988384843e-01 
 3128.000;4.988573194e-01 
 3129.000;4.988790751e-01 
 3130.000;5.114955306e-01 
 3131.000;5.115087628e-01 
 3132.000;5.115123987e-01 
 3133.000;5.115274191e-01 
 3134.000;5.136147738e-01 
 3135.000;4.938977063e-01 
 3136.000;4.939090908e-01 
 3137.000;4.939158857e-01 
 3138.000;4.939323664e-01 
 3139.000;4.939412773e-01 
 3140.000;4.971579611e-01 
 3141.000;4.971641302e-01 
 3142.000;4.971752763e-01 
 3143.000;4.971836507e-01 
 3144.000;4.997196198e-01 
 3145.000;5.336439013e-01 
 3146.000;5.336567760e-01 
 3147.000;5.336558819e-01 
 3148.000;5.336694121e-01 
 3149.000;5.336782336e-01 
 3150.000;5.775656104e-01 
 3151.000;5.777654648e-01 
 3152.000;5.776912570e-01 
 3153.000;5.776324868e-01 
 3154.000;5.788426995e-01 
 3155.000;6.263516545e-01 
 3156.000;6.263532043e-01 
 3157.000;6.263554096e-01 
 3158.000;6.263718605e-01 
 3159.000;6.263886094e-01 
 3160.000;6.617283225e-01 
 3161.000;6.617351770e-01 
 3162.000;6.617459655e-01 
 3163.000;6.617580652e-01 
 3164.000;6.609786153e-01 
 3165.000;6.640945077e-01 
 3166.000;6.641076207e-01 
 3167.000;6.641100645e-01 
 3168.000;6.641306877e-01 
 3169.000;6.641351581e-01 
 3170.000;6.514341831e-01 
 3171.000;6.514453888e-01 
 3172.000;6.514577866e-01 
 3173.000;6.514668465e-01 
 3174.000;6.491594315e-01 
 3175.000;6.201010346e-01 
 3176.000;6.201132536e-01 
 3177.000;6.201248765e-01 
 3178.000;6.201366782e-01 
 3179.000;6.201490164e-01 
 3180.000;5.671866536e-01 
 3181.000;5.671970844e-01 
 3182.000;5.672087073e-01 
 3183.000;5.672195554e-01 
 3184.000;5.646727085e-01 
 3185.000;4.752839208e-01 
 3186.000;4.752938747e-01 
 3187.000;4.753042161e-01 
 3188.000;4.753151238e-01 
 3189.000;4.753251970e-01 
 3190.000;3.622534573e-01 
 3191.000;3.622613549e-01 
 3192.000;3.622694612e-01 
 3193.000;3.622772396e-01 
 3194.000;3.606648743e-01 
 3195.000;2.640398741e-01 
 3196.000;2.640464306e-01 
 3197.000;2.640531659e-01 
 3198.000;2.640596330e-01 
 3199.000;2.640663981e-01 
 3200.000;2.144111991e-01 
 3201.000;2.144163996e-01 
 3202.000;2.144220024e-01 
 3203.000;2.144270092e-01 
 3204.000;2.144323438e-01 
 3205.000;2.133591026e-01 
 3206.000;1.912506819e-01 
 3207.000;1.912558228e-01 
 3208.000;1.912609488e-01 
 3209.000;1.912660897e-01 
 3210.000;1.912713051e-01 
 3211.000;1.932079345e-01 
 3212.000;1.932130456e-01 
 3213.000;1.932183057e-01 
 3214.000;1.932235062e-01 
 3215.000;1.926725805e-01 
 3216.000;2.201283127e-01 
 3217.000;2.201346010e-01 
 3218.000;2.201408446e-01 
 3219.000;2.201472521e-01 
 3220.000;2.201532423e-01 
 3221.000;2.517663240e-01 
 3222.000;2.517732084e-01 
 3223.000;2.517804205e-01 
 3224.000;2.517874241e-01 
 3225.000;2.514694333e-01 
 3226.000;2.864330709e-01 
 3227.000;2.864407897e-01 
 3228.000;2.864491642e-01 
 3229.000;2.864574492e-01 
 3230.000;2.864654958e-01 
 3231.000;2.864735425e-01 
 3232.000;3.358095884e-01 
 3233.000;3.358189166e-01 
 3234.000;3.358285129e-01 
 3235.000;3.358379602e-01 
 3236.000;3.360635936e-01 
 3237.000;3.626796901e-01 
 3238.000;3.626896143e-01 
 3239.000;3.626990616e-01 
 3240.000;3.627086282e-01 
 3241.000;3.627187908e-01 
 3242.000;3.670285940e-01 
 3243.000;3.670385182e-01 
 3244.000;3.670484722e-01 
 3245.000;3.670581579e-01 
 3246.000;3.683650494e-01 
 3247.000;3.799215257e-01 
 3248.000;3.799310029e-01 
 3249.000;3.799401820e-01 
 3250.000;3.799495399e-01 
 3251.000;3.799587786e-01 
 3252.000;3.799681664e-01 
 3253.000;3.644775450e-01 
 3254.000;3.644864559e-01 
 3255.000;3.644953370e-01 
 3256.000;3.645041585e-01 
 3257.000;3.658464849e-01 
 3258.000;3.488226831e-01 
 3259.000;3.488304019e-01 
 3260.000;3.488384485e-01 
 3261.000;3.488462269e-01 
 3262.000;3.488540351e-01 
 3263.000;3.715848327e-01 
 3264.000;3.715929985e-01 
 3265.000;3.716014028e-01 
 3266.000;3.716099262e-01 
 3267.000;3.724369705e-01 
 3268.000;4.110535979e-01 
 3269.000;4.110620618e-01 
 3270.000;4.110707343e-01 
 3271.000;4.110796154e-01 
 3272.000;4.110883474e-01 
 3273.000;4.110973477e-01 
 3274.000;4.523199201e-01 
 3275.000;4.523291588e-01 
 3276.000;4.523388147e-01 
 3277.000;4.523485303e-01 
 3278.000;4.531548321e-01 
 3279.000;4.931822717e-01 
 3280.000;4.931926131e-01 
 3281.000;4.932026267e-01 
 3282.000;4.932126403e-01 
 3283.000;4.932223856e-01 
 3284.000;4.932316244e-01 
 3285.000;4.921935797e-01 
 3286.000;4.922036231e-01 
 3287.000;4.922134280e-01 
 3288.000;4.922228754e-01 
 3289.000;4.929487109e-01 
 3290.000;4.544052780e-01 
 3291.000;4.544136226e-01 
 3292.000;4.544219375e-01 
 3293.000;4.544304609e-01 
 3294.000;4.544388354e-01 
 3295.000;4.061668515e-01 
 3296.000;4.061738551e-01 
 3297.000;4.061817527e-01 
 3298.000;4.061896801e-01 
 3299.000;4.061968327e-01 
 3300.000;4.076552391e-01 
 3301.000;3.588029742e-01 
 3302.000;3.588086963e-01 
 3303.000;3.588143587e-01 
 3304.000;3.588200510e-01 
 3305.000;3.588259518e-01 
 3306.000;3.063198030e-01 
 3307.000;3.063248992e-01 
 3308.000;3.063296676e-01 
 3309.000;3.063345551e-01 
 3310.000;3.063398600e-01 
 3311.000;3.074674010e-01 
 3312.000;2.820010185e-01 
 3313.000;2.820050716e-01 
 3314.000;2.820090950e-01 
 3315.000;2.820132375e-01 
 3316.000;2.820172608e-01 
 3317.000;3.182281256e-01 
 3318.000;3.182325661e-01 
 3319.000;3.182369769e-01 
 3320.000;3.182415962e-01 
 3321.000;3.182461262e-01 
 3322.000;3.189341426e-01 
 3323.000;3.891493678e-01 
 3324.000;3.891544938e-01 
 3325.000;3.891588748e-01 
 3326.000;3.891640007e-01 
 3327.000;3.891685307e-01 
 3328.000;4.649343491e-01 
 3329.000;4.649404883e-01 
 3330.000;4.649461508e-01 
 3331.000;4.649516642e-01 
 3332.000;4.649576247e-01 
 3333.000;4.667907059e-01 
 3334.000;5.084891319e-01 
 3335.000;5.084939599e-01 
 3336.000;5.084994435e-01 
 3337.000;5.085040331e-01 
 3338.000;5.085096955e-01 
 3339.000;5.195463896e-01 
 3340.000;5.195521712e-01 
 3341.000;5.195571184e-01 
 3342.000;5.195626616e-01 
 3343.000;5.195677280e-01 
 3344.000;5.214078426e-01 
 3345.000;5.263829231e-01 
 3346.000;5.263872743e-01 
 3347.000;5.263909101e-01 
 3348.000;5.263952017e-01 
 3349.000;5.263993740e-01 
 3350.000;5.264034271e-01 
 3351.000;5.221879482e-01 
 3352.000;5.221920013e-01 
 3353.000;5.221962333e-01 
 3354.000;5.222004056e-01 
 3355.000;5.241361856e-01 
 3356.000;5.404795408e-01 
 3357.000;5.404828787e-01 
 3358.000;5.404863358e-01 
 3359.000;5.404893756e-01 
 3360.000;5.404925942e-01 
 3361.000;5.404953361e-01 
 3362.000;5.589251518e-01 
 3363.000;5.589287877e-01 
 3364.000;5.589318275e-01 
 3365.000;5.589352250e-01 
 3366.000;5.605101585e-01 
 3367.000;5.605130196e-01 
 3368.000;5.818336010e-01 
 3369.000;5.818362236e-01 
 3370.000;5.818392634e-01 
 3371.000;5.818411112e-01 
 3372.000;5.818439722e-01 
 3373.000;6.037648916e-01 
 3374.000;6.037679315e-01 
 3375.000;6.037701964e-01 
 3376.000;6.037728190e-01 
 3377.000;6.037753820e-01 
 3378.000;6.049457192e-01 
 3379.000;6.231058836e-01 
 3380.000;6.231073737e-01 
 3381.000;6.231097579e-01 
 3382.000;6.231116056e-01 
 3383.000;6.231135726e-01 
 3384.000;6.231156588e-01 
 3385.000;6.359173059e-01 
 3386.000;6.359193325e-01 
 3387.000;6.359212399e-01 
 3388.000;6.359236836e-01 
 3389.000;6.369937658e-01 
 3390.000;6.436768174e-01 
 3391.000;6.436783671e-01 
 3392.000;6.436804533e-01 
 3393.000;6.436816454e-01 
 3394.000;6.436831355e-01 
 3395.000;6.436850429e-01 
 3396.000;6.487404108e-01 
 3397.000;6.487420797e-01 
 3398.000;6.487436891e-01 
 3399.000;6.487454176e-01 
 3400.000;6.487466693e-01 
 3401.000;6.496934891e-01 
 3402.000;6.532877088e-01 
 3403.000;6.532886028e-01 
 3404.000;6.532897353e-01 
 3405.000;6.532908678e-01 
 3406.000;6.532925963e-01 
 3407.000;6.532933116e-01 
 3408.000;6.645851135e-01 
 3409.000;6.645864248e-01 
 3410.000;6.645873785e-01 
 3411.000;6.645882130e-01 
 3412.000;6.652635932e-01 
 3413.000;6.804562211e-01 
 3414.000;6.804568768e-01 
 3415.000;6.804578304e-01 
 3416.000;6.804586649e-01 
 3417.000;6.804596186e-01 
 3418.000;6.804603338e-01 
 3419.000;6.900615692e-01 
 3420.000;6.900620461e-01 
 3421.000;6.900631189e-01 
 3422.000;6.900639534e-01 
 3423.000;6.900647879e-01 
 3424.000;6.905030608e-01 
 3425.000;7.002188563e-01 
 3426.000;7.002193332e-01 
 3427.000;7.002199292e-01 
 3428.000;7.002206445e-01 
 3429.000;7.002216578e-01 
 3430.000;7.002218962e-01 
 3431.000;7.027274966e-01 
 3432.000;7.027276158e-01 
 3433.000;7.027283907e-01 
 3434.000;7.027287483e-01 
 3435.000;7.027300000e-01 
 3436.000;7.030068636e-01 
 3437.000;7.053649426e-01 
 3438.000;7.053655982e-01 
 3439.000;7.053658962e-01 
 3440.000;7.053660750e-01 
 3441.000;7.053664923e-01 
 3442.000;7.053676844e-01 
 3443.000;7.106071115e-01 
 3444.000;7.106078863e-01 
 3445.000;7.106084228e-01 
 3446.000;7.106087804e-01 
 3447.000;7.106096745e-01 
 3448.000;7.109090090e-01 
 3449.000;7.158403993e-01 
 3450.000;7.158404589e-01 
 3451.000;7.158409357e-01 
 3452.000;7.158414125e-01 
 3453.000;7.158419490e-01 
 3454.000;7.158423662e-01 
 3455.000;7.223481536e-01 
 3456.000;7.223486900e-01 
 3457.000;7.223488688e-01 
 3458.000;7.223495245e-01 
 3459.000;7.223494053e-01 
 3460.000;7.225093842e-01 
 3461.000;7.253090739e-01 
 3462.000;7.253096104e-01 
 3463.000;7.253097296e-01 
 3464.000;7.253100276e-01 
 3465.000;7.253098488e-01 
 3466.000;7.253108621e-01 
 3467.000;7.252373695e-01 
 3468.000;7.252375484e-01 
 3469.000;7.252379060e-01 
 3470.000;7.252381444e-01 
 3471.000;7.252381444e-01 
 3472.000;7.253224850e-01 
 3473.000;7.255026102e-01 
 3474.000;7.255032063e-01 
 3475.000;7.255030870e-01 
 3476.000;7.255037427e-01 
 3477.000;7.255039811e-01 
 3478.000;7.255039215e-01 
 3479.000;7.281755805e-01 
 3480.000;7.281754017e-01 
 3481.000;7.281758785e-01 
 3482.000;7.281762362e-01 
 3483.000;7.281761169e-01 
 3484.000;7.282204032e-01 
 3485.000;7.333480120e-01 
 3486.000;7.333469987e-01 
 3487.000;7.333472967e-01 
 3488.000;7.333474755e-01 
 3489.000;7.333477736e-01 
 3490.000;7.333480716e-01 
 3491.000;7.430319190e-01 
 3492.000;7.430326343e-01 
 3493.000;7.430319786e-01 
 3494.000;7.430332303e-01 
 3495.000;7.430335879e-01 
 3496.000;7.430642247e-01 
 3497.000;7.505131960e-01 
 3498.000;7.505130768e-01 
 3499.000;7.505151033e-01 
 3500.000;7.505156398e-01 
 3501.000;7.505158186e-01 
 3502.000;7.504990697e-01 
 3503.000;7.545766234e-01 
 3504.000;7.545840740e-01 
 3505.000;7.545706630e-01 
 3506.000;7.545803785e-01 
 3507.000;7.545915246e-01 
 3508.000;7.545729280e-01 
 3509.000;7.529926896e-01 
 3510.000;7.529801130e-01 
 3511.000;7.529793382e-01 
 3512.000;7.529289126e-01 
 3513.000;7.529719472e-01 
 3514.000;7.529633045e-01 
 3515.000;7.435364127e-01 
 3516.000;7.435449362e-01 
 3517.000;7.435877919e-01 
 3518.000;7.435313463e-01 
 3519.000;7.436985373e-01 
 3520.000;7.433989048e-01 
 3521.000;7.435275912e-01 
 3522.000;7.307559848e-01 
 3523.000;7.307563424e-01 
 3524.000;7.307572365e-01 
 3525.000;7.307568192e-01 
 3526.000;7.307567000e-01 
 3527.000;7.307568789e-01 
 3528.000;7.154838443e-01 
 3529.000;7.154840231e-01 
 3530.000;7.154844999e-01 
 3531.000;7.154856324e-01 
 3532.000;7.154855728e-01 
 3533.000;7.154548168e-01 
 3534.000;7.047069073e-01 
 3535.000;7.047070861e-01 
 3536.000;7.047073841e-01 
 3537.000;7.047077417e-01 
 3538.000;7.047078013e-01 
 3539.000;7.047081590e-01 
 3540.000;7.034506798e-01 
 3541.000;7.034506202e-01 
 3542.000;7.034512758e-01 
 3543.000;7.034510374e-01 
 3544.000;7.034515142e-01 
 3545.000;7.034133077e-01 
 3546.000;7.034149766e-01 
 3547.000;7.045027614e-01 
 3548.000;7.045029402e-01 
 3549.000;7.045031190e-01 
 3550.000;7.045034766e-01 
 3551.000;7.045037150e-01 
 3552.000;7.045040727e-01 
 3553.000;7.090454698e-01 
 3554.000;7.090453506e-01 
 3555.000;7.090439796e-01 
 3556.000;7.090448737e-01 
 3557.000;7.090454698e-01 
 3558.000;7.090126276e-01 
 3559.000;7.106269598e-01 
 3560.000;7.106288075e-01 
 3561.000;7.106271982e-01 
 3562.000;7.106300592e-01 
 3563.000;7.106282115e-01 
 3564.000;7.106297016e-01 
 3565.000;7.106280923e-01 
 3566.000;7.047134638e-01 
 3567.000;7.047123909e-01 
 3568.000;7.047142982e-01 
 3569.000;7.047162652e-01 
 3570.000;7.047150731e-01 
 3571.000;7.046950459e-01 
 3572.000;7.039712667e-01 
 3573.000;7.039808631e-01 
 3574.000;7.039750218e-01 
 3575.000;7.039714456e-01 
 3576.000;7.039739490e-01 
 3577.000;7.039924860e-01 
 3578.000;7.053039074e-01 
 3579.000;7.053052187e-01 
 3580.000;7.053089738e-01 
 3581.000;7.053067088e-01 
 3582.000;7.053096890e-01 
 3583.000;7.053028941e-01 
 3584.000;7.053052187e-01 
 3585.000;7.098272443e-01 
 3586.000;7.098287940e-01 
 3587.000;7.098290324e-01 
 3588.000;7.098298073e-01 
 3589.000;7.098300457e-01 
 3590.000;7.098321915e-01 
 3591.000;7.218437791e-01 
 3592.000;7.218443751e-01 
 3593.000;7.218440175e-01 
 3594.000;7.218444943e-01 
 3595.000;7.218450904e-01 
 3596.000;7.218568921e-01 
 3597.000;7.218570113e-01 
 3598.000;7.337506413e-01 
 3599.000;7.337511182e-01 
 3600.000;7.337508202e-01 
 3601.000;7.337515354e-01 
 3602.000;7.337507010e-01 
 3603.000;7.337522507e-01 
 3604.000;7.420052290e-01 
 3605.000;7.420058250e-01 
 3606.000;7.420049906e-01 
 3607.000;7.420056462e-01 
 3608.000;7.420064211e-01 
 3609.000;7.420263290e-01 
 3610.000;7.420275211e-01 
 3611.000;7.530566454e-01 
 3612.000;7.530579567e-01 
 3613.000;7.530554533e-01 
 3614.000;7.530557513e-01 
 3615.000;7.530612350e-01 
 3616.000;7.530574203e-01 
 3617.000;7.624914646e-01 
 3618.000;7.624933124e-01 
 3619.000;7.624936104e-01 
 3620.000;7.624931931e-01 
 3621.000;7.624938488e-01 
 3622.000;7.625039220e-01 
 3623.000;7.625035644e-01 
 3624.000;7.674750090e-01 
 3625.000;7.674762607e-01 
 3626.000;7.674759626e-01 
 3627.000;7.674757242e-01 
 3628.000;7.674763799e-01 
 3629.000;7.674754262e-01 
 3630.000;7.768262625e-01 
 3631.000;7.768267393e-01 
 3632.000;7.768253684e-01 
 3633.000;7.768269777e-01 
 3634.000;7.768269777e-01 
 3635.000;7.768319249e-01 
 3636.000;7.768077254e-01 
 3637.000;7.825737596e-01 
 3638.000;7.825798988e-01 
 3639.000;7.825731635e-01 
 3640.000;7.825767398e-01 
 3641.000;7.825748324e-01 
 3642.000;7.825782895e-01 
 3643.000;7.802174091e-01 
 3644.000;7.802134156e-01 
 3645.000;7.802118659e-01 
 3646.000;7.802155018e-01 
 3647.000;7.802115679e-01 
 3648.000;7.802115083e-01 
 3649.000;7.802011371e-01 
 3650.000;7.732540369e-01 
 3651.000;7.732427716e-01 
 3652.000;7.732490301e-01 
 3653.000;7.732502222e-01 
 3654.000;7.732551098e-01 
 3655.000;7.732473016e-01 
 3656.000;7.732499242e-01 
 3657.000;7.555131316e-01 
 3658.000;7.555124164e-01 
 3659.000;7.555086613e-01 
 3660.000;7.555155158e-01 
 3661.000;7.555125356e-01 
 3662.000;7.555266023e-01 
 3663.000;7.555304170e-01 
 3664.000;7.326307893e-01 
 3665.000;7.326355577e-01 
 3666.000;7.326347828e-01 
 3667.000;7.326340675e-01 
 3668.000;7.326372266e-01 
 3669.000;7.326345444e-01 
 3670.000;7.237446904e-01 
 3671.000;7.237199545e-01 
 3672.000;7.237641811e-01 
 3673.000;7.236406207e-01 
 3674.000;7.236822248e-01 
 3675.000;7.238055468e-01 
 3676.000;7.238109112e-01 
 3677.000;7.349953651e-01 
 3678.000;7.349967360e-01 
 3679.000;7.349904776e-01 
 3680.000;7.349904776e-01 
 3681.000;7.349905372e-01 
 3682.000;7.349904180e-01 
 3683.000;7.349916101e-01 
 3684.000;7.535180449e-01 
 3685.000;7.535230517e-01 
 3686.000;7.535170317e-01 
 3687.000;7.535240650e-01 
 3688.000;7.535170317e-01 
 3689.000;7.535140514e-01 
 3690.000;7.535172701e-01 
 3691.000;7.749884129e-01 
 3692.000;7.749891877e-01 
 3693.000;7.749921083e-01 
 3694.000;7.749960423e-01 
 3695.000;7.749947906e-01 
 3696.000;7.749933004e-01 
 3697.000;7.891441584e-01 
 3698.000;7.891460657e-01 
 3699.000;7.891459465e-01 
 3700.000;7.891423702e-01 
 3701.000;7.891427875e-01 
 3702.000;7.891457677e-01 
 3703.000;7.891258001e-01 
 3704.000;7.899170518e-01 
 3705.000;7.899176478e-01 
 3706.000;7.899141312e-01 
 3707.000;7.899169922e-01 
 3708.000;7.899167538e-01 
 3709.000;7.899169326e-01 
 3710.000;7.899167538e-01 
 3711.000;7.895388007e-01 
 3712.000;7.895395756e-01 
 3713.000;7.895358205e-01 
 3714.000;7.895362973e-01 
 3715.000;7.895396352e-01 
 3716.000;7.895393372e-01 
 3717.000;7.895695567e-01 
 3718.000;7.879943848e-01 
 3719.000;7.879895568e-01 
 3720.000;7.879897952e-01 
 3721.000;7.879917026e-01 
 3722.000;7.879914641e-01 
 3723.000;7.879953980e-01 
 3724.000;7.879952192e-01 
 3725.000;7.829951644e-01 
 3726.000;7.829970121e-01 
 3727.000;7.829970121e-01 
 3728.000;7.829990983e-01 
 3729.000;7.829988003e-01 
 3730.000;7.830194831e-01 
 3731.000;7.830191255e-01 
 3732.000;7.820099592e-01 
 3733.000;7.820137739e-01 
 3734.000;7.820143104e-01 
 3735.000;7.820194364e-01 
 3736.000;7.820115089e-01 
 3737.000;7.820135355e-01 
 3738.000;7.820066214e-01 
 3739.000;7.810931206e-01 
 3740.000;7.810546756e-01 
 3741.000;7.810891271e-01 
 3742.000;7.810249925e-01 
 3743.000;7.810641527e-01 
 3744.000;7.810624242e-01 
 3745.000;7.810859680e-01 
 3746.000;7.770614624e-01 
 3747.000;7.770624161e-01 
 3748.000;7.770680785e-01 
 3749.000;7.770609856e-01 
 3750.000;7.770679593e-01 
 3751.000;7.770612836e-01 
 3752.000;7.770717740e-01 
 3753.000;7.762750983e-01 
 3754.000;7.762771249e-01 
 3755.000;7.762856483e-01 
 3756.000;7.762832046e-01 
 3757.000;7.762867212e-01 
 3758.000;7.762843966e-01 
 3759.000;7.762870789e-01 
 3760.000;7.752195597e-01 
 3761.000;7.752192616e-01 
 3762.000;7.752257586e-01 
 3763.000;7.752228975e-01 
 3764.000;7.752212882e-01 
 3765.000;7.752226591e-01 
 3766.000;7.752253413e-01 
 3767.000;7.740597725e-01 
 3768.000;7.740633488e-01 
 3769.000;7.740611434e-01 
 3770.000;7.740609050e-01 
 3771.000;7.740597725e-01 
 3772.000;7.740632296e-01 
 3773.000;7.740659714e-01 
 3774.000;7.777441740e-01 
 3775.000;7.777348161e-01 
 3776.000;7.777382135e-01 
 3777.000;7.777509689e-01 
 3778.000;7.777453661e-01 
 3779.000;7.777420878e-01 
 3780.000;7.777522802e-01 
 3781.000;7.784838080e-01 
 3782.000;7.784872651e-01 
 3783.000;7.784883380e-01 
 3784.000;7.784881592e-01 
 3785.000;7.784854174e-01 
 3786.000;7.784867883e-01 
 3787.000;7.785078287e-01 
 3788.000;7.810665965e-01 
 3789.000;7.810666561e-01 
 3790.000;7.810682058e-01 
 3791.000;7.810682654e-01 
 3792.000;7.810690403e-01 
 3793.000;7.810680270e-01 
 3794.000;7.810689807e-01 
 3795.000;7.810692787e-01 
 3796.000;7.875534892e-01 
 3797.000;7.875536680e-01 
 3798.000;7.875548601e-01 
 3799.000;7.875552177e-01 
 3800.000;7.875554562e-01 
 3801.000;7.875782251e-01 
 3802.000;7.875795960e-01 
 3803.000;7.905416489e-01 
 3804.000;7.905412316e-01 
 3805.000;7.905404568e-01 
 3806.000;7.905427814e-01 
 3807.000;7.905425429e-01 
 3808.000;7.905439138e-01 
 3809.000;7.905440927e-01 
 3810.000;7.964138985e-01 
 3811.000;7.964142561e-01 
 3812.000;7.964140177e-01 
 3813.000;7.964153290e-01 
 3814.000;7.964154482e-01 
 3815.000;7.964166403e-01 
 3816.000;7.964521646e-01 
 3817.000;8.014719486e-01 
 3818.000;8.014698625e-01 
 3819.000;8.014733791e-01 
 3820.000;8.014711142e-01 
 3821.000;8.014726043e-01 
 3822.000;8.014739156e-01 
 3823.000;8.014743924e-01 
 3824.000;8.014757037e-01 
 3825.000;7.988094687e-01 
 3826.000;7.988098264e-01 
 3827.000;7.988113761e-01 
 3828.000;7.988111377e-01 
 3829.000;7.988113761e-01 
 3830.000;7.988469601e-01 
 3831.000;7.988493443e-01 
 3832.000;7.939510942e-01 
 3833.000;7.939514518e-01 
 3834.000;7.939510942e-01 
 3835.000;7.939513326e-01 
 3836.000;7.939522266e-01 
 3837.000;7.939526439e-01 
 3838.000;7.939528227e-01 
 3839.000;7.872690558e-01 
 3840.000;7.872689962e-01 
 3841.000;7.872703075e-01 
 3842.000;7.872699499e-01 
 3843.000;7.872703075e-01 
 3844.000;7.872704864e-01 
 3845.000;7.873077393e-01 
 3846.000;7.873086929e-01 
 3847.000;7.773178220e-01 
 3848.000;7.773176432e-01 
 3849.000;7.773181796e-01 
 3850.000;7.773187757e-01 
 3851.000;7.773188353e-01 
 3852.000;7.773200870e-01 
 3853.000;7.773197889e-01 
 3854.000;7.665375471e-01 
 3855.000;7.665376067e-01 
 3856.000;7.665378451e-01 
 3857.000;7.665386200e-01 
 3858.000;7.665392756e-01 
 3859.000;7.665395141e-01 
 3860.000;7.665747404e-01 
 3861.000;7.665756345e-01 
 3862.000;7.541058660e-01 
 3863.000;7.541067004e-01 
 3864.000;7.541068792e-01 
 3865.000;7.541078329e-01 
 3866.000;7.541077137e-01 
 3867.000;7.541078925e-01 
 3868.000;7.541089654e-01 
 3869.000;7.437932491e-01 
 3870.000;7.437928915e-01 
 3871.000;7.437933683e-01 
 3872.000;7.437932491e-01 
 3873.000;7.437940836e-01 
 3874.000;7.437948585e-01 
 3875.000;7.438205481e-01 
 3876.000;7.415391803e-01 
 3877.000;7.415398955e-01 
 3878.000;7.415403724e-01 
 3879.000;7.415403128e-01 
 3880.000;7.415402532e-01 
 3881.000;7.415410280e-01 
 3882.000;7.415408492e-01 
 3883.000;7.415422797e-01 
 3884.000;7.456392646e-01 
 3885.000;7.456396818e-01 
 3886.000;7.456400394e-01 
 3887.000;7.456402183e-01 
 3888.000;7.456412315e-01 
 3889.000;7.456414700e-01 
 3890.000;7.456657290e-01 
 3891.000;7.456651330e-01 
 3892.000;7.524021268e-01 
 3893.000;7.524032593e-01 
 3894.000;7.524036169e-01 
 3895.000;7.524035573e-01 
 3896.000;7.524045706e-01 
 3897.000;7.524048686e-01 
 3898.000;7.524050474e-01 
 3899.000;7.552669644e-01 
 3900.000;7.552667260e-01 
 3901.000;7.553958893e-01 
 3902.000;7.555244565e-01 
 3903.000;7.556523681e-01 
 3904.000;7.557821274e-01 
 3905.000;7.559270859e-01 
 3906.000;7.560566664e-01 
 3907.000;7.569336891e-01 
 3908.000;7.570591569e-01 
 3909.000;7.571846247e-01 
 3910.000;7.573115826e-01 
 3911.000;7.574378252e-01 
 3912.000;7.575652599e-01 
 3913.000;7.576909065e-01 
 3914.000;7.601785660e-01 
 3915.000;7.603017688e-01 
 3916.000;7.604250312e-01 
 3917.000;7.605489492e-01 
 3918.000;7.606720328e-01 
 3919.000;7.607963681e-01 
 3920.000;7.609199286e-01 
 3921.000;7.610558271e-01 
 3922.000;7.659013867e-01 
 3923.000;7.660230398e-01 
 3924.000;7.661447525e-01 
 3925.000;7.662667632e-01 
 3926.000;7.663888335e-01 
 3927.000;7.665100694e-01 
 3928.000;7.666329145e-01 
 3929.000;7.667554617e-01 
 3930.000;7.757568955e-01 
 3931.000;7.758790851e-01 
 3932.000;7.760014534e-01 
 3933.000;7.761238813e-01 
 3934.000;7.762458324e-01 
 3935.000;7.763686776e-01 
 3936.000;7.764982581e-01 
 3937.000;7.766215801e-01 
 3938.000;7.866985798e-01 
 3939.000;7.868249416e-01 
 3940.000;7.869532704e-01 
 3941.000;7.870796323e-01 
 3942.000;7.872074246e-01 
 3943.000;7.873350978e-01 
 3944.000;7.874632478e-01 
 3945.000;8.028548956e-01 
 3946.000;8.029651046e-01 
 3947.000;8.030744791e-01 
 3948.000;8.031843305e-01 
 3949.000;8.032945395e-01 
 3950.000;8.034039736e-01 
 3951.000;8.035149574e-01 
 3952.000;7.975322604e-01 
 3953.000;8.051998019e-01 
 3954.000;8.053320050e-01 
 3955.000;8.054639101e-01 
 3956.000;8.055967093e-01 
 3957.000;8.057302833e-01 
 3958.000;8.058632016e-01 
 3959.000;8.059961796e-01 
 3960.000;8.061293364e-01 
 3961.000;8.084077239e-01 
 3962.000;8.085392714e-01 
 3963.000;8.086678386e-01 
 3964.000;8.087986112e-01 
 3965.000;8.089290261e-01 
 3966.000;8.090596199e-01 
 3967.000;8.091900349e-01 
 3968.000;8.093199134e-01 
 3969.000;8.071444631e-01 
 3970.000;8.072709441e-01 
 3971.000;8.073978424e-01 
 3972.000;8.075250387e-01 
 3973.000;8.076505661e-01 
 3974.000;8.077769279e-01 
 3975.000;8.079026937e-01 
 3976.000;8.080301285e-01 
 3977.000;8.024494648e-01 
 3978.000;8.025713563e-01 
 3979.000;8.026969433e-01 
 3980.000;8.028165698e-01 
 3981.000;8.029398322e-01 
 3982.000;8.030638099e-01 
 3983.000;8.031816483e-01 
 3984.000;8.033015132e-01 
 3985.000;7.998016477e-01 
 3986.000;7.999221087e-01 
 3987.000;8.000394702e-01 
 3988.000;8.001638055e-01 
 3989.000;8.003046513e-01 
 3990.000;7.988761663e-01 
 3991.000;8.005377054e-01 
 3992.000;8.006448746e-01 
 3993.000;7.871859670e-01 
 3994.000;7.873102427e-01 
 3995.000;7.874352932e-01 
 3996.000;7.875593305e-01 
 3997.000;7.876854539e-01 
 3998.000;7.878124714e-01 
 3999.000;7.879319787e-01 
 4000.000;7.880579233e-01 