  354.000;2.304685712e-01 
  355.000;2.281964719e-01 
  356.000;2.259108275e-01 
  357.000;2.233817428e-01 
  358.000;2.210234702e-01 
  359.000;2.187003940e-01 
  360.000;2.164552957e-01 
  361.000;2.149430811e-01 
  362.000;2.136571109e-01 
  363.000;2.121616751e-01 
  364.000;2.105058283e-01 
  365.000;2.087709457e-01 
  366.000;2.071853429e-01 
  367.000;2.052876055e-01 
  368.000;2.033703774e-01 
  369.000;2.012527883e-01 
  370.000;1.995404959e-01 
  371.000;1.979058683e-01 
  372.000;1.963234395e-01 
  373.000;1.946084648e-01 
  374.000;1.928323954e-01 
  375.000;1.910011172e-01 
  376.000;1.892667860e-01 
  377.000;1.875469238e-01 
  378.000;1.857905090e-01 
  379.000;1.841064692e-01 
  380.000;1.824953407e-01 
  381.000;1.811854392e-01 
  382.000;1.797174811e-01 
  383.000;1.781849414e-01 
  384.000;1.770659089e-01 
  385.000;1.760791391e-01 
  386.000;1.745530814e-01 
  387.000;1.729902774e-01 
  388.000;1.716258228e-01 
  389.000;1.702786386e-01 
  390.000;1.688325107e-01 
  391.000;1.672919244e-01 
  392.000;1.659045219e-01 
  393.000;1.645082235e-01 
  394.000;1.632809490e-01 
  395.000;1.618802249e-01 
  396.000;1.606938541e-01 
  397.000;1.596494019e-01 
  398.000;1.584904939e-01 
  399.000;1.575358659e-01 
  400.000;1.563641727e-01 
  401.000;1.551389992e-01 
  402.000;1.540917754e-01 
  403.000;1.529762745e-01 
  404.000;1.518190503e-01 
  405.000;1.506293416e-01 
  406.000;1.497554332e-01 
  407.000;1.487078816e-01 
  408.000;1.478788406e-01 
  409.000;1.469842494e-01 
  410.000;1.459170431e-01 
  411.000;1.447773576e-01 
  412.000;1.441166997e-01 
  413.000;1.435142457e-01 
  414.000;1.425431967e-01 
  415.000;1.416146308e-01 
  416.000;1.407297850e-01 
  417.000;1.399572939e-01 
  418.000;1.392414272e-01 
  419.000;1.384048164e-01 
  420.000;1.374249607e-01 
  421.000;1.364261061e-01 
  422.000;1.354449689e-01 
  423.000;1.346514225e-01 
  424.000;1.339581013e-01 
  425.000;1.331590563e-01 
  426.000;1.322424710e-01 
  427.000;1.313387752e-01 
  428.000;1.304472983e-01 
  429.000;1.296153963e-01 
  430.000;1.287872642e-01 
  431.000;1.279819012e-01 
  432.000;1.272159666e-01 
  433.000;1.264654994e-01 
  434.000;1.256900728e-01 
  435.000;1.247999519e-01 
  436.000;1.239153072e-01 
  437.000;1.230630353e-01 
  438.000;1.223138422e-01 
  439.000;1.215747148e-01 
  440.000;1.208318397e-01 
  441.000;1.200621724e-01 
  442.000;1.192961931e-01 
  443.000;1.185261160e-01 
  444.000;1.177215800e-01 
  445.000;1.169187501e-01 
  446.000;1.161328778e-01 
  447.000;1.154558957e-01 
  448.000;1.148249954e-01 
  449.000;1.142170355e-01 
  450.000;1.136341244e-01 
  451.000;1.130440682e-01 
  452.000;1.123890579e-01 
  453.000;1.117120311e-01 
  454.000;1.110795587e-01 
  455.000;1.104518697e-01 
  456.000;1.095836759e-01 
  457.000;1.086308807e-01 
  458.000;1.078371406e-01 
  459.000;1.071138605e-01 
  460.000;1.064567938e-01 
  461.000;1.058325991e-01 
  462.000;1.055528075e-01 
  463.000;1.054255590e-01 
  464.000;1.048744395e-01 
  465.000;1.040965021e-01 
  466.000;1.033024937e-01 
  467.000;1.024994850e-01 
  468.000;1.022233292e-01 
  469.000;1.021659076e-01 
  470.000;1.014005244e-01 
  471.000;1.003216878e-01 
  472.000;9.958997369e-02 
  473.000;9.897489846e-02 
  474.000;9.819850326e-02 
  475.000;9.729330987e-02 
  476.000;9.635650367e-02 
  477.000;9.549870342e-02 
  478.000;9.491613507e-02 
  479.000;9.448082000e-02 
  480.000;9.452842176e-02 
  481.000;9.472661465e-02 
  482.000;9.421951324e-02 
  483.000;9.337001294e-02 
  484.000;9.297049046e-02 
  485.000;9.276067466e-02 
  486.000;9.221947938e-02 
  487.000;9.154613316e-02 
  488.000;9.100521356e-02 
  489.000;9.052455425e-02 
  490.000;9.021101892e-02 
  491.000;8.992177993e-02 
  492.000;8.957220614e-02 
  493.000;8.920677006e-02 
  494.000;8.879610151e-02 
  495.000;8.837161958e-02 
  496.000;8.817686886e-02 
  497.000;8.811768144e-02 
  498.000;8.753886074e-02 
  499.000;8.673647046e-02 
  500.000;8.651144803e-02 
  501.000;8.652763814e-02 
  502.000;8.619160950e-02 
  503.000;8.570743352e-02 
  504.000;8.558604121e-02 
  505.000;8.562175184e-02 
  506.000;8.563791215e-02 
  507.000;8.560675383e-02 
  508.000;8.563586324e-02 
  509.000;8.569192886e-02 
  510.000;8.627718687e-02 
  511.000;8.707857877e-02 
  512.000;8.760987967e-02 
  513.000;8.803018928e-02 
  514.000;8.892954886e-02 
  515.000;9.003885835e-02 
  516.000;9.101492912e-02 
  517.000;9.191627800e-02 
  518.000;9.328286350e-02 
  519.000;9.485172480e-02 
  520.000;9.619645029e-02 
  521.000;9.744025767e-02 
  522.000;9.920249879e-02 
  523.000;1.011816785e-01 
  524.000;1.030608714e-01 
  525.000;1.048884243e-01 
  526.000;1.063149050e-01 
  527.000;1.075282022e-01 
  528.000;1.088716164e-01 
  529.000;1.102771387e-01 
  530.000;1.115552485e-01 
  531.000;1.127806529e-01 
  532.000;1.140196994e-01 
  533.000;1.153562069e-01 
  534.000;1.160353944e-01 
  535.000;1.164435074e-01 
  536.000;1.168288365e-01 
  537.000;1.171937138e-01 
  538.000;1.175913811e-01 
  539.000;1.180042997e-01 
  540.000;1.178624183e-01 
  541.000;1.174862832e-01 
  542.000;1.174091920e-01 
  543.000;1.174612939e-01 
  544.000;1.176313311e-01 
  545.000;1.178450882e-01 
  546.000;1.174076721e-01 
  547.000;1.166968048e-01 
  548.000;1.166895702e-01 
  549.000;1.169859841e-01 
  550.000;1.169709265e-01 
  551.000;1.168079749e-01 
  552.000;1.165509596e-01 
  553.000;1.162472665e-01 
  554.000;1.161089465e-01 
  555.000;1.160420850e-01 
  556.000;1.154045686e-01 
  557.000;1.145112887e-01 
  558.000;1.133564487e-01 
  559.000;1.120898575e-01 
  560.000;1.107327640e-01 
  561.000;1.093358546e-01 
  562.000;1.081076339e-01 
  563.000;1.069947109e-01 
  564.000;1.054222658e-01 
  565.000;1.036257148e-01 
  566.000;1.020327359e-01 
  567.000;1.004090086e-01 
  568.000;9.796232730e-02 
  569.000;9.486146271e-02 
  570.000;9.296528250e-02 
  571.000;9.159149975e-02 
  572.000;8.939591795e-02 
  573.000;8.808482438e-02 
  574.000;8.647201210e-02 
  575.000;8.472663164e-02 
  576.000;8.352889866e-02 
  577.000;8.271687478e-02 
  578.000;8.162797242e-02 
  579.000;8.043945581e-02 
  580.000;8.004286885e-02 
  581.000;8.006843179e-02 
  582.000;7.950787246e-02 
  583.000;7.863987982e-02 
  584.000;7.809572667e-02 
  585.000;7.767023891e-02 
  586.000;7.696714252e-02 
  587.000;7.589990646e-02 
  588.000;7.479517162e-02 
  589.000;7.348062843e-02 
  590.000;7.303715497e-02 
  591.000;7.338955998e-02 
  592.000;7.205411047e-02 
  593.000;7.201276720e-02 
  594.000;7.112870365e-02 
  595.000;6.995015591e-02 
  596.000;7.059242576e-02 
  597.000;7.015205920e-02 
  598.000;7.044257969e-02 
  599.000;7.063846290e-02 
  600.000;7.074353099e-02 
  601.000;7.058744878e-02 
  602.000;6.974775344e-02 
  603.000;6.916870922e-02 
  604.000;6.913844496e-02 
  605.000;6.865944713e-02 
  606.000;6.802722812e-02 
  607.000;6.787112355e-02 
  608.000;6.774891913e-02 
  609.000;6.765389442e-02 
  610.000;6.663981825e-02 
  611.000;6.584578753e-02 
  612.000;6.577794254e-02 
  613.000;6.520059705e-02 
  614.000;6.445267797e-02 
  615.000;6.415741891e-02 
  616.000;6.379176676e-02 
  617.000;6.335291266e-02 
  618.000;6.276006997e-02 
  619.000;6.219864264e-02 
  620.000;6.177480519e-02 
  621.000;6.113418937e-02 
  622.000;6.047441438e-02 
  623.000;6.050504372e-02 
  624.000;6.035414711e-02 
  625.000;6.001224741e-02 
  626.000;5.978211388e-02 
  627.000;5.919580907e-02 
  628.000;5.548916012e-02 
  629.000;5.732920766e-02 
  630.000;5.723319948e-02 
  631.000;5.770530924e-02 
  632.000;5.776117370e-02 
  633.000;5.810192600e-02 
  634.000;5.822621286e-02 
  635.000;5.826919153e-02 
  636.000;5.839994550e-02 
  637.000;5.866043642e-02 
  638.000;5.873569846e-02 
  639.000;5.802625418e-02 
  640.000;5.750804394e-02 
  641.000;5.724137276e-02 
  642.000;5.692885071e-02 
  643.000;5.631424487e-02 
  644.000;5.591174215e-02 
  645.000;5.564861745e-02 
  646.000;5.480103940e-02 
  647.000;5.387150869e-02 
  648.000;5.301533639e-02 
  649.000;5.321841687e-02 
  650.000;5.376951396e-02 
  651.000;5.378937721e-02 
  652.000;5.309414119e-02 
  653.000;5.326652899e-02 
  654.000;5.290976539e-02 
  655.000;5.291596055e-02 
  656.000;5.291444436e-02 
  657.000;5.236867070e-02 
  658.000;5.198936537e-02 
  659.000;5.166324973e-02 
  660.000;5.136751384e-02 
  661.000;5.143642798e-02 
  662.000;5.132380128e-02 
  663.000;5.091977119e-02 
  664.000;5.058183149e-02 
  665.000;5.028023571e-02 
  666.000;5.022295937e-02 
  667.000;5.070279911e-02 
  668.000;5.082667246e-02 
  669.000;5.007976294e-02 
  670.000;4.932677746e-02 
  671.000;4.916315153e-02 
  672.000;4.914336652e-02 
  673.000;4.912357405e-02 
  674.000;4.886206612e-02 
  675.000;4.854002222e-02 
  676.000;4.821436480e-02 
  677.000;4.826077819e-02 
  678.000;4.840252548e-02 
  679.000;4.853944108e-02 
  680.000;4.841458425e-02 
  681.000;4.822197184e-02 
  682.000;4.805358872e-02 
  683.000;4.829373956e-02 
  684.000;4.860524833e-02 
  685.000;4.900260270e-02 
  686.000;4.902186617e-02 
  687.000;3.928862512e-02 
  688.000;4.223263264e-02 
  689.000;4.221928865e-02 
  690.000;4.456442222e-02 
  691.000;4.783269390e-02 
  692.000;5.147534981e-02 
  693.000;5.396025255e-02 
  694.000;5.595455691e-02 
  695.000;6.114584953e-02 
  696.000;6.662632525e-02 
  697.000;7.380212098e-02 
  698.000;7.969849557e-02 
  699.000;8.405650407e-02 
  700.000;9.090758860e-02 
  701.000;9.788221866e-02 
  702.000;1.061424091e-01 
  703.000;1.176564395e-01 
  704.000;1.268333346e-01 
  705.000;1.340684444e-01 
  706.000;1.428088546e-01 
  707.000;1.525099277e-01 
  708.000;1.623388976e-01 
  709.000;1.731964052e-01 
  710.000;1.812325269e-01 
  711.000;1.924539208e-01 
  712.000;2.034818381e-01 
  713.000;2.120558172e-01 
  714.000;2.212669253e-01 
  715.000;2.289105058e-01 
  716.000;2.363402247e-01 
  717.000;2.325850725e-01 
  718.000;2.342508137e-01 
  719.000;2.405745685e-01 
  720.000;2.451781780e-01 
  721.000;2.774442732e-01 
  722.000;2.973736525e-01 
  723.000;3.030921519e-01 
  724.000;2.988795936e-01 
  725.000;3.110921085e-01 
  726.000;3.203794062e-01 
  727.000;3.329856396e-01 
  728.000;3.407592177e-01 
  729.000;3.578314185e-01 
  730.000;3.671670854e-01 
  731.000;3.760502338e-01 
  732.000;3.992021978e-01 
  733.000;4.231196940e-01 
  734.000;4.409200847e-01 
  735.000;4.478436410e-01 
  736.000;4.524865448e-01 
  737.000;4.654120505e-01 
  738.000;4.799967706e-01 
  739.000;4.912716150e-01 
  740.000;5.056318641e-01 
  741.000;5.165116787e-01 
  742.000;5.258935690e-01 
  743.000;5.360067487e-01 
  744.000;5.444614887e-01 
  745.000;5.521272421e-01 
  746.000;5.596298575e-01 
  747.000;5.652821660e-01 
  748.000;5.715959668e-01 
  749.000;5.768688321e-01 
  750.000;5.814299583e-01 
  751.000;5.859628320e-01 
  752.000;5.906875730e-01 
  753.000;5.949340463e-01 
  754.000;5.987991095e-01 
  755.000;6.022596955e-01 
  756.000;6.057339907e-01 
  757.000;6.084063053e-01 
  758.000;6.077243090e-01 
  759.000;5.234490633e-01 
  760.000;1.275752038e-01 
  761.000;1.017399877e-01 
  762.000;2.885210514e-01 
  763.000;2.208673358e-01 
  764.000;2.534679770e-01 
  765.000;3.418065608e-01 
  766.000;4.577046633e-01 
  767.000;5.142673254e-01 
  768.000;5.592226982e-01 
  769.000;5.944601893e-01 
  770.000;6.153491735e-01 
  771.000;6.266325116e-01 
  772.000;6.299167275e-01 
  773.000;6.314994097e-01 
  774.000;6.333277225e-01 
  775.000;6.343540549e-01 
  776.000;6.349366307e-01 
  777.000;6.351773143e-01 
  778.000;6.355298162e-01 
  779.000;6.361071467e-01 
  780.000;6.366731524e-01 
  781.000;6.376628280e-01 
  782.000;6.375824809e-01 
  783.000;6.375218630e-01 
  784.000;6.371810436e-01 
  785.000;6.355639100e-01 
  786.000;6.330367923e-01 
  787.000;6.276493073e-01 
  788.000;6.247801781e-01 
  789.000;6.157636046e-01 
  790.000;6.151329875e-01 
  791.000;6.172029972e-01 
  792.000;6.190308928e-01 
  793.000;6.231022477e-01 
  794.000;6.311575770e-01 
  795.000;6.257932186e-01 
  796.000;6.129812002e-01 
  797.000;6.166810989e-01 
  798.000;6.248424649e-01 
  799.000;6.226671338e-01 
  800.000;6.163494587e-01 
  801.000;6.168009639e-01 
  802.000;6.162376404e-01 
  803.000;6.175447106e-01 
  804.000;6.207540631e-01 
  805.000;6.266667247e-01 
  806.000;6.300969720e-01 
  807.000;6.303880215e-01 
  808.000;6.282674670e-01 
  809.000;6.262350678e-01 
  810.000;6.236202121e-01 
  811.000;6.183998585e-01 
  812.000;6.115189791e-01 
  813.000;6.032266021e-01 
  814.000;5.927005410e-01 
  815.000;5.801450610e-01 
  816.000;5.647770166e-01 
  817.000;5.655248165e-01 
  818.000;5.668007731e-01 
  819.000;5.717535019e-01 
  820.000;5.889406800e-01 
  821.000;6.097889543e-01 
  822.000;5.938951373e-01 
  823.000;5.533868074e-01 
  824.000;5.871619582e-01 
  825.000;6.110821366e-01 
  826.000;6.068534255e-01 
  827.000;6.037418842e-01 
  828.000;5.882530212e-01 
  829.000;5.938310027e-01 
  830.000;6.002088189e-01 
  831.000;6.017772555e-01 
  832.000;6.025092006e-01 
  833.000;6.062988639e-01 
  834.000;6.107300520e-01 
  835.000;6.198233962e-01 
  836.000;6.167389154e-01 
  837.000;6.163158417e-01 
  838.000;6.206072569e-01 
  839.000;6.231231093e-01 
  840.000;6.239467263e-01 
  841.000;6.209161282e-01 
  842.000;6.233927608e-01 
  843.000;6.292570829e-01 
  844.000;6.326756477e-01 
  845.000;6.344091296e-01 
  846.000;6.362901330e-01 
  847.000;6.382731199e-01 
  848.000;6.359245181e-01 
  849.000;6.366429925e-01 
  850.000;6.357029676e-01 
  851.000;6.344498396e-01 
  852.000;6.348260045e-01 
  853.000;6.376636624e-01 
  854.000;6.377273202e-01 
  855.000;6.393018365e-01 
  856.000;6.423012018e-01 
  857.000;6.436742544e-01 
  858.000;6.445295811e-01 
  859.000;6.460605264e-01 
  860.000;6.465404630e-01 
  861.000;6.464068890e-01 
  862.000;6.465454102e-01 
  863.000;6.463500261e-01 
  864.000;6.463778615e-01 
  865.000;6.463499665e-01 
  866.000;6.461639404e-01 
  867.000;6.458741426e-01 
  868.000;6.456705332e-01 
  869.000;6.455008984e-01 
  870.000;6.452077031e-01 
  871.000;6.450340152e-01 
  872.000;6.452749372e-01 
  873.000;6.451869607e-01 
  874.000;6.451743245e-01 
  875.000;6.452350616e-01 
  876.000;6.450189352e-01 
  877.000;6.449482441e-01 
  878.000;6.441395283e-01 
  879.000;6.441579461e-01 
  880.000;6.434895992e-01 
  881.000;6.431263685e-01 
  882.000;6.428468227e-01 
  883.000;6.432778239e-01 
  884.000;6.432162523e-01 
  885.000;6.414613724e-01 
  886.000;6.391215324e-01 
  887.000;6.405699253e-01 
  888.000;6.402462721e-01 
  889.000;6.404856443e-01 
  890.000;6.390541196e-01 
  891.000;6.363008022e-01 
  892.000;6.306754351e-01 
  893.000;6.155821681e-01 
  894.000;6.080189347e-01 
  895.000;5.862516165e-01 
  896.000;5.679029822e-01 
  897.000;5.495570898e-01 
  898.000;5.412604809e-01 
  899.000;5.192569494e-01 
  900.000;5.221762061e-01 
  901.000;5.165925622e-01 
  902.000;5.175788403e-01 
  903.000;5.550115108e-01 
  904.000;5.803533196e-01 
  905.000;5.789638758e-01 
  906.000;5.625010729e-01 
  907.000;5.357124209e-01 
  908.000;5.190818310e-01 
  909.000;5.193477869e-01 
  910.000;5.213788748e-01 
  911.000;5.317588449e-01 
  912.000;5.261351466e-01 
  913.000;5.039683580e-01 
  914.000;5.142067671e-01 
  915.000;5.226809382e-01 
  916.000;5.249180198e-01 
  917.000;5.296276212e-01 
  918.000;5.358173847e-01 
  919.000;5.582109690e-01 
  920.000;5.762163401e-01 
  921.000;5.719904900e-01 
  922.000;5.714514852e-01 
  923.000;5.662257075e-01 
  924.000;5.541654229e-01 
  925.000;5.530602932e-01 
  926.000;5.526334643e-01 
  927.000;5.391575098e-01 
  928.000;5.194617510e-01 
  929.000;4.928501546e-01 
  930.000;4.609311521e-01 
  931.000;4.248301387e-01 
  932.000;3.710440695e-01 
  933.000;3.277030885e-01 
  934.000;2.841273248e-01 
  935.000;2.794609666e-01 
  936.000;2.960413098e-01 
  937.000;2.915795445e-01 
  938.000;3.401323557e-01 
  939.000;4.536735713e-01 
  940.000;4.683609307e-01 
  941.000;4.555000365e-01 
  942.000;4.234273434e-01 
  943.000;3.619644940e-01 
  944.000;3.568741977e-01 
  945.000;3.799585700e-01 
  946.000;3.808311224e-01 
  947.000;4.001175463e-01 
  948.000;4.106656611e-01 
  949.000;4.088938832e-01 
  950.000;4.114585221e-01 
  951.000;4.341237843e-01 
  952.000;4.096052051e-01 
  953.000;4.269647598e-01 
  954.000;4.445752501e-01 
  955.000;4.303041101e-01 
  956.000;4.270655513e-01 
  957.000;4.712865055e-01 
  958.000;4.765781462e-01 
  959.000;4.687092304e-01 
  960.000;4.660566449e-01 
  961.000;4.619202614e-01 
  962.000;4.646560848e-01 
  963.000;4.884067774e-01 
  964.000;4.913602769e-01 
  965.000;4.890781641e-01 
  966.000;4.905368388e-01 
  967.000;5.090495348e-01 
  968.000;5.426735878e-01 
  969.000;5.591747761e-01 
  970.000;5.600666404e-01 
  971.000;5.593643188e-01 
  972.000;5.543512702e-01 
  973.000;5.433214903e-01 
  974.000;5.304846764e-01 
  975.000;5.224229097e-01 
  976.000;5.317237377e-01 
  977.000;5.479645133e-01 
  978.000;5.463832021e-01 
  979.000;5.505501628e-01 
  980.000;5.682145357e-01 
  981.000;5.720596313e-01 
  982.000;5.677346587e-01 
  983.000;5.773668885e-01 
  984.000;5.875738263e-01 
  985.000;5.935341716e-01 
  986.000;6.013295650e-01 
  987.000;6.044972539e-01 
  988.000;6.053383946e-01 
  989.000;6.055827737e-01 
  990.000;6.061811447e-01 
  991.000;6.089821458e-01 
  992.000;6.095227599e-01 
  993.000;6.095799804e-01 
  994.000;6.121101975e-01 
  995.000;6.142829061e-01 
  996.000;6.145572066e-01 
  997.000;6.136204600e-01 
  998.000;6.125460267e-01 
  999.000;6.123214960e-01 
 1000.000;6.130440235e-01 
 1001.000;6.101750731e-01 
 1002.000;6.055740118e-01 
 1003.000;6.066662669e-01 
 1004.000;6.094215512e-01 
 1005.000;6.107065082e-01 
 1006.000;6.110838056e-01 
 1007.000;6.103474498e-01 
 1008.000;6.066598296e-01 
 1009.000;6.023051739e-01 
 1010.000;6.041917205e-01 
 1011.000;6.097028852e-01 
 1012.000;6.119327545e-01 
 1013.000;6.134525537e-01 
 1014.000;6.140865684e-01 
 1015.000;6.141470671e-01 
 1016.000;6.148305535e-01 
 1017.000;6.151531339e-01 
 1018.000;6.142090559e-01 
 1019.000;6.133430600e-01 
 1020.000;6.150555015e-01 
 1021.000;6.174911261e-01 
 1022.000;6.161717176e-01 
 1023.000;6.153017879e-01 
 1024.000;6.145437360e-01 
 1025.000;6.178736091e-01 
 1026.000;6.192480326e-01 
 1027.000;6.183789968e-01 
 1028.000;6.187009811e-01 
 1029.000;6.202103496e-01 
 1030.000;6.217787266e-01 
 1031.000;6.226649880e-01 
 1032.000;6.233648062e-01 
 1033.000;6.236274242e-01 
 1034.000;6.238011718e-01 
 1035.000;6.233984232e-01 
 1036.000;6.225947142e-01 
 1037.000;6.219573617e-01 
 1038.000;6.216068268e-01 
 1039.000;6.212240458e-01 
 1040.000;6.211501956e-01 
 1041.000;6.211132407e-01 
 1042.000;6.212168932e-01 
 1043.000;6.213369370e-01 
 1044.000;6.211065650e-01 
 1045.000;6.204010248e-01 
 1046.000;6.198492050e-01 
 1047.000;6.191448569e-01 
 1048.000;6.180352569e-01 
 1049.000;6.167786121e-01 
 1050.000;6.158411503e-01 
 1051.000;6.148867607e-01 
 1052.000;6.139367223e-01 
 1053.000;6.132876873e-01 
 1054.000;6.123993993e-01 
 1055.000;6.118094325e-01 
 1056.000;6.111475825e-01 
 1057.000;6.097668409e-01 
 1058.000;6.072299480e-01 
 1059.000;6.068984270e-01 
 1060.000;6.072619557e-01 
 1061.000;6.063531637e-01 
 1062.000;6.041640639e-01 
 1063.000;6.026424170e-01 
 1064.000;6.005882621e-01 
 1065.000;5.988853574e-01 
 1066.000;5.988244414e-01 
 1067.000;5.978212953e-01 
 1068.000;5.952312946e-01 
 1069.000;5.952215195e-01 
 1070.000;5.966865420e-01 
 1071.000;5.957857370e-01 
 1072.000;5.950263143e-01 
 1073.000;5.953521132e-01 
 1074.000;5.961779952e-01 
 1075.000;5.987929702e-01 
 1076.000;5.977548957e-01 
 1077.000;5.957079530e-01 
 1078.000;5.932121277e-01 
 1079.000;5.933080316e-01 
 1080.000;5.868664980e-01 
 1081.000;5.869992375e-01 
 1082.000;5.905348659e-01 
 1083.000;5.873991251e-01 
 1084.000;5.838904381e-01 
 1085.000;5.750739574e-01 
 1086.000;5.777472854e-01 
 1087.000;5.885444880e-01 
 1088.000;5.894261003e-01 
 1089.000;5.770281553e-01 
 1090.000;5.746381879e-01 
 1091.000;5.768949986e-01 
 1092.000;5.708144903e-01 
 1093.000;5.574936867e-01 
 1094.000;5.517368913e-01 
 1095.000;5.523956418e-01 
 1096.000;5.529507399e-01 
 1097.000;5.502569675e-01 
 1098.000;5.207393765e-01 
 1099.000;4.978275299e-01 
 1100.000;4.994004965e-01 
 1101.000;5.024711490e-01 
 1102.000;5.010750294e-01 
 1103.000;5.030786991e-01 
 1104.000;4.991367161e-01 
 1105.000;4.897048473e-01 
 1106.000;4.804362953e-01 
 1107.000;4.823701382e-01 
 1108.000;4.836605787e-01 
 1109.000;4.912917018e-01 
 1110.000;4.903070033e-01 
 1111.000;4.860599935e-01 
 1112.000;4.673772454e-01 
 1113.000;4.423264265e-01 
 1114.000;4.348674119e-01 
 1115.000;4.025605619e-01 
 1116.000;3.809068799e-01 
 1117.000;3.261330426e-01 
 1118.000;2.759803832e-01 
 1119.000;2.507959604e-01 
 1120.000;2.210166454e-01 
 1121.000;2.146301419e-01 
 1122.000;1.856549680e-01 
 1123.000;2.010994256e-01 
 1124.000;2.116570622e-01 
 1125.000;2.057480216e-01 
 1126.000;2.032662928e-01 
 1127.000;2.055837512e-01 
 1128.000;2.102313638e-01 
 1129.000;2.397002876e-01 
 1130.000;3.154455125e-01 
 1131.000;3.376997411e-01 
 1132.000;3.063141704e-01 
 1133.000;2.508735657e-01 
 1134.000;1.634776890e-01 
 1135.000;1.693104208e-01 
 1136.000;2.567222118e-01 
 1137.000;3.105695546e-01 
 1138.000;3.619995713e-01 
 1139.000;3.758827150e-01 
 1140.000;3.659351170e-01 
 1141.000;3.457023203e-01 
 1142.000;3.376405835e-01 
 1143.000;3.140141368e-01 
 1144.000;2.875975966e-01 
 1145.000;2.514701784e-01 
 1146.000;2.587790191e-01 
 1147.000;2.855331004e-01 
 1148.000;3.098944426e-01 
 1149.000;3.193063438e-01 
 1150.000;3.191420138e-01 
 1151.000;3.336112797e-01 
 1152.000;3.402021825e-01 
 1153.000;3.500100672e-01 
 1154.000;3.463647068e-01 
 1155.000;3.649451137e-01 
 1156.000;3.843218684e-01 
 1157.000;4.203974009e-01 
 1158.000;4.349835217e-01 
 1159.000;4.476234913e-01 
 1160.000;4.524517953e-01 
 1161.000;4.661204517e-01 
 1162.000;4.762338996e-01 
 1163.000;4.891522527e-01 
 1164.000;4.917437136e-01 
 1165.000;4.923114181e-01 
 1166.000;4.947811365e-01 
 1167.000;4.960758090e-01 
 1168.000;4.948267341e-01 
 1169.000;4.966093302e-01 
 1170.000;4.984955490e-01 
 1171.000;5.036382675e-01 
 1172.000;5.005749464e-01 
 1173.000;4.975672066e-01 
 1174.000;4.974540174e-01 
 1175.000;5.050929785e-01 
 1176.000;5.122951865e-01 
 1177.000;5.080788136e-01 
 1178.000;5.001474619e-01 
 1179.000;4.998815060e-01 
 1180.000;4.972174168e-01 
 1181.000;4.905779362e-01 
 1182.000;4.840751290e-01 
 1183.000;4.848521650e-01 
 1184.000;4.884218872e-01 
 1185.000;4.973628819e-01 
 1186.000;4.943301678e-01 
 1187.000;4.847683609e-01 
 1188.000;4.823956490e-01 
 1189.000;4.880025089e-01 
 1190.000;5.030421019e-01 
 1191.000;5.076355338e-01 
 1192.000;5.143964291e-01 
 1193.000;5.128508210e-01 
 1194.000;5.115849376e-01 
 1195.000;5.043711662e-01 
 1196.000;5.047775507e-01 
 1197.000;5.010978580e-01 
 1198.000;4.998786747e-01 
 1199.000;4.958135486e-01 
 1200.000;4.981971085e-01 
 1201.000;4.986584187e-01 
 1202.000;4.969559908e-01 
 1203.000;4.934005141e-01 
 1204.000;4.935616255e-01 
 1205.000;5.040597916e-01 
 1206.000;5.095961690e-01 
 1207.000;5.120663643e-01 
 1208.000;5.111298561e-01 
 1209.000;5.090685487e-01 
 1210.000;5.061221719e-01 
 1211.000;5.061253905e-01 
 1212.000;5.078315139e-01 
 1213.000;5.132065415e-01 
 1214.000;5.127673745e-01 
 1215.000;5.146043897e-01 
 1216.000;5.202797651e-01 
 1217.000;5.245590210e-01 
 1218.000;5.253190994e-01 
 1219.000;5.251867175e-01 
 1220.000;5.259642601e-01 
 1221.000;5.276060700e-01 
 1222.000;5.288599730e-01 
 1223.000;5.297150612e-01 
 1224.000;5.344860554e-01 
 1225.000;5.359195471e-01 
 1226.000;5.375050902e-01 
 1227.000;5.401593447e-01 
 1228.000;5.430780053e-01 
 1229.000;5.452108979e-01 
 1230.000;5.473912954e-01 
 1231.000;5.480616093e-01 
 1232.000;5.482255816e-01 
 1233.000;5.482138395e-01 
 1234.000;5.507924557e-01 
 1235.000;5.516273379e-01 
 1236.000;5.519240499e-01 
 1237.000;5.525373816e-01 
 1238.000;5.524801612e-01 
 1239.000;5.521857738e-01 
 1240.000;5.518396497e-01 
 1241.000;5.509215593e-01 
 1242.000;5.499289632e-01 
 1243.000;5.491442084e-01 
 1244.000;5.473318100e-01 
 1245.000;5.456942320e-01 
 1246.000;5.440536141e-01 
 1247.000;5.419470668e-01 
 1248.000;5.397499800e-01 
 1249.000;5.380676985e-01 
 1250.000;5.360020995e-01 
 1251.000;5.334245563e-01 
 1252.000;5.307610631e-01 
 1253.000;5.280663967e-01 
 1254.000;5.234233737e-01 
 1255.000;5.195838809e-01 
 1256.000;5.157061815e-01 
 1257.000;5.104127526e-01 
 1258.000;5.005510449e-01 
 1259.000;4.920738041e-01 
 1260.000;4.830417335e-01 
 1261.000;4.735176563e-01 
 1262.000;4.575435221e-01 
 1263.000;4.508980513e-01 
 1264.000;4.462208450e-01 
 1265.000;4.443905652e-01 
 1266.000;4.383599162e-01 
 1267.000;4.313508868e-01 
 1268.000;4.231889248e-01 
 1269.000;4.198215008e-01 
 1270.000;4.410700202e-01 
 1271.000;4.523862600e-01 
 1272.000;4.615853727e-01 
 1273.000;4.690381289e-01 
 1274.000;4.776398242e-01 
 1275.000;4.831674397e-01 
 1276.000;4.876356423e-01 
 1277.000;4.919561744e-01 
 1278.000;4.971426725e-01 
 1279.000;5.006941557e-01 
 1280.000;5.056398511e-01 
 1281.000;5.106522441e-01 
 1282.000;5.143645406e-01 
 1283.000;5.186299086e-01 
 1284.000;5.206481218e-01 
 1285.000;5.228385329e-01 
 1286.000;5.228855610e-01 
 1287.000;5.221017599e-01 
 1288.000;5.145666599e-01 
 1289.000;5.128480792e-01 
 1290.000;5.131171346e-01 
 1291.000;5.151406527e-01 
 1292.000;5.194560289e-01 
 1293.000;5.203824639e-01 
 1294.000;5.169823170e-01 
 1295.000;5.111165643e-01 
 1296.000;5.051427484e-01 
 1297.000;5.003051162e-01 
 1298.000;5.000793934e-01 
 1299.000;5.000847578e-01 
 1300.000;4.994805455e-01 
 1301.000;4.985016286e-01 
 1302.000;4.953485429e-01 
 1303.000;4.854899645e-01 
 1304.000;4.816668034e-01 
 1305.000;4.793133438e-01 
 1306.000;4.775413275e-01 
 1307.000;4.744551182e-01 
 1308.000;4.679555297e-01 
 1309.000;4.596145153e-01 
 1310.000;4.581092000e-01 
 1311.000;4.577462673e-01 
 1312.000;4.477660954e-01 
 1313.000;4.369683862e-01 
 1314.000;4.279757440e-01 
 1315.000;4.311636984e-01 
 1316.000;4.367433786e-01 
 1317.000;4.356341064e-01 
 1318.000;4.250277877e-01 
 1319.000;4.103938043e-01 
 1320.000;3.944652677e-01 
 1321.000;3.878780007e-01 
 1322.000;3.964216709e-01 
 1323.000;4.058426023e-01 
 1324.000;4.103195369e-01 
 1325.000;4.060831368e-01 
 1326.000;3.948879540e-01 
 1327.000;3.726344407e-01 
 1328.000;3.479400575e-01 
 1329.000;2.965370119e-01 
 1330.000;2.757646739e-01 
 1331.000;2.617067397e-01 
 1332.000;2.657700479e-01 
 1333.000;2.765304744e-01 
 1334.000;2.919373810e-01 
 1335.000;3.023962080e-01 
 1336.000;3.057360649e-01 
 1337.000;3.075927794e-01 
 1338.000;3.139956892e-01 
 1339.000;3.173641264e-01 
 1340.000;3.222725391e-01 
 1341.000;3.194600046e-01 
 1342.000;3.191202581e-01 
 1343.000;2.991150320e-01 
 1344.000;2.738274634e-01 
 1345.000;2.050801218e-01 
 1346.000;1.623377651e-01 
 1347.000;1.363548338e-01 
 1348.000;1.036761701e-01 
 1349.000;9.185489267e-02 
 1350.000;6.404180825e-02 
 1351.000;5.181939155e-02 
 1352.000;3.247879073e-02 
 1353.000;1.829239354e-02 
 1354.000;1.245057676e-02 
 1355.000;8.181367069e-03 
 1356.000;5.145179108e-03 
 1357.000;2.841871465e-03 
 1358.000;1.816963544e-03 
 1359.000;8.817614871e-04 
 1360.000;6.553315907e-04 
 1361.000;5.540981656e-04 
 1362.000;5.351283471e-04 
 1363.000;6.436522817e-04 
 1364.000;6.993438001e-04 
 1365.000;7.210462354e-04 
 1366.000;8.014475461e-04 
 1367.000;7.066890830e-04 
 1368.000;6.488577928e-04 
 1369.000;6.657378981e-04 
 1370.000;1.012421679e-03 
 1371.000;2.014828147e-03 
 1372.000;5.001193378e-03 
 1373.000;8.813605644e-03 
 1374.000;1.204074547e-02 
 1375.000;1.365991961e-02 
 1376.000;1.221185457e-02 
 1377.000;9.755513631e-03 
 1378.000;6.233401131e-03 
 1379.000;3.347025486e-03 
 1380.000;1.511098584e-03 
 1381.000;8.273352869e-04 
 1382.000;6.329970784e-04 
 1383.000;6.123622297e-04 
 1384.000;8.867593133e-04 
 1385.000;1.286210492e-03 
 1386.000;2.179173287e-03 
 1387.000;5.581986159e-03 
 1388.000;8.556554094e-03 
 1389.000;1.056336239e-02 
 1390.000;1.107955538e-02 
 1391.000;9.534394369e-03 
 1392.000;5.957415793e-03 
 1393.000;3.842025297e-03 
 1394.000;2.556335647e-03 
 1395.000;2.999782097e-03 
 1396.000;4.751996603e-03 
 1397.000;7.038103882e-03 
 1398.000;7.219405379e-03 
 1399.000;6.367189810e-03 
 1400.000;5.841454957e-03 
 1401.000;6.321039516e-03 
 1402.000;8.562207222e-03 
 1403.000;1.077554934e-02 
 1404.000;9.618189186e-03 
 1405.000;1.030132081e-02 
 1406.000;8.896671236e-03 
 1407.000;9.361647069e-03 
 1408.000;1.247537788e-02 
 1409.000;1.591524854e-02 
 1410.000;2.166401967e-02 
 1411.000;2.787717059e-02 
 1412.000;2.765023708e-02 
 1413.000;3.112979047e-02 
 1414.000;2.952023409e-02 
 1415.000;3.437646851e-02 
 1416.000;3.760429472e-02 
 1417.000;3.875180706e-02 
 1418.000;3.872337192e-02 
 1419.000;3.941607475e-02 
 1420.000;4.039590061e-02 
 1421.000;4.630035907e-02 
 1422.000;4.870776460e-02 
 1423.000;4.968668893e-02 
 1424.000;4.890698195e-02 
 1425.000;4.677191377e-02 
 1426.000;4.662958533e-02 
 1427.000;4.892574251e-02 
 1428.000;5.033291876e-02 
 1429.000;5.198893696e-02 
 1430.000;5.032202974e-02 
 1431.000;4.427794740e-02 
 1432.000;4.102551565e-02 
 1433.000;4.075531289e-02 
 1434.000;3.950223327e-02 
 1435.000;4.288168997e-02 
 1436.000;4.415180162e-02 
 1437.000;4.462515190e-02 
 1438.000;4.827336967e-02 
 1439.000;4.895412177e-02 
 1440.000;5.086328089e-02 
 1441.000;5.211492628e-02 
 1442.000;5.121408030e-02 
 1443.000;5.128519237e-02 
 1444.000;5.276698247e-02 
 1445.000;5.329257250e-02 
 1446.000;5.607100204e-02 
 1447.000;5.877199024e-02 
 1448.000;5.931987613e-02 
 1449.000;5.789705738e-02 
 1450.000;5.527949706e-02 
 1451.000;5.673852563e-02 
 1452.000;6.157261133e-02 
 1453.000;7.009226829e-02 
 1454.000;7.947724313e-02 
 1455.000;8.621714264e-02 
 1456.000;9.266152233e-02 
 1457.000;9.377129376e-02 
 1458.000;9.490611404e-02 
 1459.000;9.032208472e-02 
 1460.000;8.619571477e-02 
 1461.000;8.385685086e-02 
 1462.000;7.815870643e-02 
 1463.000;7.812193781e-02 
 1464.000;7.668834925e-02 
 1465.000;7.301501185e-02 
 1466.000;6.842062622e-02 
 1467.000;6.552759558e-02 
 1468.000;6.218297035e-02 
 1469.000;5.709766597e-02 
 1470.000;5.553241074e-02 
 1471.000;6.185265258e-02 
 1472.000;7.071311027e-02 
 1473.000;8.371372521e-02 
 1474.000;9.480103850e-02 
 1475.000;9.513992071e-02 
 1476.000;9.578381479e-02 
 1477.000;9.290149808e-02 
 1478.000;9.001490474e-02 
 1479.000;8.629954606e-02 
 1480.000;8.909945190e-02 
 1481.000;9.446731210e-02 
 1482.000;1.001351178e-01 
 1483.000;1.023121551e-01 
 1484.000;1.027545333e-01 
 1485.000;1.028015763e-01 
 1486.000;1.079098359e-01 
 1487.000;1.188226789e-01 
 1488.000;1.202597693e-01 
 1489.000;1.328469813e-01 
 1490.000;1.429883093e-01 
 1491.000;1.487723738e-01 
 1492.000;1.507848054e-01 
 1493.000;1.547729373e-01 
 1494.000;1.561180055e-01 
 1495.000;1.599994749e-01 
 1496.000;1.664631516e-01 
 1497.000;1.675937027e-01 
 1498.000;1.734172851e-01 
 1499.000;1.797463596e-01 
 1500.000;1.848693788e-01 
 1501.000;1.853130311e-01 
 1502.000;1.846919358e-01 
 1503.000;1.848257482e-01 
 1504.000;1.874584705e-01 
 1505.000;1.929281652e-01 
 1506.000;1.943915486e-01 
 1507.000;1.994754821e-01 
 1508.000;2.029303759e-01 
 1509.000;2.063145041e-01 
 1510.000;2.081653923e-01 
 1511.000;2.108140588e-01 
 1512.000;2.129605114e-01 
 1513.000;2.145071626e-01 
 1514.000;2.159501314e-01 
 1515.000;2.189776599e-01 
 1516.000;2.211604565e-01 
 1517.000;2.241072655e-01 
 1518.000;2.282222658e-01 
 1519.000;2.327842116e-01 
 1520.000;2.381783277e-01 
 1521.000;2.418506742e-01 
 1522.000;2.436957359e-01 
 1523.000;2.459515482e-01 
 1524.000;2.467339337e-01 
 1525.000;2.473052293e-01 
 1526.000;2.488006651e-01 
 1527.000;2.509393394e-01 
 1528.000;2.533075511e-01 
 1529.000;2.547471225e-01 
 1530.000;2.564277053e-01 
 1531.000;2.576673329e-01 
 1532.000;2.589137852e-01 
 1533.000;2.601542771e-01 
 1534.000;2.619311810e-01 
 1535.000;2.642610371e-01 
 1536.000;2.655757070e-01 
 1537.000;2.680629790e-01 
 1538.000;2.703869045e-01 
 1539.000;2.722990513e-01 
 1540.000;2.739535570e-01 
 1541.000;2.760830224e-01 
 1542.000;2.777040899e-01 
 1543.000;2.803560495e-01 
 1544.000;2.834553421e-01 
 1545.000;2.867103219e-01 
 1546.000;2.899133563e-01 
 1547.000;2.921057343e-01 
 1548.000;2.938478589e-01 
 1549.000;2.948647141e-01 
 1550.000;2.959926426e-01 
 1551.000;2.970758080e-01 
 1552.000;2.981674671e-01 
 1553.000;2.998488843e-01 
 1554.000;3.012909293e-01 
 1555.000;3.030621409e-01 
 1556.000;3.047166467e-01 
 1557.000;3.063167334e-01 
 1558.000;3.075917959e-01 
 1559.000;3.087065220e-01 
 1560.000;3.100555539e-01 
 1561.000;3.111668229e-01 
 1562.000;3.119585812e-01 
 1563.000;3.125135303e-01 
 1564.000;3.119303882e-01 
 1565.000;3.094899356e-01 
 1566.000;3.103732169e-01 
 1567.000;3.055984378e-01 
 1568.000;2.988016605e-01 
 1569.000;2.915676534e-01 
 1570.000;2.866808176e-01 
 1571.000;2.875492871e-01 
 1572.000;2.867860198e-01 
 1573.000;2.892001569e-01 
 1574.000;2.930747271e-01 
 1575.000;2.959342301e-01 
 1576.000;2.966366708e-01 
 1577.000;2.987529933e-01 
 1578.000;3.006550372e-01 
 1579.000;3.035078347e-01 
 1580.000;3.080747426e-01 
 1581.000;3.088166416e-01 
 1582.000;3.142946661e-01 
 1583.000;3.196198344e-01 
 1584.000;3.244871199e-01 
 1585.000;3.285904825e-01 
 1586.000;3.297632337e-01 
 1587.000;3.330973983e-01 
 1588.000;3.360460103e-01 
 1589.000;3.379848301e-01 
 1590.000;3.393003345e-01 
 1591.000;3.404925764e-01 
 1592.000;3.411011100e-01 
 1593.000;3.407540619e-01 
 1594.000;3.395242095e-01 
 1595.000;3.372981548e-01 
 1596.000;3.379293084e-01 
 1597.000;3.335017860e-01 
 1598.000;3.270623088e-01 
 1599.000;3.201985061e-01 
 1600.000;3.154358864e-01 
 1601.000;3.163053989e-01 
 1602.000;3.154066205e-01 
 1603.000;3.177438080e-01 
 1604.000;3.213265538e-01 
 1605.000;3.221766949e-01 
 1606.000;3.240155280e-01 
 1607.000;3.238517642e-01 
 1608.000;3.239496648e-01 
 1609.000;3.244652450e-01 
 1610.000;3.260933161e-01 
 1611.000;3.300939202e-01 
 1612.000;3.353749812e-01 
 1613.000;3.404453397e-01 
 1614.000;3.410762846e-01 
 1615.000;3.453347385e-01 
 1616.000;3.488496542e-01 
 1617.000;3.523380458e-01 
 1618.000;3.529760242e-01 
 1619.000;3.562528789e-01 
 1620.000;3.591164649e-01 
 1621.000;3.617596924e-01 
 1622.000;3.624521792e-01 
 1623.000;3.643307686e-01 
 1624.000;3.656139672e-01 
 1625.000;3.672745526e-01 
 1626.000;3.672853410e-01 
 1627.000;3.679272532e-01 
 1628.000;3.680697083e-01 
 1629.000;3.682497442e-01 
 1630.000;3.682227433e-01 
 1631.000;3.687312007e-01 
 1632.000;3.685087264e-01 
 1633.000;3.685019314e-01 
 1634.000;3.675981164e-01 
 1635.000;3.679887652e-01 
 1636.000;3.665151298e-01 
 1637.000;3.649155200e-01 
 1638.000;3.652969599e-01 
 1639.000;3.631806076e-01 
 1640.000;3.619501293e-01 
 1641.000;3.614068925e-01 
 1642.000;3.617892861e-01 
 1643.000;3.620969057e-01 
 1644.000;3.626638353e-01 
 1645.000;3.629663289e-01 
 1646.000;3.633456826e-01 
 1647.000;3.636859357e-01 
 1648.000;3.635196686e-01 
 1649.000;3.637048006e-01 
 1650.000;3.638201952e-01 
 1651.000;3.645585179e-01 
 1652.000;3.654341400e-01 
 1653.000;3.670370877e-01 
 1654.000;3.671474159e-01 
 1655.000;3.683807552e-01 
 1656.000;3.696588874e-01 
 1657.000;3.696973622e-01 
 1658.000;3.708882630e-01 
 1659.000;3.713779151e-01 
 1660.000;3.708752990e-01 
 1661.000;3.708904684e-01 
 1662.000;3.697687387e-01 
 1663.000;3.688411713e-01 
 1664.000;3.682237267e-01 
 1665.000;3.686093986e-01 
 1666.000;3.693552315e-01 
 1667.000;3.719958663e-01 
 1668.000;3.722976148e-01 
 1669.000;3.742680848e-01 
 1670.000;3.753672838e-01 
 1671.000;3.756037951e-01 
 1672.000;3.751807511e-01 
 1673.000;3.741019368e-01 
 1674.000;3.731586039e-01 
 1675.000;3.727372289e-01 
 1676.000;3.720801771e-01 
 1677.000;3.714806139e-01 
 1678.000;3.713449240e-01 
 1679.000;3.706010282e-01 
 1680.000;3.702485263e-01 
 1681.000;3.698039651e-01 
 1682.000;3.690592051e-01 
 1683.000;3.680472672e-01 
 1684.000;3.672374189e-01 
 1685.000;3.669634163e-01 
 1686.000;3.673137426e-01 
 1687.000;3.665894568e-01 
 1688.000;3.661823869e-01 
 1689.000;3.665269017e-01 
 1690.000;3.657353222e-01 
 1691.000;3.660848737e-01 
 1692.000;3.664349616e-01 
 1693.000;3.662702441e-01 
 1694.000;3.660366833e-01 
 1695.000;3.652739525e-01 
 1696.000;3.649357557e-01 
 1697.000;3.643702269e-01 
 1698.000;3.642426729e-01 
 1699.000;3.639068604e-01 
 1700.000;3.638876379e-01 
 1701.000;3.638657331e-01 
 1702.000;3.630576730e-01 
 1703.000;3.614043295e-01 
 1704.000;3.593753576e-01 
 1705.000;3.585969806e-01 
 1706.000;3.563480079e-01 
 1707.000;3.547465801e-01 
 1708.000;3.542560935e-01 
 1709.000;3.533600271e-01 
 1710.000;3.526480794e-01 
 1711.000;3.516312838e-01 
 1712.000;3.507771492e-01 
 1713.000;3.491381407e-01 
 1714.000;3.486357629e-01 
 1715.000;3.477422595e-01 
 1716.000;3.473244607e-01 
 1717.000;3.471843600e-01 
 1718.000;3.465891182e-01 
 1719.000;3.444648683e-01 
 1720.000;3.402955532e-01 
 1721.000;3.397077322e-01 
 1722.000;3.365381062e-01 
 1723.000;3.332560062e-01 
 1724.000;3.326370120e-01 
 1725.000;3.334940970e-01 
 1726.000;3.346656263e-01 
 1727.000;3.340235054e-01 
 1728.000;3.332428932e-01 
 1729.000;3.336248100e-01 
 1730.000;3.329900205e-01 
 1731.000;3.295308650e-01 
 1732.000;3.267686069e-01 
 1733.000;3.264120817e-01 
 1734.000;3.250653148e-01 
 1735.000;3.210275769e-01 
 1736.000;3.206387460e-01 
 1737.000;3.195723891e-01 
 1738.000;3.183059096e-01 
 1739.000;3.179090321e-01 
 1740.000;3.158429265e-01 
 1741.000;3.151799738e-01 
 1742.000;3.150603175e-01 
 1743.000;3.135126233e-01 
 1744.000;3.121566176e-01 
 1745.000;3.120217025e-01 
 1746.000;3.099808693e-01 
 1747.000;3.112203479e-01 
 1748.000;3.110733628e-01 
 1749.000;3.120037913e-01 
 1750.000;3.106177747e-01 
 1751.000;3.100038767e-01 
 1752.000;3.086442053e-01 
 1753.000;3.062888086e-01 
 1754.000;3.057339191e-01 
 1755.000;3.026724458e-01 
 1756.000;3.022841215e-01 
 1757.000;3.014679551e-01 
 1758.000;3.023185134e-01 
 1759.000;3.014900088e-01 
 1760.000;2.985624671e-01 
 1761.000;2.933960259e-01 
 1762.000;2.926041484e-01 
 1763.000;2.876441479e-01 
 1764.000;2.797102630e-01 
 1765.000;2.788941264e-01 
 1766.000;2.763180733e-01 
 1767.000;2.768312991e-01 
 1768.000;2.760253251e-01 
 1769.000;2.741971910e-01 
 1770.000;2.724041343e-01 
 1771.000;2.715705931e-01 
 1772.000;2.669581473e-01 
 1773.000;2.661994696e-01 
 1774.000;2.570117414e-01 
 1775.000;2.498569191e-01 
 1776.000;2.490344346e-01 
 1777.000;2.436350882e-01 
 1778.000;2.390383333e-01 
 1779.000;2.387097031e-01 
 1780.000;2.347426564e-01 
 1781.000;2.327736467e-01 
 1782.000;2.328537107e-01 
 1783.000;2.283762842e-01 
 1784.000;2.285005450e-01 
 1785.000;2.289612591e-01 
 1786.000;2.286192179e-01 
 1787.000;2.287518680e-01 
 1788.000;2.284267545e-01 
 1789.000;2.184146345e-01 
 1790.000;2.180050611e-01 
 1791.000;2.075289339e-01 
 1792.000;2.050545812e-01 
 1793.000;1.917418987e-01 
 1794.000;1.815441102e-01 
 1795.000;1.811807156e-01 
 1796.000;1.654540300e-01 
 1797.000;1.530389041e-01 
 1798.000;1.531888247e-01 
 1799.000;1.288895160e-01 
 1800.000;1.290280372e-01 
 1801.000;1.112075746e-01 
 1802.000;1.006391793e-01 
 1803.000;1.007538959e-01 
 1804.000;9.892575443e-02 
 1805.000;9.616767615e-02 
 1806.000;8.834400028e-02 
 1807.000;8.567909896e-02 
 1808.000;8.243213594e-02 
 1809.000;6.996703148e-02 
 1810.000;5.982510373e-02 
 1811.000;5.984432623e-02 
 1812.000;5.001920834e-02 
 1813.000;5.003225058e-02 
 1814.000;4.481142014e-02 
 1815.000;3.329506516e-02 
 1816.000;3.328632191e-02 
 1817.000;2.992142364e-02 
 1818.000;2.790736593e-02 
 1819.000;2.244144864e-02 
 1820.000;1.982196793e-02 
 1821.000;1.982210763e-02 
 1822.000;1.797910966e-02 
 1823.000;1.798089407e-02 
 1824.000;1.582917944e-02 
 1825.000;8.842719719e-03 
 1826.000;8.845893666e-03 
 1827.000;5.834409501e-03 
 1828.000;5.194789730e-03 
 1829.000;2.532318467e-03 
 1830.000;1.487295376e-03 
 1831.000;1.487585134e-03 
 1832.000;9.248374263e-04 
 1833.000;9.249272989e-04 
 1834.000;5.262694322e-04 
 1835.000;2.673202544e-04 
 1836.000;2.669597161e-04 
 1837.000;2.120249410e-04 
 1838.000;2.051053452e-04 
 1839.000;2.294894948e-04 
 1840.000;3.176814935e-04 
 1841.000;3.173001751e-04 
 1842.000;4.563902621e-04 
 1843.000;4.559204972e-04 
 1844.000;5.715437001e-04 
 1845.000;5.481803091e-04 
 1846.000;4.513106251e-04 
 1847.000;3.580971097e-04 
 1848.000;3.567292588e-04 
 1849.000;3.453836252e-04 
 1850.000;3.440674045e-04 
 1851.000;3.309011227e-04 
 1852.000;3.316180082e-04 
 1853.000;3.303314734e-04 
 1854.000;3.303857811e-04 
 1855.000;3.351751948e-04 
 1856.000;3.588706022e-04 
 1857.000;3.560207260e-04 
 1858.000;4.574209452e-04 
 1859.000;7.709488855e-04 
 1860.000;7.631698390e-04 
 1861.000;1.332448563e-03 
 1862.000;1.259230543e-03 
 1863.000;1.369092264e-03 
 1864.000;1.127708470e-03 
 1865.000;1.114840503e-03 
 1866.000;5.510341143e-04 
 1867.000;5.426764837e-04 
 1868.000;2.024390997e-04 
 1869.000;2.037144150e-04 
 1870.000;1.317855058e-04 
 1871.000;1.194210345e-04 
 1872.000;1.190675248e-04 
 1873.000;1.357090805e-04 
 1874.000;1.350373786e-04 
 1875.000;2.171024535e-04 
 1876.000;2.157248673e-04 
 1877.000;5.661128671e-04 
 1878.000;1.182944165e-03 
 1879.000;1.146294875e-03 
 1880.000;1.778607606e-03 
 1881.000;1.716738916e-03 
 1882.000;2.289287513e-03 
 1883.000;2.383397892e-03 
 1884.000;2.652331954e-03 
 1885.000;2.540083369e-03 
 1886.000;2.460196381e-03 
 1887.000;2.423850121e-03 
 1888.000;2.324696630e-03 
 1889.000;1.758528175e-03 
 1890.000;1.681177993e-03 
 1891.000;1.390970545e-03 
 1892.000;1.324724522e-03 
 1893.000;1.114860061e-03 
 1894.000;9.092089604e-04 
 1895.000;8.602667949e-04 
 1896.000;6.006739568e-04 
 1897.000;5.858413642e-04 
 1898.000;3.330252948e-04 
 1899.000;3.259090590e-04 
 1900.000;2.204110788e-04 
 1901.000;2.163999161e-04 
 1902.000;1.873154542e-04 
 1903.000;2.230562968e-04 
 1904.000;2.187694772e-04 
 1905.000;2.857788932e-04 
 1906.000;2.818395151e-04 
 1907.000;3.687195713e-04 
 1908.000;3.626378893e-04 
 1909.000;3.843590384e-04 
 1910.000;3.775793593e-04 
 1911.000;3.928068618e-04 
 1912.000;3.945801582e-04 
 1913.000;4.889243282e-04 
 1914.000;5.997620174e-04 
 1915.000;5.856906064e-04 
 1916.000;1.042670454e-03 
 1917.000;1.040399191e-03 
 1918.000;1.389259356e-03 
 1919.000;1.385962241e-03 
 1920.000;1.939433743e-03 
 1921.000;1.935027773e-03 
 1922.000;2.360340906e-03 
 1923.000;2.488506958e-03 
 1924.000;2.688051434e-03 
 1925.000;2.775421366e-03 
 1926.000;2.761136508e-03 
 1927.000;3.259261139e-03 
 1928.000;3.241961822e-03 
 1929.000;3.586014267e-03 
 1930.000;3.566946136e-03 
 1931.000;4.767361563e-03 
 1932.000;4.741267301e-03 
 1933.000;5.269023124e-03 
 1934.000;5.629113410e-03 
 1935.000;6.417102646e-03 
 1936.000;6.522736978e-03 
 1937.000;6.831501145e-03 
 1938.000;7.875792682e-03 
 1939.000;7.999525405e-03 
 1940.000;8.866503835e-03 
 1941.000;9.001898579e-03 
 1942.000;1.022725552e-02 
 1943.000;1.037877239e-02 
 1944.000;1.113399025e-02 
 1945.000;1.129440777e-02 
 1946.000;1.229024492e-02 
 1947.000;1.228308771e-02 
 1948.000;1.226452738e-02 
 1949.000;1.254667621e-02 
 1950.000;1.235822123e-02 
 1951.000;1.236273069e-02 
 1952.000;1.128253248e-02 
 1953.000;1.151485834e-02 
 1954.000;1.094193570e-02 
 1955.000;1.094612200e-02 
 1956.000;1.077246387e-02 
 1957.000;1.169645321e-02 
 1958.000;1.177566405e-02 
 1959.000;1.348144282e-02 
 1960.000;1.357177831e-02 
 1961.000;1.556122024e-02 
 1962.000;1.566381194e-02 
 1963.000;1.803462394e-02 
 1964.000;1.815227047e-02 
 1965.000;2.083340287e-02 
 1966.000;2.111613937e-02 
 1967.000;2.394231781e-02 
 1968.000;2.425937541e-02 
 1969.000;2.810029499e-02 
 1970.000;2.845710143e-02 
 1971.000;3.201621771e-02 
 1972.000;3.253378347e-02 
 1973.000;3.582197800e-02 
 1974.000;3.626082838e-02 
 1975.000;3.915597126e-02 
 1976.000;3.970007971e-02 
 1977.000;4.212233424e-02 
 1978.000;4.258360341e-02 
 1979.000;4.443402216e-02 
 1980.000;4.497906193e-02 
 1981.000;4.693377391e-02 
 1982.000;4.742599279e-02 
 1983.000;4.862631857e-02 
 1984.000;4.920281470e-02 
 1985.000;5.015185103e-02 
 1986.000;5.075992271e-02 
 1987.000;5.171838030e-02 
 1988.000;5.237504840e-02 
 1989.000;5.267954245e-02 
 1990.000;5.324169621e-02 
 1991.000;5.303925276e-02 
 1992.000;5.367479473e-02 
 1993.000;5.211978778e-02 
 1994.000;5.269571021e-02 
 1995.000;4.747241363e-02 
 1996.000;4.794824123e-02 
 1997.000;3.748785332e-02 
 1998.000;3.783680126e-02 
 1999.000;2.650669962e-02 
 2000.000;2.676353231e-02 
 2001.000;1.875439472e-02 
 2002.000;1.892228238e-02 
 2003.000;1.523369737e-02 
 2004.000;1.537431870e-02 
 2005.000;1.523587015e-02 
 2006.000;1.534220390e-02 
 2007.000;1.728130318e-02 
 2008.000;1.740571670e-02 
 2009.000;1.912688650e-02 
 2010.000;1.925691776e-02 
 2011.000;2.011723444e-02 
 2012.000;2.025787532e-02 
 2013.000;2.130319364e-02 
 2014.000;2.144417539e-02 
 2015.000;2.337792143e-02 
 2016.000;2.363650501e-02 
 2017.000;2.794875950e-02 
 2018.000;2.824423835e-02 
 2019.000;3.497297317e-02 
 2020.000;3.534314781e-02 
 2021.000;4.374461621e-02 
 2022.000;4.418880492e-02 
 2023.000;5.306118354e-02 
 2024.000;5.359608680e-02 
 2025.000;6.171553954e-02 
 2026.000;6.224648282e-02 
 2027.000;6.808566302e-02 
 2028.000;6.866133213e-02 
 2029.000;7.309231907e-02 
 2030.000;7.370603085e-02 
 2031.000;7.696707547e-02 
 2032.000;7.760453969e-02 
 2033.000;7.999291271e-02 
 2034.000;8.063777536e-02 
 2035.000;8.237104118e-02 
 2036.000;8.304686099e-02 
 2037.000;8.379193395e-02 
 2038.000;8.445681632e-02 
 2039.000;8.467143029e-02 
 2040.000;8.533433825e-02 
 2041.000;8.479268104e-02 
 2042.000;8.545910567e-02 
 2043.000;8.363801241e-02 
 2044.000;8.426692337e-02 
 2045.000;8.059883118e-02 
 2046.000;8.085104823e-02 
 2047.000;8.113078773e-02 
 2048.000;7.424400002e-02 
 2049.000;7.449273020e-02 
 2050.000;6.648378819e-02 
 2051.000;6.670682877e-02 
 2052.000;6.173540279e-02 
 2053.000;6.194059551e-02 
 2054.000;6.104762480e-02 
 2055.000;6.124749780e-02 
 2056.000;6.389154494e-02 
 2057.000;6.442236155e-02 
 2058.000;6.834559143e-02 
 2059.000;6.890360266e-02 
 2060.000;7.073139399e-02 
 2061.000;7.130051404e-02 
 2062.000;7.155494392e-02 
 2063.000;7.212160528e-02 
 2064.000;7.265201956e-02 
 2065.000;7.322093099e-02 
 2066.000;7.361205667e-02 
 2067.000;7.519391924e-02 
 2068.000;7.559046894e-02 
 2069.000;7.856806368e-02 
 2070.000;7.897895575e-02 
 2071.000;8.574314415e-02 
 2072.000;8.618686348e-02 
 2073.000;9.289576858e-02 
 2074.000;9.336914867e-02 
 2075.000;9.880303591e-02 
 2076.000;9.928885847e-02 
 2077.000;1.037210152e-01 
 2078.000;1.042903215e-01 
 2079.000;1.048606262e-01 
 2080.000;1.078454033e-01 
 2081.000;1.084290296e-01 
 2082.000;1.103913859e-01 
 2083.000;1.109841987e-01 
 2084.000;1.129791141e-01 
 2085.000;1.135793328e-01 
 2086.000;1.157156304e-01 
 2087.000;1.162964627e-01 
 2088.000;1.187344193e-01 
 2089.000;1.193240061e-01 
 2090.000;1.218748614e-01 
 2091.000;1.224741936e-01 
 2092.000;1.230735555e-01 
 2093.000;1.250783950e-01 
 2094.000;1.256844997e-01 
 2095.000;1.274337620e-01 
 2096.000;1.282761991e-01 
 2097.000;1.298346072e-01 
 2098.000;1.306811273e-01 
 2099.000;1.327593774e-01 
 2100.000;1.336175054e-01 
 2101.000;1.360792518e-01 
 2102.000;1.369233280e-01 
 2103.000;1.377904713e-01 
 2104.000;1.396519542e-01 
 2105.000;1.405208707e-01 
 2106.000;1.417509317e-01 
 2107.000;1.420128345e-01 
 2108.000;1.426441073e-01 
 2109.000;1.429082304e-01 
 2110.000;1.431454122e-01 
 2111.000;1.434087902e-01 
 2112.000;1.439745873e-01 
 2113.000;1.442423910e-01 
 2114.000;1.444981098e-01 
 2115.000;1.449970901e-01 
 2116.000;1.455255300e-01 
 2117.000;1.465002596e-01 
 2118.000;1.470450461e-01 
 2119.000;1.485814005e-01 
 2120.000;1.491314471e-01 
 2121.000;1.509740353e-01 
 2122.000;1.515343040e-01 
 2123.000;1.520917565e-01 
 2124.000;1.540818363e-01 
 2125.000;1.546434909e-01 
 2126.000;1.571800411e-01 
 2127.000;1.580804586e-01 
 2128.000;1.605406851e-01 
 2129.000;1.614594907e-01 
 2130.000;1.633574814e-01 
 2131.000;1.642907709e-01 
 2132.000;1.652081311e-01 
 2133.000;1.667588651e-01 
 2134.000;1.676832438e-01 
 2135.000;1.690512747e-01 
 2136.000;1.690936834e-01 
 2137.000;1.692210585e-01 
 2138.000;1.692638397e-01 
 2139.000;1.693065166e-01 
 2140.000;1.691507399e-01 
 2141.000;1.691933572e-01 
 2142.000;1.681846678e-01 
 2143.000;1.682257056e-01 
 2144.000;1.663627326e-01 
 2145.000;1.664013118e-01 
 2146.000;1.639185697e-01 
 2147.000;1.641255319e-01 
 2148.000;1.643404216e-01 
 2149.000;1.618801206e-01 
 2150.000;1.620891690e-01 
 2151.000;1.604357660e-01 
 2152.000;1.606489122e-01 
 2153.000;1.606532037e-01 
 2154.000;1.608603746e-01 
 2155.000;1.610585004e-01 
 2156.000;1.617701948e-01 
 2157.000;1.620870382e-01 
 2158.000;1.624882370e-01 
 2159.000;1.628048569e-01 
 2160.000;1.633025706e-01 
 2161.000;1.636181772e-01 
 2162.000;1.639336795e-01 
 2163.000;1.647036374e-01 
 2164.000;1.650179774e-01 
 2165.000;1.657339633e-01 
 2166.000;1.659295708e-01 
 2167.000;1.668883264e-01 
 2168.000;1.670819372e-01 
 2169.000;1.672746390e-01 
 2170.000;1.681299210e-01 
 2171.000;1.683286577e-01 
 2172.000;1.685333848e-01 
 2173.000;1.687323302e-01 
 2174.000;1.686984748e-01 
 2175.000;1.688876897e-01 
 2176.000;1.694325507e-01 
 2177.000;1.695637256e-01 
 2178.000;1.701101512e-01 
 2179.000;1.698769778e-01 
 2180.000;1.704178900e-01 
 2181.000;1.709510684e-01 
 2182.000;1.706183106e-01 
 2183.000;1.711574942e-01 
 2184.000;1.722945869e-01 
 2185.000;1.728380024e-01 
 2186.000;1.741392314e-01 
 2187.000;1.745141596e-01 
 2188.000;1.748971939e-01 
 2189.000;1.758298278e-01 
 2190.000;1.762045324e-01 
 2191.000;1.753072888e-01 
 2192.000;1.756862551e-01 
 2193.000;1.725620329e-01 
 2194.000;1.729245037e-01 
 2195.000;1.732896715e-01 
 2196.000;1.692992896e-01 
 2197.000;1.692718714e-01 
 2198.000;1.666366011e-01 
 2199.000;1.666133255e-01 
 2200.000;1.665892005e-01 
 2201.000;1.676428914e-01 
 2202.000;1.676187068e-01 
 2203.000;1.711027175e-01 
 2204.000;1.710790247e-01 
 2205.000;1.710543633e-01 
 2206.000;1.760625392e-01 
 2207.000;1.764585376e-01 
 2208.000;1.810008883e-01 
 2209.000;1.814101636e-01 
 2210.000;1.837789565e-01 
 2211.000;1.841913164e-01 
 2212.000;1.846116930e-01 
 2213.000;1.851543635e-01 
 2214.000;1.855663359e-01 
 2215.000;1.855077893e-01 
 2216.000;1.855112910e-01 
 2217.000;1.855318397e-01 
 2218.000;1.848640144e-01 
 2219.000;1.848752499e-01 
 2220.000;1.842795610e-01 
 2221.000;1.843122244e-01 
 2222.000;1.843324453e-01 
 2223.000;1.838997304e-01 
 2224.000;1.839079261e-01 
 2225.000;1.831061542e-01 
 2226.000;1.827469468e-01 
 2227.000;1.823980212e-01 
 2228.000;1.810511202e-01 
 2229.000;1.806926131e-01 
 2230.000;1.789794117e-01 
 2231.000;1.786295772e-01 
 2232.000;1.782811284e-01 
 2233.000;1.768648922e-01 
 2234.000;1.765153408e-01 
 2235.000;1.751039475e-01 
 2236.000;1.747069806e-01 
 2237.000;1.743113697e-01 
 2238.000;1.729981452e-01 
 2239.000;1.726140827e-01 
 2240.000;1.716583222e-01 
 2241.000;1.712656766e-01 
 2242.000;1.708720028e-01 
 2243.000;1.697994024e-01 
 2244.000;1.694077849e-01 
 2245.000;1.682927459e-01 
 2246.000;1.677071154e-01 
 2247.000;1.671198308e-01 
 2248.000;1.657454222e-01 
 2249.000;1.651638746e-01 
 2250.000;1.633223295e-01 
 2251.000;1.627463698e-01 
 2252.000;1.621662229e-01 
 2253.000;1.597710103e-01 
 2254.000;1.592087448e-01 
 2255.000;1.573737413e-01 
 2256.000;1.563086063e-01 
 2257.000;1.552666426e-01 
 2258.000;1.531451494e-01 
 2259.000;1.520934850e-01 
 2260.000;1.503383517e-01 
 2261.000;1.492867172e-01 
 2262.000;1.482356340e-01 
 2263.000;1.474398226e-01 
 2264.000;1.463875324e-01 
 2265.000;1.453347951e-01 
 2266.000;1.442896575e-01 
 2267.000;1.436695755e-01 
 2268.000;1.428767294e-01 
 2269.000;1.421957910e-01 
 2270.000;1.415844560e-01 
 2271.000;1.412063390e-01 
 2272.000;1.405299902e-01 
 2273.000;1.395009756e-01 
 2274.000;1.388214529e-01 
 2275.000;1.381324381e-01 
 2276.000;1.392404586e-01 
 2277.000;1.398926824e-01 
 2278.000;1.407510638e-01 
 2279.000;1.414169669e-01 
 2280.000;1.420770735e-01 
 2281.000;1.420316547e-01 
 2282.000;1.426840872e-01 
 2283.000;1.433369666e-01 
 2284.000;1.437255144e-01 
 2285.000;1.443330795e-01 
 2286.000;1.426564753e-01 
 2287.000;1.423290521e-01 
 2288.000;1.416219324e-01 
 2289.000;1.396100819e-01 
 2290.000;1.392704248e-01 
 2291.000;1.372985244e-01 
 2292.000;1.369746178e-01 
 2293.000;1.366505772e-01 
 2294.000;1.343853623e-01 
 2295.000;1.340639144e-01 
 2296.000;1.338736564e-01 
 2297.000;1.334877014e-01 
 2298.000;1.331731826e-01 
 2299.000;1.335348338e-01 
 2300.000;1.333440840e-01 
 2301.000;1.331528127e-01 
 2302.000;1.349654049e-01 
 2303.000;1.347699761e-01 
 2304.000;1.345727295e-01 
 2305.000;1.374576092e-01 
 2306.000;1.358318627e-01 
 2307.000;1.353392452e-01 
 2308.000;1.337009519e-01 
 2309.000;1.320537776e-01 
 2310.000;1.294754595e-01 
 2311.000;1.278629750e-01 
 2312.000;1.262043864e-01 
 2313.000;1.214344949e-01 
 2314.000;1.198476180e-01 
 2315.000;1.145554408e-01 
 2316.000;1.136872023e-01 
 2317.000;1.128207892e-01 
 2318.000;1.153961942e-01 
 2319.000;1.144998670e-01 
 2320.000;1.097278371e-01 
 2321.000;1.098279953e-01 
 2322.000;1.089565381e-01 
 2323.000;1.102820188e-01 
 2324.000;1.094079688e-01 
 2325.000;1.085180268e-01 
 2326.000;1.103652045e-01 
 2327.000;1.103820577e-01 
 2328.000;1.103964001e-01 
 2329.000;1.097127572e-01 
 2330.000;1.097279564e-01 
 2331.000;1.097262949e-01 
 2332.000;1.075844020e-01 
 2333.000;1.075985655e-01 
 2334.000;1.048120484e-01 
 2335.000;1.048281938e-01 
 2336.000;1.041805744e-01 
 2337.000;1.004982814e-01 
 2338.000;9.988673031e-02 
 2339.000;9.927404672e-02 
 2340.000;9.656263888e-02 
 2341.000;9.596586972e-02 
 2342.000;9.397613257e-02 
 2343.000;9.338781238e-02 
 2344.000;9.279552847e-02 
 2345.000;9.139474481e-02 
 2346.000;9.104464203e-02 
 2347.000;9.067956358e-02 
 2348.000;9.042353928e-02 
 2349.000;9.006837755e-02 
 2350.000;8.972875774e-02 
 2351.000;9.056794643e-02 
 2352.000;9.021434188e-02 
 2353.000;9.175340086e-02 
 2354.000;9.138543904e-02 
 2355.000;9.102632850e-02 
 2356.000;9.288466722e-02 
 2357.000;9.264175594e-02 
 2358.000;9.236965328e-02 
 2359.000;9.288877249e-02 
 2360.000;9.264345467e-02 
 2361.000;9.239684790e-02 
 2362.000;9.040127695e-02 
 2363.000;9.016039968e-02 
 2364.000;8.987770975e-02 
 2365.000;8.679937571e-02 
 2366.000;8.663836867e-02 
 2367.000;8.280958980e-02 
 2368.000;8.265337348e-02 
 2369.000;8.249547333e-02 
 2370.000;8.081597090e-02 
 2371.000;8.065125346e-02 
 2372.000;8.049650490e-02 
 2373.000;8.126548678e-02 
 2374.000;8.110976219e-02 
 2375.000;8.090978861e-02 
 2376.000;8.085927367e-02 
 2377.000;8.019208908e-02 
 2378.000;7.952607423e-02 
 2379.000;8.032655716e-02 
 2380.000;7.966226339e-02 
 2381.000;7.884676754e-02 
 2382.000;7.817772031e-02 
 2383.000;7.751610130e-02 
 2384.000;7.697532326e-02 
 2385.000;7.629678398e-02 
 2386.000;7.561755925e-02 
 2387.000;7.605235279e-02 
 2388.000;7.575564086e-02 
 2389.000;7.545957714e-02 
 2390.000;7.588095963e-02 
 2391.000;7.558155060e-02 
 2392.000;7.520697266e-02 
 2393.000;7.584252954e-02 
 2394.000;7.554016262e-02 
 2395.000;7.524026930e-02 
 2396.000;7.518752664e-02 
 2397.000;7.488382608e-02 
 2398.000;7.448952645e-02 
 2399.000;7.408141345e-02 
 2400.000;7.377962768e-02 
 2401.000;7.244120538e-02 
 2402.000;7.181088626e-02 
 2403.000;7.117950916e-02 
 2404.000;6.896848232e-02 
 2405.000;6.835211813e-02 
 2406.000;6.773445755e-02 
 2407.000;6.569216400e-02 
 2408.000;6.508936733e-02 
 2409.000;6.448534131e-02 
 2410.000;6.223041564e-02 
 2411.000;6.164402515e-02 
 2412.000;6.106208637e-02 
 2413.000;5.941208452e-02 
 2414.000;5.883552879e-02 
 2415.000;5.816349387e-02 
 2416.000;5.800618604e-02 
 2417.000;5.742572993e-02 
 2418.000;5.684354529e-02 
 2419.000;5.871678144e-02 
 2420.000;5.840164423e-02 
 2421.000;5.791297555e-02 
 2422.000;5.923293158e-02 
 2423.000;5.890755728e-02 
 2424.000;5.858835578e-02 
 2425.000;5.909932032e-02 
 2426.000;5.877387896e-02 
 2427.000;5.833918601e-02 
 2428.000;5.796290562e-02 
 2429.000;5.763681605e-02 
 2430.000;5.731002986e-02 
 2431.000;5.603935570e-02 
 2432.000;5.572295934e-02 
 2433.000;5.523077399e-02 
 2434.000;5.383737385e-02 
 2435.000;5.351828784e-02 
 2436.000;5.321103707e-02 
 2437.000;5.293151364e-02 
 2438.000;5.260933191e-02 
 2439.000;5.219539255e-02 
 2440.000;5.044890568e-02 
 2441.000;5.012520403e-02 
 2442.000;4.981406778e-02 
 2443.000;4.707767814e-02 
 2444.000;4.677375406e-02 
 2445.000;4.442379996e-02 
 2446.000;4.413079098e-02 
 2447.000;4.384436086e-02 
 2448.000;4.281608760e-02 
 2449.000;4.253287241e-02 
 2450.000;4.224853218e-02 
 2451.000;4.267594218e-02 
 2452.000;4.238767922e-02 
 2453.000;4.210082069e-02 
 2454.000;4.422813654e-02 
 2455.000;4.392109066e-02 
 2456.000;4.361619800e-02 
 2457.000;4.306767136e-02 
 2458.000;4.356511682e-02 
 2459.000;4.325684160e-02 
 2460.000;4.294379056e-02 
 2461.000;4.158574715e-02 
 2462.000;4.128120840e-02 
 2463.000;4.077425599e-02 
 2464.000;3.898615390e-02 
 2465.000;3.870096058e-02 
 2466.000;3.841241822e-02 
 2467.000;3.598755598e-02 
 2468.000;3.575324267e-02 
 2469.000;3.522275761e-02 
 2470.000;3.181098402e-02 
 2471.000;3.159901127e-02 
 2472.000;3.138460219e-02 
 2473.000;2.984363958e-02 
 2474.000;2.964273095e-02 
 2475.000;2.914296836e-02 
 2476.000;2.575482428e-02 
 2477.000;2.557483129e-02 
 2478.000;2.539700270e-02 
 2479.000;2.215050906e-02 
 2480.000;2.199489437e-02 
 2481.000;2.153371088e-02 
 2482.000;1.865756512e-02 
 2483.000;1.852319017e-02 
 2484.000;1.838611811e-02 
 2485.000;1.623999886e-02 
 2486.000;1.611949876e-02 
 2487.000;1.569869556e-02 
 2488.000;1.503046602e-02 
 2489.000;1.491742767e-02 
 2490.000;1.480383705e-02 
 2491.000;1.494892407e-02 
 2492.000;1.483100373e-02 
 2493.000;1.471641101e-02 
 2494.000;1.469194889e-02 
 2495.000;1.457547210e-02 
 2496.000;1.445780508e-02 
 2497.000;1.513994951e-02 
 2498.000;1.508971397e-02 
 2499.000;1.504016295e-02 
 2500.000;1.442106813e-02 
 2501.000;1.308464538e-02 
 2502.000;1.304264925e-02 
 2503.000;1.299890224e-02 
 2504.000;1.209058519e-02 
 2505.000;1.205051783e-02 
 2506.000;1.138902735e-02 
 2507.000;9.033289738e-03 
 2508.000;9.003216401e-03 
 2509.000;8.972740732e-03 
 2510.000;7.543376647e-03 
 2511.000;7.517921738e-03 
 2512.000;6.850104779e-03 
 2513.000;5.077620968e-03 
 2514.000;5.060938653e-03 
 2515.000;5.044257734e-03 
 2516.000;4.435883835e-03 
 2517.000;4.421085585e-03 
 2518.000;4.405822605e-03 
 2519.000;2.708829241e-03 
 2520.000;2.699841978e-03 
 2521.000;2.691051224e-03 
 2522.000;2.682579681e-03 
 2523.000;1.917529386e-03 
 2524.000;1.911268686e-03 
 2525.000;1.622328069e-03 
 2526.000;8.461711113e-04 
 2527.000;8.435664349e-04 
 2528.000;8.409054717e-04 
 2529.000;5.161985755e-04 
 2530.000;5.169284996e-04 
 2531.000;5.176634877e-04 
 2532.000;2.118992998e-04 
 2533.000;2.121419238e-04 
 2534.000;2.124180901e-04 
 2535.000;1.569342712e-04 
 2536.000;1.570827444e-04 
 2537.000;1.572373876e-04 
 2538.000;1.252129441e-04 
 2539.000;6.718702207e-05 
 2540.000;6.718977238e-05 
 2541.000;6.719025987e-05 
 2542.000;5.409179357e-05 
 2543.000;5.406855780e-05 
 2544.000;4.688238187e-05 
 2545.000;4.177921073e-05 
 2546.000;4.173308844e-05 
 2547.000;4.168925443e-05 
 2548.000;4.167024963e-05 
 2549.000;4.162544428e-05 
 2550.000;4.158137381e-05 
 2551.000;3.917110007e-05 
 2552.000;3.767350427e-05 
 2553.000;3.762236520e-05 
 2554.000;3.757173545e-05 
 2555.000;3.690311496e-05 
 2556.000;3.685150295e-05 
 2557.000;3.595956150e-05 
 2558.000;3.352044223e-05 
 2559.000;3.346909216e-05 
 2560.000;3.341718548e-05 
 2561.000;3.158028994e-05 
 2562.000;3.153122088e-05 
 2563.000;3.148192991e-05 
 2564.000;3.128595563e-05 
 2565.000;2.976439464e-05 
 2566.000;2.971841786e-05 
 2567.000;2.967277396e-05 
 2568.000;2.860184031e-05 
 2569.000;2.855757157e-05 
 2570.000;2.851369572e-05 
 2571.000;2.792108899e-05 
 2572.000;2.787802805e-05 
 2573.000;2.783487798e-05 
 2574.000;2.779210445e-05 
 2575.000;2.732328358e-05 
 2576.000;2.728098661e-05 
 2577.000;2.713095273e-05 
 2578.000;2.639295053e-05 
 2579.000;2.635224337e-05 
 2580.000;2.631173629e-05 
 2581.000;2.543935079e-05 
 2582.000;2.540010428e-05 
 2583.000;2.536108150e-05 
 2584.000;2.467148988e-05 
 2585.000;2.463353849e-05 
 2586.000;2.459563802e-05 
 2587.000;2.455776848e-05 
 2588.000;2.434030102e-05 
 2589.000;2.430288805e-05 
 2590.000;2.426527317e-05 
 2591.000;2.380620390e-05 
 2592.000;2.376952034e-05 