/begin_header
/delimiter=space
/missing=-999
!
! Spectral response functions for MODIS Aqua bands 8 - 16 (detector averaged) based on values from MCST
! wavlength range 380 - 1100nm
!
/fields=wavelength,RSR_412,RSR_443,RSR_488,RSR_531,RSR_551,RSR_667,RSR_678,RSR_748,RSR_869
/end_header
380.0  1.86000E-05  1.47000E-05  3.96000E-06  2.07000E-06  1.47000E-06  2.96000E-06  3.39000E-06  1.69667E-06  4.76000E-06
381.0  3.22400E-05  1.49800E-05  3.82800E-06  2.03550E-06  1.69100E-06  2.98900E-06  3.36567E-06  1.71200E-06  4.76000E-06
382.0  4.58800E-05  1.52600E-05  3.69600E-06  2.00100E-06  1.91200E-06  3.01800E-06  3.34133E-06  1.72733E-06  4.76000E-06
383.0  5.95200E-05  1.55400E-05  3.56400E-06  1.96650E-06  2.13300E-06  3.04700E-06  3.31700E-06  1.74267E-06  4.76000E-06
384.0  7.31600E-05  1.58200E-05  3.43200E-06  1.93200E-06  2.35400E-06  3.07600E-06  3.29267E-06  1.75800E-06  4.76000E-06
385.0  8.68000E-05  1.61000E-05  3.30000E-06  1.89750E-06  2.57500E-06  3.10500E-06  3.26833E-06  1.77333E-06  4.76000E-06
386.0  0.000100440  1.63800E-05  3.16800E-06  1.86300E-06  2.79600E-06  3.13400E-06  3.24400E-06  1.78867E-06  4.76000E-06
387.0  0.000114080  1.66600E-05  3.03600E-06  1.82850E-06  3.01700E-06  3.16300E-06  3.21967E-06  1.80400E-06  4.76000E-06
388.0  0.000127720  1.69400E-05  2.90400E-06  1.79400E-06  3.23800E-06  3.19200E-06  3.19533E-06  1.81933E-06  4.76000E-06
389.0  0.000141360  1.72200E-05  2.77200E-06  1.75950E-06  3.45900E-06  3.22100E-06  3.17100E-06  1.83467E-06  4.76000E-06
390.0  0.000155000  1.75000E-05  2.64000E-06  1.72500E-06  3.68000E-06  3.25000E-06  3.14667E-06  1.85000E-06  4.76000E-06
391.0  0.000287687  1.63940E-05  3.96600E-06  1.69050E-06  5.91200E-06  3.23033E-06  3.12233E-06  1.94250E-06  4.44300E-06
392.0  0.000395619  1.52880E-05  5.29200E-06  1.65600E-06  8.14400E-06  3.21067E-06  3.09800E-06  2.03500E-06  4.12600E-06
393.0  0.000544043  1.41820E-05  6.61800E-06  1.62150E-06  1.03760E-05  3.19100E-06  3.07367E-06  2.12750E-06  3.80900E-06
394.0  0.000748152  1.30760E-05  7.94400E-06  1.58700E-06  1.26080E-05  3.17133E-06  3.04933E-06  2.22000E-06  3.49200E-06
395.0   0.00102884  1.19700E-05  9.27000E-06  1.55250E-06  1.48400E-05  3.15167E-06  3.02500E-06  2.31250E-06  3.17500E-06
396.0   0.00141482  1.08640E-05  1.05960E-05  1.51800E-06  1.70720E-05  3.13200E-06  3.00067E-06  2.40500E-06  2.85800E-06
397.0   0.00194563  9.75800E-06  1.19220E-05  1.48350E-06  1.93040E-05  3.11233E-06  2.97633E-06  2.49750E-06  2.54100E-06
398.0   0.00267557  8.65200E-06  1.32480E-05  1.44900E-06  2.15360E-05  3.09267E-06  2.95200E-06  2.59000E-06  2.22400E-06
399.0   0.00367936  7.54600E-06  1.45740E-05  1.41450E-06  2.37680E-05  3.07300E-06  2.92767E-06  2.68250E-06  1.90700E-06
400.0   0.00505974  6.44000E-06  1.59000E-05  1.38000E-06  2.60000E-05  3.05333E-06  2.90333E-06  2.77500E-06  1.59000E-06
401.0   0.00695801  8.83600E-06  5.78100E-05  1.76000E-06  2.48200E-05  3.03367E-06  2.87900E-06  2.86750E-06  1.74800E-06
402.0    0.0360107  1.12320E-05  9.97200E-05  2.14000E-06  2.36400E-05  3.01400E-06  2.85467E-06  2.96000E-06  1.90600E-06
403.0     0.128052  1.36280E-05  0.000141630  2.52000E-06  2.24600E-05  2.99433E-06  2.83033E-06  3.05250E-06  2.06400E-06
404.0     0.325699  1.60240E-05  0.000183540  2.90000E-06  2.12800E-05  2.97467E-06  2.80600E-06  3.14500E-06  2.22200E-06
405.0     0.523315  1.84200E-05  0.000225450  3.28000E-06  2.01000E-05  2.95500E-06  2.78167E-06  3.23750E-06  2.38000E-06
406.0     0.622803  2.08160E-05  0.000267360  3.66000E-06  1.89200E-05  2.93533E-06  2.75733E-06  3.33000E-06  2.53800E-06
407.0     0.629585  2.32120E-05  0.000309270  4.04000E-06  1.77400E-05  2.91567E-06  2.73300E-06  3.42250E-06  2.69600E-06
408.0     0.618408  2.56080E-05  0.000351180  4.42000E-06  1.65600E-05  2.89600E-06  2.70867E-06  3.51500E-06  2.85400E-06
409.0     0.679901  2.80040E-05  0.000393090  4.80000E-06  1.53800E-05  2.87633E-06  2.68433E-06  3.60750E-06  3.01200E-06
410.0     0.756714  3.04000E-05  0.000435000  5.18000E-06  1.42000E-05  2.85667E-06  2.66000E-06  3.70000E-06  3.17000E-06
411.0     0.763672  4.59600E-05  0.000530500  4.90400E-06  1.44500E-05  2.83700E-06  2.58750E-06  3.53800E-06  3.17000E-06
412.0     0.601257  6.15200E-05  0.000626000  4.62800E-06  1.47000E-05  2.81733E-06  2.51500E-06  3.37600E-06  3.17000E-06
413.0     0.434082  7.70800E-05  0.000721500  4.35200E-06  1.49500E-05  2.79767E-06  2.44250E-06  3.21400E-06  3.17000E-06
414.0     0.578613  9.26400E-05  0.000817000  4.07600E-06  1.52000E-05  2.77800E-06  2.37000E-06  3.05200E-06  3.17000E-06
415.0     0.840576  0.000108200  0.000912500  3.80000E-06  1.54500E-05  2.75833E-06  2.29750E-06  2.89000E-06  3.17000E-06
416.0      1.00000  0.000123760   0.00100800  3.52400E-06  1.57000E-05  2.73867E-06  2.22500E-06  2.72800E-06  3.17000E-06
417.0     0.979248  0.000139320   0.00110350  3.24800E-06  1.59500E-05  2.71900E-06  2.15250E-06  2.56600E-06  3.17000E-06
418.0     0.836792  0.000154880   0.00119900  2.97200E-06  1.62000E-05  2.69933E-06  2.08000E-06  2.40400E-06  3.17000E-06
419.0     0.592865  0.000170440   0.00129450  2.69600E-06  1.64500E-05  2.67967E-06  2.00750E-06  2.24200E-06  3.17000E-06
420.0     0.337158  0.000186000   0.00139000  2.42000E-06  1.67000E-05  2.66000E-06  1.93500E-06  2.08000E-06  3.17000E-06
421.0     0.143066  0.000281195   0.00128780  2.66100E-06  1.75100E-05  2.68960E-06  1.86250E-06  2.19600E-06  3.48800E-06
422.0    0.0482788  0.000405074   0.00118560  2.90200E-06  1.83200E-05  2.71920E-06  1.79000E-06  2.31200E-06  3.80600E-06
423.0    0.0157471  0.000583527   0.00108340  3.14300E-06  1.91300E-05  2.74880E-06  1.71750E-06  2.42800E-06  4.12400E-06
424.0   0.00919476  0.000840597  0.000981200  3.38400E-06  1.99400E-05  2.77840E-06  1.64500E-06  2.54400E-06  4.44200E-06
425.0   0.00604301   0.00121092  0.000879000  3.62500E-06  2.07500E-05  2.80800E-06  1.57250E-06  2.66000E-06  4.76000E-06
426.0   0.00397161   0.00174438  0.000776800  3.86600E-06  2.15600E-05  2.83760E-06  1.50000E-06  2.77600E-06  5.07800E-06
427.0   0.00261023   0.00251286  0.000674600  4.10700E-06  2.23700E-05  2.86720E-06  1.42750E-06  2.89200E-06  5.39600E-06
428.0   0.00171551   0.00361989  0.000572400  4.34800E-06  2.31800E-05  2.89680E-06  1.35500E-06  3.00800E-06  5.71400E-06
429.0   0.00112747   0.00521461  0.000470200  4.58900E-06  2.39900E-05  2.92640E-06  1.28250E-06  3.12400E-06  6.03200E-06
430.0  0.000741000   0.00751188  0.000368000  4.83000E-06  2.48000E-05  2.95600E-06  1.21000E-06  3.24000E-06  6.35000E-06
431.0  0.000678600    0.0108212  0.000364700  5.82700E-06  2.34500E-05  2.98560E-06  1.22043E-06  3.03200E-06  6.19100E-06
432.0  0.000616200    0.0155884  0.000361400  6.82400E-06  2.21000E-05  3.01520E-06  1.23086E-06  2.82400E-06  6.03200E-06
433.0  0.000553800    0.0224558  0.000358100  7.82100E-06  2.07500E-05  3.04480E-06  1.24129E-06  2.61600E-06  5.87300E-06
434.0  0.000491400    0.0323486  0.000354800  8.81800E-06  1.94000E-05  3.07440E-06  1.25171E-06  2.40800E-06  5.71400E-06
435.0  0.000429000    0.0969849  0.000351500  9.81500E-06  1.80500E-05  3.10400E-06  1.26214E-06  2.20000E-06  5.55500E-06
436.0  0.000366600     0.240723  0.000348200  1.08120E-05  1.67000E-05  3.13360E-06  1.27257E-06  1.99200E-06  5.39600E-06
437.0  0.000304200     0.435913  0.000344900  1.18090E-05  1.53500E-05  3.16320E-06  1.28300E-06  1.78400E-06  5.23700E-06
438.0  0.000241800     0.590668  0.000341600  1.28060E-05  1.40000E-05  3.19280E-06  1.29343E-06  1.57600E-06  5.07800E-06
439.0  0.000179400     0.759796  0.000338300  1.38030E-05  1.26500E-05  3.22240E-06  1.30386E-06  1.36800E-06  4.91900E-06
440.0  0.000117000     0.925049  0.000335000  1.48000E-05  1.13000E-05  3.25200E-06  1.31429E-06  1.16000E-06  4.76000E-06
441.0  0.000121300     0.994812  0.000357100  1.66000E-05  1.17900E-05  3.28160E-06  1.32471E-06  1.18300E-06  5.39400E-06
442.0  0.000125600      1.00008  0.000379200  1.84000E-05  1.22800E-05  3.31120E-06  1.33514E-06  1.20600E-06  6.02800E-06
443.0  0.000129900     0.999822  0.000401300  2.02000E-05  1.27700E-05  3.34080E-06  1.34557E-06  1.22900E-06  6.66200E-06
444.0  0.000134200     0.996613  0.000423400  2.20000E-05  1.32600E-05  3.37040E-06  1.35600E-06  1.25200E-06  7.29600E-06
445.0  0.000138500     0.941528  0.000445500  2.38000E-05  1.37500E-05  3.40000E-06  1.36643E-06  1.27500E-06  7.93000E-06
446.0  0.000142800     0.785156  0.000467600  2.56000E-05  1.42400E-05  3.42960E-06  1.37686E-06  1.29800E-06  8.56400E-06
447.0  0.000147100     0.529037  0.000489700  2.74000E-05  1.47300E-05  3.45920E-06  1.38729E-06  1.32100E-06  9.19800E-06
448.0  0.000151400     0.253296  0.000511800  2.92000E-05  1.52200E-05  3.48880E-06  1.39771E-06  1.34400E-06  9.83200E-06
449.0  0.000155700    0.0915527  0.000533900  3.10000E-05  1.57100E-05  3.51840E-06  1.40814E-06  1.36700E-06  1.04660E-05
450.0  0.000160000    0.0367126  0.000556000  3.28000E-05  1.62000E-05  3.54800E-06  1.41857E-06  1.39000E-06  1.11000E-05
451.0  0.000172500    0.0117493  0.000601400  3.29700E-05  1.80900E-05  3.57760E-06  1.42900E-06  1.41300E-06  1.02280E-05
452.0  0.000185000   0.00624236  0.000646800  3.31400E-05  1.99800E-05  3.60720E-06  1.43943E-06  1.43600E-06  9.35600E-06
453.0  0.000197500   0.00341173  0.000692200  3 begin_of_the_skype_highlighting              00341173 0.000692200 3      end_of_the_skype_highlighting.33100E-05  2.18700E-05  3.63680E-06  1.44986E-06  1.45900E-06  8.48400E-06
454.0  0.000210000   0.00186466  0.000737600  3.34800E-05  2.37600E-05  3.66640E-06  1.46029E-06  1.48200E-06  7.61200E-06
455.0  0.000222500   0.00101912  0.000783000  3.36500E-05  2.56500E-05  3.69600E-06  1.47071E-06  1.50500E-06  6.74000E-06
456.0  0.000235000  0.000556996  0.000828400  3.38200E-05  2.75400E-05  3.72560E-06  1.48114E-06  1.52800E-06  5.86800E-06
457.0  0.000247500  0.000304424  0.000873800  3.39900E-05  2.94300E-05  3.75520E-06  1.49157E-06  1.55100E-06  4.99600E-06
458.0  0.000260000  0.000166381  0.000919200  3.41600E-05  3.13200E-05  3.78480E-06  1.50200E-06  1.57400E-06  4.12400E-06
459.0  0.000272500  9.09348E-05  0.000964600  3.43300E-05  3.32100E-05  3.81440E-06  1.51243E-06  1.59700E-06  3.25200E-06
460.0  0.000285000  4.97000E-05   0.00101000  3.45000E-05  3.51000E-05  3.84400E-06  1.52286E-06  1.62000E-06  2.38000E-06
461.0  0.000313200  4.80400E-05   0.00111800  3.81200E-05  4.27900E-05  3.87360E-06  1.53329E-06  1.64300E-06  2.69750E-06
462.0  0.000341400  4.63800E-05   0.00122600  4.17400E-05  5.04800E-05  3.90320E-06  1.54371E-06  1.66600E-06  3.01500E-06
463.0  0.000369600  4.47200E-05   0.00133400  4.53600E-05  5.81700E-05  3.93280E-06  1.55414E-06  1.68900E-06  3.33250E-06
464.0  0.000397800  4.30600E-05   0.00144200  4.89800E-05  6.58600E-05  3.96240E-06  1.56457E-06  1.71200E-06  3.65000E-06
465.0  0.000426000  4.14000E-05   0.00155000  5.26000E-05  7.35500E-05  3.99200E-06  1.57500E-06  1.73500E-06  3.96750E-06
466.0  0.000454200  3.97400E-05   0.00165800  5.62200E-05  8.12400E-05  4.02160E-06  1.58543E-06  1.75800E-06  4.28500E-06
467.0  0.000482400  3.80800E-05   0.00176600  5.98400E-05  8.89300E-05  4.05120E-06  1.59586E-06  1.78100E-06  4.60250E-06
468.0  0.000510600  3.64200E-05   0.00187400  6.34600E-05  9.66200E-05  4.08080E-06  1.60629E-06  1.80400E-06  4.92000E-06
469.0  0.000538800  3.47600E-05   0.00198200  6.70800E-05  0.000104310  4.11040E-06  1.61671E-06  1.82700E-06  5.23750E-06
470.0  0.000567000  3.31000E-05   0.00209000  7.07000E-05  0.000112000  4.14000E-06  1.62714E-06  1.85000E-06  5.55500E-06
471.0  0.000614300  3.31000E-05   0.00253864  7.94300E-05  0.000109540  4.22900E-06  1.63757E-06  1.87300E-06  5.87250E-06
472.0  0.000661600  3.31000E-05   0.00347122  8 begin_of_the_skype_highlighting              00347122 8      end_of_the_skype_highlighting.81600E-05  0.000107080  4.31800E-06  1.64800E-06  1.89600E-06  6.19000E-06
473.0  0.000708900  3.31000E-05   0.00474640  9.68900E-05  0.000104620  4.40700E-06  1.65843E-06  1.91900E-06  6.50750E-06
474.0  0.000756200  3.31000E-05   0.00649003  0.000105620  0.000102160  4.49600E-06  1.66886E-06  1.94200E-06  6.82500E-06
475.0  0.000803500  3.31000E-05   0.00887419  0.000114350  9.97000E-05  4.58500E-06  1.67929E-06  1.96500E-06  7.14250E-06
476.0  0.000850800  3.31000E-05    0.0121342  0.000123080  9.72400E-05  4.67400E-06  1.68971E-06  1.98800E-06  7.46000E-06
477.0  0.000898100  3.31000E-05    0.0165918  0.000131810  9.47800E-05  4.76300E-06  1.70014E-06  2.01100E-06  7.77750E-06
478.0  0.000945400  3.31000E-05    0.0226869  0.000140540  9.23200E-05  4.85200E-06  1.71057E-06  2.03400E-06  8.09500E-06
479.0  0.000992700  3.31000E-05    0.0310211  0.000149270  8.98600E-05  4.94100E-06  1.72100E-06  2.05700E-06  8.41250E-06
480.0   0.00104000  3.31000E-05    0.0972290  0.000158000  8.74000E-05  5.03000E-06  1.73143E-06  2.08000E-06  8.73000E-06
481.0   0.00123100  3.69700E-05     0.234375  0.000165700  9.76600E-05  4.88200E-06  1.74186E-06  2.10300E-06  8.45200E-06
482.0   0.00142200  4.08400E-05     0.455994  0.000173400  0.000107920  4.73400E-06  1.75229E-06  2.12600E-06  8.17400E-06
483.0   0.00161300  4.47100E-05     0.715851  0.000181100  0.000118180  4.58600E-06  1.76271E-06  2.14900E-06  7.89600E-06
484.0   0.00180400  4.85800E-05     0.900208  0.000188800  0.000128440  4.43800E-06  1.77314E-06  2.17200E-06  7.61800E-06
485.0   0.00199500  5.24500E-05     0.960175  0.000196500  0.000138700  4.29000E-06  1.78357E-06  2.19500E-06  7.34000E-06
486.0   0.00218600  5.63200E-05     0.980667  0.000204200  0.000148960  4.14200E-06  1.79400E-06  2.21800E-06  7.06200E-06
487.0   0.00237700  6.01900E-05     0.988504  0.000211900  0.000159220  3.99400E-06  1.80443E-06  2.24100E-06  6.78400E-06
488.0   0.00256800  6.40600E-05     0.990639  0.000219600  0.000169480  3.84600E-06  1.81486E-06  2.26400E-06  6.50600E-06
489.0   0.00275900  6.79300E-05      1.00024  0.000227300  0.000179740  3.69800E-06  1.82529E-06  2.28700E-06  6.22800E-06
490.0   0.00295000  7.18000E-05     0.988785  0.000235000  0.000190000  3.55000E-06  1.83571E-06  2.31000E-06  5.95000E-06
491.0   0.00341100  8 begin_of_the_skype_highlighting              00341100 8      end_of_the_skype_highlighting.15200E-05     0.913879  0.000248100  0.000200700  3.56450E-06  1.84614E-06  2.33300E-06  5.67200E-06
492.0   0.00387200  9.12400E-05     0.735992  0.000261200  0.000211400  3.57900E-06  1.85657E-06  2.35600E-06  5.39400E-06
493.0   0.00433300  0.000100960     0.457571  0.000274300  0.000222100  3.59350E-06  1.86700E-06  2.37900E-06  5.11600E-06
494.0   0.00479400  0.000110680     0.179565  0.000287400  0.000232800  3.60800E-06  1.87743E-06  2.40200E-06  4.83800E-06
495.0   0.00525500  0.000120400    0.0398254  0.000300500  0.000243500  3.62250E-06  1.88786E-06  2.42500E-06  4.56000E-06
496.0   0.00571600  0.000130120   0.00979616  0.000313600  0.000254200  3.63700E-06  1.89829E-06  2.44800E-06  4.28200E-06
497.0   0.00617700  0.000139840   0.00712244  0.000326700  0.000264900  3.65150E-06  1.90871E-06  2.47100E-06  4.00400E-06
498.0   0.00663800  0.000149560   0.00517848  0.000339800  0.000275600  3.66600E-06  1.91914E-06  2.49400E-06  3.72600E-06
499.0   0.00709900  0.000159280   0.00376509  0.000352900  0.000286300  3.68050E-06  1.92957E-06  2.51700E-06  3.44800E-06
500.0   0.00756000  0.000169000   0.00273746  0.000366000  0.000297000  3.69500E-06  1.94000E-06  2.54000E-06  3.17000E-06
501.0   0.00797400  0.000179300   0.00199031  0.000395000  0.000312600  3.70950E-06  1.98225E-06  2.56300E-06  3.01200E-06
502.0   0.00838800  0.000189600   0.00144709  0.000424000  0.000328200  3.72400E-06  2.02450E-06  2.58600E-06  2.85400E-06
503.0   0.00880200  0.000199900   0.00105212  0.000453000  0.000343800  3.73850E-06  2.06675E-06  2.60900E-06  2.69600E-06
504.0   0.00921600  0.000210200  0.000764962  0.000482000  0.000359400  3.75300E-06  2.10900E-06  2.63200E-06  2.53800E-06
505.0   0.00963000  0.000220500  0.000556177  0.000511000  0.000375000  3.76750E-06  2.15125E-06  2.65500E-06  2.38000E-06
506.0    0.0100440  0.000230800  0.000404377  0.000540000  0.000390600  3.78200E-06  2.19350E-06  2.67800E-06  2.22200E-06
507.0    0.0104580  0.000241100  0.000294008  0.000569000  0.000406200  3.79650E-06  2.23575E-06  2.70100E-06  2.06400E-06
508.0    0.0108720  0.000251400  0.000213763  0.000598000  0.000421800  3.81100E-06  2.27800E-06  2.72400E-06  1.90600E-06
509.0    0.0112860  0.000261700  0.000155419  0.000627000  0.000437400  3.82550E-06  2.32025E-06  2.74700E-06  1.74800E-06
510.0    0.0117000  0.000272000  0.000113000  0.000656000  0.000453000  3.84000E-06  2.36250E-06  2.77000E-06  1.59000E-06
511.0    0.0111370  0.000310500  0.000113400  0.000868204  0.000485800  3.69200E-06  2.40475E-06  2.79400E-06  1.70900E-06
512.0    0.0105740  0.000349000  0.000113800   0.00116395  0.000518600  3.54400E-06  2.44700E-06  2.81800E-06  1.82800E-06
513.0    0.0100110  0.000387500  0.000114200   0.00156044  0.000551400  3.39600E-06  2.48925E-06  2.84200E-06  1.94700E-06
514.0   0.00944800  0.000426000  0.000114600   0.00209199  0.000584200  3.24800E-06  2.53150E-06  2.86600E-06  2.06600E-06
515.0   0.00888500  0.000464500  0.000115000   0.00280460  0.000617000  3.10000E-06  2.57375E-06  2.89000E-06  2.18500E-06
516.0   0.00832200  0.000503000  0.000115400   0.00375997  0.000649800  2.95200E-06  2.61600E-06  2.91400E-06  2.30400E-06
517.0   0.00775900  0.000541500  0.000115800   0.00504076  0.000682600  2.80400E-06  2.65825E-06  2.93800E-06  2.42300E-06
518.0   0.00719600  0.000580000  0.000116200   0.00675785  0.000715400  2.65600E-06  2.70050E-06  2.96200E-06  2.54200E-06
519.0   0.00663300  0.000618500  0.000116600   0.00905985  0.000748200  2.50800E-06  2.74275E-06  2.98600E-06  2.66100E-06
520.0   0.00607000  0.000657000  0.000117000    0.0121460  0.000781000  2.36000E-06  2.78500E-06  3.01000E-06  2.78000E-06
521.0   0.00562000  0.000660500  0.000120200    0.0435028  0.000842900  2.27200E-06  2.82725E-06  2.82500E-06  2.89900E-06
522.0   0.00517000  0.000664000  0.000123400     0.123901  0.000904800  2.18400E-06  2.86950E-06  2.64000E-06  3.01800E-06
523.0   0.00472000  0.000667500  0.000126600     0.256912  0.000966700  2.09600E-06  2.91175E-06  2.45500E-06  3.13700E-06
524.0   0.00427000  0.000671000  0.000129800     0.452110   0.00102860  2.00800E-06  2.95400E-06  2.27000E-06  3.25600E-06
525.0   0.00382000  0.000674500  0.000133000     0.686066   0.00109050  1.92000E-06  2.99625E-06  2.08500E-06  3.37500E-06
526.0   0.00337000  0.000678000  0.000136200     0.884491   0.00115240  1.83200E-06  3.03850E-06  1.90000E-06  3.49400E-06
527.0   0.00292000  0.000681500  0.000139400     0.984467   0.00121430  1.74400E-06  3.08075E-06  1.71500E-06  3.61300E-06
528.0   0.00247000  0.000685000  0.000142600     0.985424   0.00127620  1.65600E-06  3.12300E-06  1.53000E-06  3.73200E-06
529.0   0.00202000  0.000688500  0.000145800     0.984833   0.00133810  1.56800E-06  3.16525E-06  1.34500E-06  3.85100E-06
530.0   0.00157000  0.000692000  0.000149000     0.998001   0.00140000  1.48000E-06  3.20750E-06  1.16000E-06  3.97000E-06
531.0   0.00157500  0.000702800  0.000155000     0.996605   0.00184029  1.56800E-06  3.24975E-06  1.16000E-06  3.97000E-06
532.0   0.00158000  0.000713600  0.000161000     0.963036   0.00267138  1.65600E-06  3.29200E-06  1.16000E-06  3.97000E-06
533.0   0.00158500  0.000724400  0.000167000     0.898697   0.00387780  1.74400E-06  3.33425E-06  1.16000E-06  3.97000E-06
534.0   0.00159000  0.000735200  0.000173000     0.811615   0.00562905  1.83200E-06  3.37650E-06  1.16000E-06  3.97000E-06
535.0   0.00159500  0.000746000  0.000179000     0.703384   0.00817118  1.92000E-06  3.41875E-06  1.16000E-06  3.97000E-06
536.0   0.00160000  0.000756800  0.000185000     0.546722    0.0118614  2.00800E-06  3.46100E-06  1.16000E-06  3.97000E-06
537.0   0.00160500  0.000767600  0.000191000     0.347448    0.0172181  2.09600E-06  3.50325E-06  1.16000E-06  3.97000E-06
538.0   0.00161000  0.000778400  0.000197000     0.160828    0.0249939  2.18400E-06  3.54550E-06  1.16000E-06  3.97000E-06
539.0   0.00161500  0.000789200  0.000203000    0.0581665    0.0757141  2.27200E-06  3.58775E-06  1.16000E-06  3.97000E-06
540.0   0.00162000  0.000800000  0.000209000    0.0205154     0.162323  2.36000E-06  3.63000E-06  1.16000E-06  3.97000E-06
541.0   0.00164500  0.000794100  0.000225100   0.00972816     0.290771  2.33100E-06  3.53300E-06  1.32100E-06  3.89050E-06
542.0   0.00167000  0.000788200  0.000241200   0.00757190     0.466736  2.30200E-06  3.43600E-06  1.48200E-06  3.81100E-06
543.0   0.00169500  0.000782300  0.000257300   0.00589358     0.676231  2.27300E-06  3.33900E-06  1.64300E-06  3.73150E-06
544.0   0.00172000  0.000776400  0.000273400   0.00458727     0.872681  2.24400E-06  3.24200E-06  1.80400E-06  3.65200E-06
545.0   0.00174500  0.000770500  0.000289500   0.00357049     0.971313  2.21500E-06  3.14500E-06  1.96500E-06  3.57250E-06
546.0   0.00177000  0.000764600  0.000305600   0.00277909     0.996368  2.18600E-06  3.04800E-06  2.12600E-06  3.49300E-06
547.0   0.00179500  0.000758700  0.000321700   0.00216310     0.999756  2.15700E-06  2.95100E-06  2.28700E-06  3.41350E-06
548.0   0.00182000  0.000752800  0.000337800   0.00168365     0.983246  2.12800E-06  2.85400E-06  2.44800E-06  3.33400E-06
549.0   0.00184500  0.000746900  0.000353900   0.00131047     0.944763  2.09900E-06  2.75700E-06  2.60900E-06  3.25450E-06
550.0   0.00187000  0.000741000  0.000370000   0.00102000     0.873596  2.07000E-06  2.66000E-06  2.77000E-06  3.17500E-06
551.0   0.00184200  0.000680200  0.000380800  0.000985500     0.758606  2.30600E-06  2.56300E-06  2.69150E-06  3.09550E-06
552.0   0.00181400  0.000619400  0.000391600  0.000951000     0.602600  2.54200E-06  2.46600E-06  2.61300E-06  3.01600E-06
553.0   0.00178600  0.000558600  0.000402400  0.000916500     0.414749  2.77800E-06  2.36900E-06  2.53450E-06  2.93650E-06
554.0   0.00175800  0.000497800  0.000413200  0.000882000     0.219055  3.01400E-06  2.27200E-06  2.45600E-06  2.85700E-06
555.0   0.00173000  0.000437000  0.000424000  0.000847500    0.0771484  3.25000E-06  2.17500E-06  2.37750E-06  2.77750E-06
556.0   0.00170200  0.000376200  0.000434800  0.000813000    0.0227356  3.48600E-06  2.07800E-06  2.29900E-06  2.69800E-06
557.0   0.00167400  0.000315400  0.000445600  0.000778500   0.00989068  3.72200E-06  1.98100E-06  2.22050E-06  2.61850E-06
558.0   0.00164600  0.000254600  0.000456400  0.000744000   0.00810739  3.95800E-06  1.88400E-06  2.14200E-06  2.53900E-06
559.0   0.00161800  0.000193800  0.000467200  0.000709500   0.00664562  4.19400E-06  1.78700E-06  2.06350E-06  2.45950E-06
560.0   0.00159000  0.000133000  0.000478000  0.000675000   0.00544742  4.43000E-06  1.69000E-06  1.98500E-06  2.38000E-06
561.0   0.00157200  0.000121620  0.000505700  0.000678000   0.00446525  4.26750E-06  1.62200E-06  1.90650E-06  2.47300E-06
562.0   0.00155400  0.000110240  0.000533400  0.000681000   0.00366016  4.10500E-06  1.55400E-06  1.82800E-06  2.56600E-06
563.0   0.00153600  9.88600E-05  0.000561100  0.000684000   0.00300023  3.94250E-06  1.48600E-06  1.74950E-06  2.65900E-06
564.0   0.00151800  8.74800E-05  0.000588800  0.000687000   0.00245929  3.78000E-06  1.41800E-06  1.67100E-06  2.75200E-06
565.0   0.00150000  7.61000E-05  0.000616500  0.000690000   0.00201588  3.61750E-06  1.35000E-06  1.59250E-06  2.84500E-06
566.0   0.00148200  6.47200E-05  0.000644200  0.000693000   0.00165242  3.45500E-06  1.28200E-06  1.51400E-06  2.93800E-06
567.0   0.00146400  5.33400E-05  0.000671900  0.000696000   0.00135449  3.29250E-06  1.21400E-06  1.43550E-06  3.03100E-06
568.0   0.00144600  4.19600E-05  0.000699600  0.000699000   0.00111027  3.13000E-06  1.14600E-06  1.35700E-06  3.12400E-06
569.0   0.00142800  3.05800E-05  0.000727300  0.000702000  0.000910089  2.96750E-06  1.07800E-06  1.27850E-06  3.21700E-06
570.0   0.00141000  1.92000E-05  0.000755000  0.000705000  0.000746000  2.80500E-06  1.01000E-06  1.20000E-06  3.31000E-06
571.0   0.00128230  1.76480E-05  0.000697300  0.000650600  0.000681900  2.64250E-06  1.10300E-06  6.19000E-06  3.77200E-06
572.0   0.00115460  1.60960E-05  0.000639600  0.000596200  0.000617800  2.48000E-06  1.19600E-06  1.11800E-05  4.23400E-06
573.0   0.00102690  1.45440E-05  0.000581900  0.000541800  0.000553700  2.31750E-06  1.28900E-06  1.61700E-05  4.69600E-06
574.0  0.000899200  1.29920E-05  0.000524200  0.000487400  0.000489600  2.15500E-06  1.38200E-06  2.11600E-05  5.15800E-06
575.0  0.000771500  1.14400E-05  0.000466500  0.000433000  0.000425500  1.99250E-06  1.47500E-06  2.61500E-05  5.62000E-06
576.0  0.000643800  9.88800E-06  0.000408800  0.000378600  0.000361400  1.83000E-06  1.56800E-06  3.11400E-05  6.08200E-06
577.0  0.000516100  8.33600E-06  0.000351100  0.000324200  0.000297300  1.66750E-06  1.66100E-06  3.61300E-05  6.54400E-06
578.0  0.000388400  6.78400E-06  0.000293400  0.000269800  0.000233200  1.50500E-06  1.75400E-06  4.11200E-05  7.00600E-06
579.0  0.000260700  5.23200E-06  0.000235700  0.000215400  0.000169100  1.34250E-06  1.84700E-06  4.61100E-05  7.46800E-06
580.0  0.000133000  3.68000E-06  0.000178000  0.000161000  0.000105000  1.18000E-06  1.94000E-06  5.11000E-05  7.93000E-06
581.0  0.000157300  3.49600E-06  0.000247800  0.000179700  0.000117300  2.30200E-06  3.00600E-06  5.60900E-05  9.99700E-06
582.0  0.000181600  3.31200E-06  0.000317600  0.000198400  0.000129600  3.42400E-06  4.07200E-06  6.10800E-05  1.20640E-05
583.0  0.000205900  3.12800E-06  0.000387400  0.000217100  0.000141900  4.54600E-06  5.13800E-06  6.60700E-05  1.41310E-05
584.0  0.000230200  2.94400E-06  0.000457200  0.000235800  0.000154200  5.66800E-06  6.20400E-06  7.10600E-05  1.61980E-05
585.0  0.000254500  2.76000E-06  0.000527000  0.000254500  0.000166500  6.79000E-06  7.27000E-06  7.60500E-05  1.82650E-05
586.0  0.000278800  2.57600E-06  0.000596800  0.000273200  0.000178800  7.91200E-06  8.33600E-06  8.10400E-05  2.03320E-05
587.0  0.000303100  2.39200E-06  0.000666600  0.000291900  0.000191100  9.03400E-06  9.40200E-06  8.60300E-05  2.23990E-05
588.0  0.000327400  2.20800E-06  0.000736400  0.000310600  0.000203400  1.01560E-05  1.04680E-05  9.10200E-05  2.44660E-05
589.0  0.000351700  2.02400E-06  0.000806200  0.000329300  0.000215700  1.12780E-05  1.15340E-05  9.60100E-05  2.65330E-05
590.0  0.000376000  1.84000E-06  0.000876000  0.000348000  0.000228000  1.24000E-05  1.26000E-05  0.000101000  2.86000E-05
591.0  0.000338666  2.02400E-06  0.000798070  0.000316130  0.000206530  1.28700E-05  1.49400E-05  0.000108600  3.03400E-05
592.0  0.000301332  2.20800E-06  0.000720140  0.000284260  0.000185060  1.33400E-05  1.72800E-05  0.000116200  3.20800E-05
593.0  0.000263998  2.39200E-06  0.000642210  0.000252390  0.000163590  1.38100E-05  1.96200E-05  0.000123800  3.38200E-05
594.0  0.000226664  2.57600E-06  0.000564280  0.000220520  0.000142120  1.42800E-05  2.19600E-05  0.000131400  3.55600E-05
595.0  0.000189330  2.76000E-06  0.000486350  0.000188650  0.000120650  1.47500E-05  2.43000E-05  0.000139000  3.73000E-05
596.0  0.000151996  2.94400E-06  0.000408420  0.000156780  9.91800E-05  1.52200E-05  2.66400E-05  0.000146600  3.90400E-05
597.0  0.000114662  3.12800E-06  0.000330490  0.000124910  7.77100E-05  1.56900E-05  2.89800E-05  0.000154200  4.07800E-05
598.0  7.73280E-05  3.31200E-06  0.000252560  9.30400E-05  5.62400E-05  1.61600E-05  3.13200E-05  0.000161800  4.25200E-05
599.0  3.99940E-05  3.49600E-06  0.000174630  6.11700E-05  3.47700E-05  1.66300E-05  3.36600E-05  0.000169400  4.42600E-05
600.0  2.66000E-06  3.68000E-06  9.67000E-05  2.93000E-05  1.33000E-05  1.71000E-05  3.60000E-05  0.000177000  4.60000E-05
601.0  6.39400E-06  3.86400E-06  9.35300E-05  3.05100E-05  1.38100E-05  2.87900E-05  6.00000E-05  0.000262300  5.31000E-05
602.0  1.01280E-05  4.04800E-06  9.03600E-05  3.17200E-05  1.43200E-05  4.04800E-05  8.40000E-05  0.000347600  6.02000E-05
603.0  1.38620E-05  4.23200E-06  8.71900E-05  3.29300E-05  1.48300E-05  5.21700E-05  0.000108000  0.000432900  6.73000E-05
604.0  1.75960E-05  4.41600E-06  8.40200E-05  3.41400E-05  1.53400E-05  6.38600E-05  0.000132000  0.000518200  7.44000E-05
605.0  2.13300E-05  4.60000E-06  8.08500E-05  3.53500E-05  1.58500E-05  7.55500E-05  0.000156000  0.000603500  8.15000E-05
606.0  2.50640E-05  4.78400E-06  7.76800E-05  3.65600E-05  1.63600E-05  8.72400E-05  0.000180000  0.000688800  8.86000E-05
607.0  2.87980E-05  4.96800E-06  7.45100E-05  3.77700E-05  1.68700E-05  9.89300E-05  0.000204000  0.000774100  9.57000E-05
608.0  3.25320E-05  5.15200E-06  7.13400E-05  3.89800E-05  1.73800E-05  0.000110620  0.000228000  0.000859400  0.000102800
609.0  3.62660E-05  5.33600E-06  6.81700E-05  4.01900E-05  1.78900E-05  0.000122310  0.000252000  0.000944700  0.000109900
610.0  4.00000E-05  5.52000E-06  6.50000E-05  4.14000E-05  1.84000E-05  0.000134000  0.000276000   0.00103000  0.000117000
611.0  3.86600E-05  5.79600E-06  7.26000E-05  3.78120E-05  1.87000E-05  0.000142900  0.000287900   0.00117300  0.000110620
612.0  3.73200E-05  6.07200E-06  8.02000E-05  3.42240E-05  1.90000E-05  0.000151800  0.000299800   0.00131600  0.000104240
613.0  3.59800E-05  6.34800E-06  8.78000E-05  3.06360E-05  1.93000E-05  0.000160700  0.000311700   0.00145900  9.78600E-05
614.0  3.46400E-05  6.62400E-06  9.54000E-05  2.70480E-05  1.96000E-05  0.000169600  0.000323600   0.00160200  9.14800E-05
615.0  3.33000E-05  6.90000E-06  0.000103000  2.34600E-05  1.99000E-05  0.000178500  0.000335500   0.00174500  8.51000E-05
616.0  3.19600E-05  7.17600E-06  0.000110600  1.98720E-05  2.02000E-05  0.000187400  0.000347400   0.00188800  7.87200E-05
617.0  3.06200E-05  7.45200E-06  0.000118200  1.62840E-05  2.05000E-05  0.000196300  0.000359300   0.00203100  7.23400E-05
618.0  2.92800E-05  7.72800E-06  0.000125800  1.26960E-05  2.08000E-05  0.000205200  0.000371200   0.00217400  6.59600E-05
619.0  2.79400E-05  8.00400E-06  0.000133400  9.10800E-06  2.11000E-05  0.000214100  0.000383100   0.00231700  5.95800E-05
620.0  2.66000E-05  8.28000E-06  0.000141000  5.52000E-06  2.14000E-05  0.000223000  0.000395000   0.00246000  5 begin_of_the_skype_highlighting              00246000 5      end_of_the_skype_highlighting.32000E-05
621.0  2.66000E-05  8.09600E-06  0.000130070  5.14100E-06  2.00210E-05  0.000233900  0.000402400   0.00244600  5.33500E-05
622.0  2.66000E-05  7.91200E-06  0.000119140  4.76200E-06  1.86420E-05  0.000244800  0.000409800   0.00243200  5.35000E-05
623.0  2.66000E-05  7.72800E-06  0.000108210  4.38300E-06  1.72630E-05  0.000255700  0.000417200   0.00241800  5.36500E-05
624.0  2.66000E-05  7.54400E-06  9.72800E-05  4.00400E-06  1.58840E-05  0.000266600  0.000424600   0.00240400  5.38000E-05
625.0  2.66000E-05  7.36000E-06  8.63500E-05  3.62500E-06  1.45050E-05  0.000277500  0.000432000   0.00239000  5.39500E-05
626.0  2.66000E-05  7.17600E-06  7.54200E-05  3.24600E-06  1.31260E-05  0.000288400  0.000439400   0.00237600  5.41000E-05
627.0  2.66000E-05  6.99200E-06  6.44900E-05  2.86700E-06  1.17470E-05  0.000299300  0.000446800   0.00236200  5.42500E-05
628.0  2.66000E-05  6.80800E-06  5.35600E-05  2.48800E-06  1.03680E-05  0.000310200  0.000454200   0.00234800  5.44000E-05
629.0  2.66000E-05  6.62400E-06  4.26300E-05  2.10900E-06  8.98900E-06  0.000321100  0.000461600   0.00233400  5.45500E-05
630.0  2.66000E-05  6.44000E-06  3.17000E-05  1.73000E-06  7.61000E-06  0.000332000  0.000469000   0.00232000  5.47000E-05
631.0  2.63400E-05  6.89600E-06  2.86360E-05  1.69550E-06  7.11900E-06  0.000341100  0.000472800   0.00234500  5.67700E-05
632.0  2.60800E-05  7.35200E-06  2.55720E-05  1.66100E-06  6.62800E-06  0.000350200  0.000476600   0.00237000  5.88400E-05
633.0  2.58200E-05  7.80800E-06  2.25080E-05  1.62650E-06  6.13700E-06  0.000359300  0.000480400   0.00239500  6.09100E-05
634.0  2.55600E-05  8.26400E-06  1.94440E-05  1.59200E-06  5.64600E-06  0.000368400  0.000484200   0.00242000  6.29800E-05
635.0  2.53000E-05  8.72000E-06  1.63800E-05  1.55750E-06  5.15500E-06  0.000377500  0.000488000   0.00244500  6.50500E-05
636.0  2.50400E-05  9.17600E-06  1.33160E-05  1.52300E-06  4.66400E-06  0.000386600  0.000491800   0.00247000  6 begin_of_the_skype_highlighting              00247000 6      end_of_the_skype_highlighting.71200E-05
637.0  2.47800E-05  9.63200E-06  1.02520E-05  1.48850E-06  4.17300E-06  0.000395700  0.000495600   0.00249500  6.91900E-05
638.0  2.45200E-05  1.00880E-05  7.18800E-06  1.45400E-06  3.68200E-06  0.000404800  0.000499400   0.00252000  7.12600E-05
639.0  2.42600E-05  1.05440E-05  4.12400E-06  1.41950E-06  3.19100E-06  0.000413900  0.000503200   0.00254500  7.33300E-05
640.0  2.40000E-05  1.10000E-05  1.06000E-06  1.38500E-06  2.70000E-06  0.000423000  0.000507000   0.00257000  7.54000E-05
641.0  2.37300E-05  1.11900E-05  1.53500E-06  1.35050E-06  2.68800E-06  0.000467300  0.000519300   0.00271100  7.69800E-05
642.0  2.34600E-05  1.13800E-05  2.01000E-06  1.31600E-06  2.67600E-06  0.000511600  0.000531600   0.00285200  7.85600E-05
643.0  2.31900E-05  1.15700E-05  2.48500E-06  1.28150E-06  2.66400E-06  0.000555900  0.000543900   0.00299300  8.01400E-05
644.0  2.29200E-05  1.17600E-05  2.96000E-06  1.24700E-06  2.65200E-06  0.000600200  0.000556200   0.00313400  8.17200E-05
645.0  2.26500E-05  1.19500E-05  3.43500E-06  1.21250E-06  2.64000E-06  0.000644500  0.000568500   0.00327500  8.33000E-05
646.0  2.23800E-05  1.21400E-05  3.91000E-06  1.17800E-06  2.62800E-06  0.000688800  0.000580800   0.00341600  8 begin_of_the_skype_highlighting              00341600 8      end_of_the_skype_highlighting.48800E-05
647.0  2.21100E-05  1.23300E-05  4.38500E-06  1.14350E-06  2.61600E-06  0.000733100  0.000593100   0.00355700  8.64600E-05
648.0  2.18400E-05  1.25200E-05  4.86000E-06  1.10900E-06  2.60400E-06  0.000777400  0.000605400   0.00369800  8.80400E-05
649.0  2.15700E-05  1.27100E-05  5.33500E-06  1.07450E-06  2.59200E-06  0.000821700  0.000617700   0.00383900  8.96200E-05
650.0  2.13000E-05  1.29000E-05  5.81000E-06  1.04000E-06  2.58000E-06  0.000866000  0.000630000   0.00398000  9.12000E-05
651.0  2.45000E-05  1.21620E-05  5.70500E-06  1.04000E-06  2.56800E-06   0.00128659  0.000739000   0.00386500  8.91400E-05
652.0  2.77000E-05  1.14240E-05  5.60000E-06  1.04000E-06  2.55600E-06   0.00201438  0.000848000   0.00375000  8.70800E-05
653.0  3.09000E-05  1.06860E-05  5.49500E-06  1.04000E-06  2.54400E-06   0.00315385  0.000957000   0.00363500  8.50200E-05
654.0  3.41000E-05  9.94800E-06  5.39000E-06  1.04000E-06  2.53200E-06   0.00493789   0.00106600   0.00352000  8.29600E-05
655.0  3.73000E-05  9.21000E-06  5.28500E-06  1.04000E-06  2.52000E-06   0.00773110   0.00117500   0.00340500  8.09000E-05
656.0  4.05000E-05  8.47200E-06  5.18000E-06  1.04000E-06  2.50800E-06    0.0121044   0.00128400   0.00329000  7.88400E-05
657.0  4.37000E-05  7.73400E-06  5.07500E-06  1.04000E-06  2.49600E-06    0.0189514   0.00139300   0.00317500  7.67800E-05
658.0  4.69000E-05  6.99600E-06  4.97000E-06  1.04000E-06  2.48400E-06    0.0645447   0.00150200   0.00306000  7.47200E-05
659.0  5.01000E-05  6.25800E-06  4.86500E-06  1.04000E-06  2.47200E-06     0.168335   0.00161100   0.00294500  7.26600E-05
660.0  5.33000E-05  5.52000E-06  4.76000E-06  1.04000E-06  2.46000E-06     0.326340   0.00172000   0.00283000  7.06000E-05
661.0  4.95700E-05  5.70400E-06  4.44300E-06  1.04000E-06  2.77900E-06     0.509811   0.00233980   0.00257210  7.01200E-05
662.0  4.58400E-05  5.88800E-06  4.12600E-06  1.04000E-06  3.09800E-06     0.710205   0.00321388   0.00231420  6.96400E-05
663.0  4.21100E-05  6.07200E-06  3.80900E-06  1.04000E-06  3.41700E-06     0.872803   0.00441450   0.00205630  6.91600E-05
664.0  3.83800E-05  6.25600E-06  3.49200E-06  1.04000E-06  3.73600E-06     0.967468   0.00606364   0.00179840  6.86800E-05
665.0  3.46500E-05  6.44000E-06  3.17500E-06  1.04000E-06  4.05500E-06     0.999878   0.00832885   0.00154050  6.82000E-05
666.0  3.09200E-05  6.62400E-06  2.85800E-06  1.04000E-06  4.37400E-06     0.990784    0.0114403   0.00128260  6.77200E-05
667.0  2.71900E-05  6.80800E-06  2.54100E-06  1.04000E-06  4.69300E-06     0.936737    0.0228271   0.00102470  6.72400E-05
668.0  2.34600E-05  6.99200E-06  2.22400E-06  1.04000E-06  5.01200E-06     0.851318    0.0456085  0.000766800  6.67600E-05
669.0  1.97300E-05  7.17600E-06  1.90700E-06  1.04000E-06  5.33100E-06     0.791260    0.0937195  0.000508900  6.62800E-05
670.0  1.60000E-05  7.36000E-06  1.59000E-06  1.04000E-06  5.65000E-06     0.686707     0.187454  0.000251000  6.58000E-05
671.0  1.62600E-05  7.08400E-06  1.90700E-06  1.14300E-06  5.23200E-06     0.498840     0.333618  0.000255100  6.57300E-05
672.0  1.65200E-05  6.80800E-06  2.22400E-06  1.24600E-06  4.81400E-06     0.339905     0.503548  0.000259200  6.56600E-05
673.0  1.67800E-05  6.53200E-06  2.54100E-06  1.34900E-06  4.39600E-06     0.221893     0.668190  0.000263300  6.55900E-05
674.0  1.70400E-05  6.25600E-06  2.85800E-06  1.45200E-06  3.97800E-06    0.0935669     0.817223  0.000267400  6.55200E-05
675.0  1.73000E-05  5.98000E-06  3.17500E-06  1.55500E-06  3.56000E-06    0.0144043     0.933655  0.000271500  6.54500E-05
676.0  1.75600E-05  5.70400E-06  3.49200E-06  1.65800E-06  3.14200E-06   0.00741473     0.991943  0.000275600  6.53800E-05
677.0  1.78200E-05  5.42800E-06  3.80900E-06  1.76100E-06  2.72400E-06   0.00506280     0.998352  0.000279700  6.53100E-05
678.0  1.80800E-05  5.15200E-06  4.12600E-06  1.86400E-06  2.30600E-06   0.00345689     0.984189  0.000283800  6.52400E-05
679.0  1.83400E-05  4.87600E-06  4.44300E-06  1.96700E-06  1.88800E-06   0.00236038     0.964029  0.000287900  6.51700E-05
680.0  1.86000E-05  4.60000E-06  4.76000E-06  2.07000E-06  1.47000E-06   0.00161167     0.933289  0.000292000  6.51000E-05
681.0  1.83400E-05  4.87500E-06  4.44300E-06  2.45000E-06  1.61800E-06   0.00110045     0.838852  0.000303000  6.39100E-05
682.0  1.80800E-05  5.15000E-06  4.12600E-06  2.83000E-06  1.76600E-06  0.000751392     0.701300  0.000314000  6.27200E-05
683.0  1.78200E-05  5.42500E-06  3.80900E-06  3.21000E-06  1.91400E-06  0.000513053     0.554499  0.000325000  6.15300E-05
684.0  1.75600E-05  5.70000E-06  3.49200E-06  3.59000E-06  2.06200E-06  0.000350314     0.399170  0.000336000  6.03400E-05
685.0  1.73000E-05  5.97500E-06  3.17500E-06  3.97000E-06  2.21000E-06  0.000239195     0.228638  0.000347000  5.91500E-05
686.0  1.70400E-05  6.25000E-06  2.85800E-06  4.35000E-06  2.35800E-06  0.000163323    0.0942688  0.000358000  5.79600E-05
687.0  1.67800E-05  6.52500E-06  2.54100E-06  4.73000E-06  2.50600E-06  0.000111517    0.0359039  0.000369000  5.67700E-05
688.0  1.65200E-05  6.80000E-06  2.22400E-06  5.11000E-06  2.65400E-06  7.61444E-05    0.0155144  0.000380000  5.55800E-05
689.0  1.62600E-05  7.07500E-06  1.90700E-06  5.49000E-06  2.80200E-06  5.19916E-05    0.0117500  0.000391000  5.43900E-05
690.0  1.60000E-05  7.35000E-06  1.59000E-06  5.87000E-06  2.95000E-06  3.55000E-05   0.00869474  0.000402000  5.32000E-05
691.0  1.70600E-05  7.62500E-06  2.49100E-06  5.76600E-06  2.85100E-06  3.49700E-05   0.00643391  0.000409800  5.23200E-05
692.0  1.81200E-05  7.90000E-06  3.39200E-06  5.66200E-06  2.75200E-06  3.44400E-05   0.00476095  0.000417600  5.14400E-05
693.0  1.91800E-05  8.17500E-06  4.29300E-06  5.55800E-06  2.65300E-06  3.39100E-05   0.00352300  0.000425400  5.05600E-05
694.0  2.02400E-05  8.45000E-06  5.19400E-06  5.45400E-06  2.55400E-06  3.33800E-05   0.00260694  0.000433200  4.96800E-05
695.0  2.13000E-05  8.72500E-06  6.09500E-06  5.35000E-06  2.45500E-06  3.28500E-05   0.00192908  0.000441000  4.88000E-05
696.0  2.23600E-05  9.00000E-06  6.99600E-06  5.24600E-06  2.35600E-06  3.23200E-05   0.00142748  0.000448800  4.79200E-05
697.0  2.34200E-05  9.27500E-06  7.89700E-06  5.14200E-06  2.25700E-06  3.17900E-05   0.00105630  0.000456600  4.70400E-05
698.0  2.44800E-05  9.55000E-06  8.79800E-06  5.03800E-06  2.15800E-06  3.12600E-05  0.000781639  0.000464400  4.61600E-05
699.0  2.55400E-05  9.82500E-06  9.69900E-06  4.93400E-06  2.05900E-06  3.07300E-05  0.000578395  0.000472200  4.52800E-05
700.0  2.66000E-05  1.01000E-05  1.06000E-05  4.83000E-06  1.96000E-06  3.02000E-05  0.000428000  0.000480000  4.44000E-05
701.0  2.60700E-05  1.01000E-05  1.02020E-05  4.65750E-06  2.03400E-06  3.07000E-05  0.000391490  0.000494300  4.50400E-05
702.0  2.55400E-05  1.01000E-05  9.80400E-06  4.48500E-06  2.10800E-06  3.12000E-05  0.000354980  0.000508600  4.56800E-05
703.0  2.50100E-05  1.01000E-05  9.40600E-06  4.31250E-06  2.18200E-06  3.17000E-05  0.000318470  0.000522900  4.63200E-05
704.0  2.44800E-05  1.01000E-05  9.00800E-06  4.14000E-06  2.25600E-06  3.22000E-05  0.000281960  0.000537200  4.69600E-05
705.0  2.39500E-05  1.01000E-05  8.61000E-06  3.96750E-06  2.33000E-06  3.27000E-05  0.000245450  0.000551500  4.76000E-05
706.0  2.34200E-05  1.01000E-05  8.21200E-06  3.79500E-06  2.40400E-06  3.32000E-05  0.000208940  0.000565800  4.82400E-05
707.0  2.28900E-05  1.01000E-05  7.81400E-06  3.62250E-06  2.47800E-06  3.37000E-05  0.000172430  0.000580100  4.88800E-05
708.0  2.23600E-05  1.01000E-05  7.41600E-06  3.45000E-06  2.55200E-06  3.42000E-05  0.000135920  0.000594400  4.95200E-05
709.0  2.18300E-05  1.01000E-05  7.01800E-06  3.27750E-06  2.62600E-06  3.47000E-05  9.94100E-05  0.000608700  5.01600E-05
710.0  2.13000E-05  1.01000E-05  6.62000E-06  3.10500E-06  2.70000E-06  3.52000E-05  6.29000E-05  0.000623000  5.08000E-05
711.0  2.03680E-05  1.00100E-05  6.22200E-06  2.93250E-06  2.55300E-06  3.70600E-05  6.12300E-05  0.000639200  4.77800E-05
712.0  1.94360E-05  9.92000E-06  5.82400E-06  2.76000E-06  2.40600E-06  3.89200E-05  5.95600E-05  0.000655400  4.47600E-05
713.0  1.85040E-05  9.83000E-06  5.42600E-06  2.58750E-06  2.25900E-06  4.07800E-05  5.78900E-05  0.000671600  4.17400E-05
714.0  1.75720E-05  9.74000E-06  5.02800E-06  2.41500E-06  2.11200E-06  4.26400E-05  5.62200E-05  0.000687800  3.87200E-05
715.0  1.66400E-05  9.65000E-06  4.63000E-06  2.24250E-06  1.96500E-06  4.45000E-05  5.45500E-05  0.000704000  3.57000E-05
716.0  1.57080E-05  9.56000E-06  4.23200E-06  2.07000E-06  1.81800E-06  4.63600E-05  5.28800E-05  0.000720200  3.26800E-05
717.0  1.47760E-05  9.47000E-06  3.83400E-06  1.89750E-06  1.67100E-06  4.82200E-05  5.12100E-05  0.000736400  2.96600E-05
718.0  1.38440E-05  9.38000E-06  3.43600E-06  1.72500E-06  1.52400E-06  5.00800E-05  4.95400E-05  0.000752600  2.66400E-05
719.0  1.29120E-05  9.29000E-06  3.03800E-06  1.55250E-06  1.37700E-06  5.19400E-05  4.78700E-05  0.000768800  2.36200E-05
720.0  1.19800E-05  9.20000E-06  2.64000E-06  1.38000E-06  1.23000E-06  5.38000E-05  4.62000E-05  0.000785000  2.06000E-05
721.0  1.10480E-05  8.46400E-06  2.53500E-06  1.55300E-06  1.23000E-06  5.57800E-05  4.63500E-05  0.000944500  2.87400E-05
722.0  1.01160E-05  7.72800E-06  2.43000E-06  1.72600E-06  1.23000E-06  5.77600E-05  4.65000E-05   0.00110400  3.68800E-05
723.0  9.18400E-06  6.99200E-06  2.32500E-06  1.89900E-06  1.23000E-06  5.97400E-05  4.66500E-05   0.00126350  4.50200E-05
724.0  8.25200E-06  6.25600E-06  2.22000E-06  2.07200E-06  1.23000E-06  6.17200E-05  4.68000E-05   0.00142300  5.31600E-05
725.0  7.32000E-06  5.52000E-06  2.11500E-06  2.24500E-06  1.23000E-06  6.37000E-05  4.69500E-05   0.00158250  6.13000E-05
726.0  6.38800E-06  4.78400E-06  2.01000E-06  2.41800E-06  1.23000E-06  6.56800E-05  4.71000E-05   0.00174200  6.94400E-05
727.0  5.45600E-06  4.04800E-06  1.90500E-06  2.59100E-06  1.23000E-06  6.76600E-05  4.72500E-05   0.00190150  7.75800E-05
728.0  4.52400E-06  3.31200E-06  1.80000E-06  2.76400E-06  1.23000E-06  6.96400E-05  4.74000E-05   0.00206100  8.57200E-05
729.0  3.59200E-06  2.57600E-06  1.69500E-06  2.93700E-06  1.23000E-06  7.16200E-05  4.75500E-05   0.00222050  9.38600E-05
730.0  2.66000E-06  1.84000E-06  1.59000E-06  3.11000E-06  1.23000E-06  7.36000E-05  4.77000E-05   0.00238000  0.000102000
731.0  3.46400E-06  2.02400E-06  1.64200E-06  2.90300E-06  1.47500E-06  7.47200E-05  5.50300E-05   0.00301970  0.000119300
732.0  4.26800E-06  2.20800E-06  1.69400E-06  2.69600E-06  1.72000E-06  7.58400E-05  6.23600E-05   0.00432081  0.000136600
733.0  5.07200E-06  2.39200E-06  1.74600E-06  2.48900E-06  1.96500E-06  7.69600E-05  6.96900E-05   0.00618253  0.000153900
734.0  5.87600E-06  2.57600E-06  1.79800E-06  2.28200E-06  2.21000E-06  7.80800E-05  7.70200E-05   0.00884643  0.000171200
735.0  6.68000E-06  2.76000E-06  1.85000E-06  2.07500E-06  2.45500E-06  7.92000E-05  8.43500E-05    0.0126581  0.000188500
736.0  7.48400E-06  2.94400E-06  1.90200E-06  1.86800E-06  2.70000E-06  8.03200E-05  9.16800E-05    0.0153852  0.000205800
737.0  8.28800E-06  3.12800E-06  1.95400E-06  1.66100E-06  2.94500E-06  8.14400E-05  9.90100E-05    0.0181122  0.000223100
738.0  9.09200E-06  3.31200E-06  2.00600E-06  1.45400E-06  3.19000E-06  8.25600E-05  0.000106340    0.0389709  0.000240400
739.0  9.89600E-06  3.49600E-06  2.05800E-06  1.24700E-06  3.43500E-06  8.36800E-05  0.000113670    0.0911560  0.000257700
740.0  1.07000E-05  3.68000E-06  2.11000E-06  1.04000E-06  3.68000E-06  8.48000E-05  0.000121000     0.190369  0.000275000
741.0  1.12300E-05  4.60200E-06  2.74500E-06  1.24700E-06  3.58200E-06  8.57200E-05  0.000126200     0.332458  0.000339300
742.0  1.17600E-05  5.52400E-06  3.38000E-06  1.45400E-06  3.48400E-06  8.66400E-05  0.000131400     0.495987  0.000403600
743.0  1.22900E-05  6.44600E-06  4.01500E-06  1.66100E-06  3.38600E-06  8.75600E-05  0.000136600     0.670624  0.000467900
744.0  1.28200E-05  7.36800E-06  4.65000E-06  1.86800E-06  3.28800E-06  8.84800E-05  0.000141800     0.826843  0.000532200
745.0  1.33500E-05  8.29000E-06  5.28500E-06  2.07500E-06  3.19000E-06  8.94000E-05  0.000147000     0.929077  0.000596500
746.0  1.38800E-05  9.21200E-06  5.92000E-06  2.28200E-06  3.09200E-06  9.03200E-05  0.000152200     0.975021  0.000660800
747.0  1.44100E-05  1.01340E-05  6.55500E-06  2.48900E-06  2.99400E-06  9.12400E-05  0.000157400     0.999878  0.000725100
748.0  1.49400E-05  1.10560E-05  7.19000E-06  2.69600E-06  2.89600E-06  9.21600E-05  0.000162600     0.984802  0.000789400
749.0  1.54700E-05  1.19780E-05  7.82500E-06  2.90300E-06  2.79800E-06  9.30800E-05  0.000167800     0.903320  0.000853700
750.0  1.60000E-05  1.29000E-05  8.46000E-06  3.11000E-06  2.70000E-06  9.40000E-05  0.000173000     0.778877  0.000918000
751.0  2.13300E-05  1.27150E-05  8.19550E-06  3.24800E-06  2.57700E-06  9.49000E-05  0.000176100     0.636002  0.000887700
752.0  2.66600E-05  1.25300E-05  7.93100E-06  3.38600E-06  2.45400E-06  9.58000E-05  0.000179200     0.476379  0.000857400
753.0  3.19900E-05  1.23450E-05  7.66650E-06  3.52400E-06  2.33100E-06  9.67000E-05  0.000182300     0.280060  0.000827100
754.0  3.73200E-05  1.21600E-05  7.40200E-06  3.66200E-06  2.20800E-06  9.76000E-05  0.000185400     0.126282  0.000796800
755.0  4.26500E-05  1.19750E-05  7.13750E-06  3.80000E-06  2.08500E-06  9.85000E-05  0.000188500    0.0555115  0.000766500
756.0  4.79800E-05  1.17900E-05  6.87300E-06  3.93800E-06  1.96200E-06  9.94000E-05  0.000191600    0.0253220  0.000736200
757.0  5.33100E-05  1.16050E-05  6.60850E-06  4.07600E-06  1.83900E-06  0.000100300  0.000194700    0.0115433  0.000705900
758.0  5.86400E-05  1.14200E-05  6.34400E-06  4.21400E-06  1.71600E-06  0.000101200  0.000197800   0.00839102  0.000675600
759.0  6.39700E-05  1.12350E-05  6.07950E-06  4.35200E-06  1.59300E-06  0.000102100  0.000200900   0.00581523  0.000645300
760.0  6.93000E-05  1.10500E-05  5.81500E-06  4.49000E-06  1.47000E-06  0.000103000  0.000204000   0.00403013  0.000615000
761.0  6.53000E-05  1.08650E-05  5.55050E-06  4.28300E-06  1.51900E-06  0.000110000  0.000199400   0.00279300  0.000581300
762.0  6.13000E-05  1.06800E-05  5.28600E-06  4.07600E-06  1.56800E-06  0.000117000  0.000194800   0.00193563  0.000547600
763.0  5.73000E-05  1.04950E-05  5.02150E-06  3.86900E-06  1.61700E-06  0.000124000  0.000190200   0.00134145  0.000513900
764.0  5.33000E-05  1.03100E-05  4.75700E-06  3.66200E-06  1.66600E-06  0.000131000  0.000185600  0.000929664  0.000480200
765.0  4.93000E-05  1.01250E-05  4.49250E-06  3.45500E-06  1.71500E-06  0.000138000  0.000181000  0.000644285  0.000446500
766.0  4.53000E-05  9.94000E-06  4.22800E-06  3.24800E-06  1.76400E-06  0.000145000  0.000176400  0.000446508  0.000412800
767.0  4.13000E-05  9.75500E-06  3.96350E-06  3.04100E-06  1.81300E-06  0.000152000  0.000171800  0.000309444  0.000379100
768.0  3.73000E-05  9.57000E-06  3.69900E-06  2.83400E-06  1.86200E-06  0.000159000  0.000167200  0.000214454  0.000345400
769.0  3.33000E-05  9.38500E-06  3.43450E-06  2.62700E-06  1.91100E-06  0.000166000  0.000162600  0.000148623  0.000311700
770.0  2.93000E-05  9.20000E-06  3.17000E-06  2.42000E-06  1.96000E-06  0.000173000  0.000158000  0.000103000  0.000278000
771.0  2.83700E-05  9.24500E-06  3.24950E-06  2.31600E-06  1.88700E-06  0.000186100  0.000156600  9.69500E-05  0.000273700
772.0  2.74400E-05  9.29000E-06  3.32900E-06  2.21200E-06  1.81400E-06  0.000199200  0.000155200  9.09000E-05  0.000269400
773.0  2.65100E-05  9.33500E-06  3.40850E-06  2.10800E-06  1.74100E-06  0.000212300  0.000153800  8.48500E-05  0.000265100
774.0  2.55800E-05  9.38000E-06  3.48800E-06  2.00400E-06  1.66800E-06  0.000225400  0.000152400  7.88000E-05  0.000260800
775.0  2.46500E-05  9.42500E-06  3.56750E-06  1.90000E-06  1.59500E-06  0.000238500  0.000151000  7.27500E-05  0.000256500
776.0  2.37200E-05  9.47000E-06  3.64700E-06  1.79600E-06  1.52200E-06  0.000251600  0.000149600  6.67000E-05  0.000252200
777.0  2.27900E-05  9.51500E-06  3.72650E-06  1.69200E-06  1.44900E-06  0.000264700  0.000148200  6.06500E-05  0.000247900
778.0  2.18600E-05  9.56000E-06  3.80600E-06  1.58800E-06  1.37600E-06  0.000277800  0.000146800  5.46000E-05  0.000243600
779.0  2.09300E-05  9.60500E-06  3.88550E-06  1.48400E-06  1.30300E-06  0.000290900  0.000145400  4.85500E-05  0.000239300
780.0  2.00000E-05  9.65000E-06  3.96500E-06  1.38000E-06  1.23000E-06  0.000304000  0.000144000  4.25000E-05  0.000235000
781.0  1.90700E-05  9.69500E-06  4.04450E-06  1.48400E-06  1.54900E-06  0.000293600  0.000147000  4.22300E-05  0.000230900
782.0  1.81400E-05  9.74000E-06  4.12400E-06  1.58800E-06  1.86800E-06  0.000283200  0.000150000  4.19600E-05  0.000226800
783.0  1.72100E-05  9.78500E-06  4.20350E-06  1.69200E-06  2.18700E-06  0.000272800  0.000153000  4.16900E-05  0.000222700
784.0  1.62800E-05  9.83000E-06  4.28300E-06  1.79600E-06  2.50600E-06  0.000262400  0.000156000  4.14200E-05  0.000218600
785.0  1.53500E-05  9.87500E-06  4.36250E-06  1.90000E-06  2.82500E-06  0.000252000  0.000159000  4.11500E-05  0.000214500
786.0  1.44200E-05  9.92000E-06  4.44200E-06  2.00400E-06  3.14400E-06  0.000241600  0.000162000  4.08800E-05  0.000210400
787.0  1.34900E-05  9.96500E-06  4.52150E-06  2.10800E-06  3.46300E-06  0.000231200  0.000165000  4.06100E-05  0.000206300
788.0  1.25600E-05  1.00100E-05  4.60100E-06  2.21200E-06  3.78200E-06  0.000220800  0.000168000  4.03400E-05  0.000202200
789.0  1.16300E-05  1.00550E-05  4.68050E-06  2.31600E-06  4.10100E-06  0.000210400  0.000171000  4.00700E-05  0.000198100
790.0  1.07000E-05  1.01000E-05  4.76000E-06  2.42000E-06  4.42000E-06  0.000200000  0.000174000  3.98000E-05  0.000194000
791.0  1.01630E-05  1.02900E-05  4.76000E-06  2.48900E-06  4.24800E-06  0.000211000  0.000176800  3.88300E-05  0.000189900
792.0  9.62600E-06  1.04800E-05  4.76000E-06  2.55800E-06  4.07600E-06  0.000222000  0.000179600  3.78600E-05  0.000185800
793.0  9.08900E-06  1.06700E-05  4.76000E-06  2.62700E-06  3.90400E-06  0.000233000  0.000182400  3.68900E-05  0.000181700
794.0  8.55200E-06  1.08600E-05  4.76000E-06  2.69600E-06  3.73200E-06  0.000244000  0.000185200  3.59200E-05  0.000177600
795.0  8.01500E-06  1.10500E-05  4.76000E-06  2.76500E-06  3.56000E-06  0.000255000  0.000188000  3.49500E-05  0.000173500
796.0  7.47800E-06  1.12400E-05  4.76000E-06  2.83400E-06  3.38800E-06  0.000266000  0.000190800  3.39800E-05  0.000169400
797.0  6.94100E-06  1.14300E-05  4.76000E-06  2.90300E-06  3.21600E-06  0.000277000  0.000193600  3.30100E-05  0.000165300
798.0  6.40400E-06  1.16200E-05  4.76000E-06  2.97200E-06  3.04400E-06  0.000288000  0.000196400  3.20400E-05  0.000161200
799.0  5.86700E-06  1.18100E-05  4.76000E-06  3.04100E-06  2.87200E-06  0.000299000  0.000199200  3.10700E-05  0.000157100
800.0  5.33000E-06  1.20000E-05  4.76000E-06  3.11000E-06  2.70000E-06  0.000310000  0.000202000  3.01000E-05  0.000153000
801.0  5.86700E-06  1.15840E-05  4.83900E-06  2.90300E-06  2.82300E-06  0.000296300  0.000200200  3.05100E-05  0.000155000
802.0  6.40400E-06  1.11680E-05  4.91800E-06  2.69600E-06  2.94600E-06  0.000282600  0.000198400  3.09200E-05  0.000157000
803.0  6.94100E-06  1.07520E-05  4.99700E-06  2.48900E-06  3.06900E-06  0.000268900  0.000196600  3.13300E-05  0.000159000
804.0  7.47800E-06  1.03360E-05  5.07600E-06  2.28200E-06  3.19200E-06  0.000255200  0.000194800  3.17400E-05  0.000161000
805.0  8.01500E-06  9.92000E-06  5.15500E-06  2.07500E-06  3.31500E-06  0.000241500  0.000193000  3.21500E-05  0.000163000
806.0  8.55200E-06  9.50400E-06  5.23400E-06  1.86800E-06  3.43800E-06  0.000227800  0.000191200  3.25600E-05  0.000165000
807.0  9.08900E-06  9.08800E-06  5.31300E-06  1.66100E-06  3.56100E-06  0.000214100  0.000189400  3.29700E-05  0.000167000
808.0  9.62600E-06  8.67200E-06  5.39200E-06  1.45400E-06  3.68400E-06  0.000200400  0.000187600  3.33800E-05  0.000169000
809.0  1.01630E-05  8.25600E-06  5.47100E-06  1.24700E-06  3.80700E-06  0.000186700  0.000185800  3.37900E-05  0.000171000
810.0  1.07000E-05  7.84000E-06  5.55000E-06  1.04000E-06  3.93000E-06  0.000173000  0.000184000  3.42000E-05  0.000173000
811.0  1.01630E-05  7.42400E-06  5.62900E-06  1.07400E-06  3.78300E-06  0.000172700  0.000180900  3.42900E-05  0.000175600
812.0  9.62600E-06  7.00800E-06  5.70800E-06  1.10800E-06  3.63600E-06  0.000172400  0.000177800  3.43800E-05  0.000178200
813.0  9.08900E-06  6.59200E-06  5.78700E-06  1.14200E-06  3.48900E-06  0.000172100  0.000174700  3.44700E-05  0.000180800
814.0  8.55200E-06  6.17600E-06  5.86600E-06  1.17600E-06  3.34200E-06  0.000171800  0.000171600  3.45600E-05  0.000183400
815.0  8.01500E-06  5.76000E-06  5.94500E-06  1.21000E-06  3.19500E-06  0.000171500  0.000168500  3.46500E-05  0.000186000
816.0  7.47800E-06  5.34400E-06  6.02400E-06  1.24400E-06  3.04800E-06  0.000171200  0.000165400  3.47400E-05  0.000188600
817.0  6.94100E-06  4.92800E-06  6.10300E-06  1.27800E-06  2.90100E-06  0.000170900  0.000162300  3.48300E-05  0.000191200
818.0  6.40400E-06  4.51200E-06  6.18200E-06  1.31200E-06  2.75400E-06  0.000170600  0.000159200  3.49200E-05  0.000193800
819.0  5.86700E-06  4.09600E-06  6.26100E-06  1.34600E-06  2.60700E-06  0.000170300  0.000156100  3.50100E-05  0.000196400
820.0  5.33000E-06  3.68000E-06  6.34000E-06  1.38000E-06  2.46000E-06  0.000170000  0.000153000  3.51000E-05  0.000199000
821.0  5.33000E-06  3.49600E-06  6.27100E-06  1.34600E-06  2.33700E-06  0.000180000  0.000158100  3.73900E-05  0.000205800
822.0  5.33000E-06  3.31200E-06  6.20200E-06  1.31200E-06  2.21400E-06  0.000190000  0.000163200  3.96800E-05  0.000212600
823.0  5.33000E-06  3.12800E-06  6.13300E-06  1.27800E-06  2.09100E-06  0.000200000  0.000168300  4.19700E-05  0.000219400
824.0  5.33000E-06  2.94400E-06  6.06400E-06  1.24400E-06  1.96800E-06  0.000210000  0.000173400  4.42600E-05  0.000226200
825.0  5.33000E-06  2.76000E-06  5.99500E-06  1.21000E-06  1.84500E-06  0.000220000  0.000178500  4.65500E-05  0.000233000
826.0  5.33000E-06  2.57600E-06  5.92600E-06  1.17600E-06  1.72200E-06  0.000230000  0.000183600  4.88400E-05  0.000239800
827.0  5.33000E-06  2.39200E-06  5.85700E-06  1.14200E-06  1.59900E-06  0.000240000  0.000188700  5.11300E-05  0.000246600
828.0  5.33000E-06  2.20800E-06  5.78800E-06  1.10800E-06  1.47600E-06  0.000250000  0.000193800  5.34200E-05  0.000253400
829.0  5.33000E-06  2.02400E-06  5.71900E-06  1.07400E-06  1.35300E-06  0.000260000  0.000198900  5.57100E-05  0.000260200
830.0  5.33000E-06  1.84000E-06  5.65000E-06  1.04000E-06  1.23000E-06  0.000270000  0.000204000  5.80000E-05  0.000267000
831.0  8.12700E-06  2.51900E-06  5.58100E-06  1.18800E-06  1.27900E-06  0.000298700  0.000207600  5.80000E-05  0.000292600
832.0  1.09240E-05  3.19800E-06  5.51200E-06  1.33600E-06  1.32800E-06  0.000327400  0.000211200  5.80000E-05  0.000318200
833.0  1.37210E-05  3.87700E-06  5.44300E-06  1.48400E-06  1.37700E-06  0.000356100  0.000214800  5.80000E-05  0.000343800
834.0  1.65180E-05  4.55600E-06  5.37400E-06  1.63200E-06  1.42600E-06  0.000384800  0.000218400  5.80000E-05  0.000369400
835.0  1.93150E-05  5.23500E-06  5.30500E-06  1.78000E-06  1.47500E-06  0.000413500  0.000222000  5.80000E-05  0.000395000
836.0  2.21120E-05  5.91400E-06  5.23600E-06  1.92800E-06  1.52400E-06  0.000442200  0.000225600  5.80000E-05  0.000420600
837.0  2.49090E-05  6.59300E-06  5.16700E-06  2.07600E-06  1.57300E-06  0.000470900  0.000229200  5.80000E-05  0.000446200
838.0  2.77060E-05  7.27200E-06  5.09800E-06  2.22400E-06  1.62200E-06  0.000499600  0.000232800  5.80000E-05  0.000471800
839.0  3.05030E-05  7.95100E-06  5.02900E-06  2.37200E-06  1.67100E-06  0.000528300  0.000236400  5.80000E-05  0.000497400
840.0  3.33000E-05  8.63000E-06  4.96000E-06  2.52000E-06  1.72000E-06  0.000557000  0.000240000  5.80000E-05  0.000523000
841.0  3.58300E-05  8.68700E-06  4.99200E-06  2.51000E-06  1.76900E-06  0.000549700  0.000261700  6.79000E-05  0.000711147
842.0  3.83600E-05  8.74400E-06  5.02400E-06  2.50000E-06  1.81800E-06  0.000542400  0.000283400  7.78000E-05  0.000926408
843.0  4.08900E-05  8.80100E-06  5.05600E-06  2.49000E-06  1.86700E-06  0.000535100  0.000305100  8.77000E-05   0.00120683
844.0  4.34200E-05  8.85800E-06  5.08800E-06  2.48000E-06  1.91600E-06  0.000527800  0.000326800  9.76000E-05   0.00157213
845.0  4.59500E-05  8.91500E-06  5.12000E-06  2.47000E-06  1.96500E-06  0.000520500  0.000348500  0.000107500   0.00204801
846.0  4.84800E-05  8.97200E-06  5.15200E-06  2.46000E-06  2.01400E-06  0.000513200  0.000370200  0.000117400   0.00266793
847.0  5.10100E-05  9.02900E-06  5.18400E-06  2.45000E-06  2.06300E-06  0.000505900  0.000391900  0.000127300   0.00347550
848.0  5.35400E-05  9.08600E-06  5.21600E-06  2.44000E-06  2.11200E-06  0.000498600  0.000413600  0.000137200   0.00452752
849.0  5.60700E-05  9.14300E-06  5.24800E-06  2.43000E-06  2.16100E-06  0.000491300  0.000435300  0.000147100   0.00589798
850.0  5.86000E-05  9.20000E-06  5.28000E-06  2.42000E-06  2.21000E-06  0.000484000  0.000457000  0.000157000   0.00768327
851.0  5.64700E-05  8.92400E-06  5.91200E-06  2.47150E-06  2.17733E-06  0.000517000  0.000466200  0.000183900    0.0100090
852.0  5.43400E-05  8.64800E-06  6.54400E-06  2.52300E-06  2.14467E-06  0.000550000  0.000475400  0.000210800    0.0130386
853.0  5.22100E-05  8.37200E-06  7.17600E-06  2.57450E-06  2.11200E-06  0.000583000  0.000484600  0.000237700    0.0241394
854.0  5.00800E-05  8.09600E-06  7.80800E-06  2.62600E-06  2.07933E-06  0.000616000  0.000493800  0.000264600    0.0455933
855.0  4.79500E-05  7.82000E-06  8.44000E-06  2.67750E-06  2.04667E-06  0.000649000  0.000503000  0.000291500    0.0836334
856.0  4.58200E-05  7.54400E-06  9.07200E-06  2.72900E-06  2.01400E-06  0.000682000  0.000512200  0.000318400     0.142456
857.0  4.36900E-05  7.26800E-06  9.70400E-06  2.78050E-06  1.98133E-06  0.000715000  0.000521400  0.000345300     0.228058
858.0  4.15600E-05  6.99200E-06  1.03360E-05  2.83200E-06  1.94867E-06  0.000748000  0.000530600  0.000372200     0.336670
859.0  3.94300E-05  6.71600E-06  1.09680E-05  2.88350E-06  1.91600E-06  0.000781000  0.000539800  0.000399100     0.463730
860.0  3.73000E-05  6.44000E-06  1.16000E-05  2.93500E-06  1.88333E-06  0.000814000  0.000549000  0.000426000     0.597706
861.0  3.75700E-05  6.16400E-06  1.05460E-05  2.98650E-06  1.85067E-06  0.000748600  0.000584000  0.000539400     0.726395
862.0  3.78400E-05  5.88800E-06  9.49200E-06  3.03800E-06  1.81800E-06  0.000683200  0.000619000  0.000652800     0.835876
863.0  3.81100E-05  5.61200E-06  8.43800E-06  3.08950E-06  1.78533E-06  0.000617800  0.000654000  0.000766200     0.923218
864.0  3.83800E-05  5.33600E-06  7.38400E-06  3.14100E-06  1.75267E-06  0.000552400  0.000689000  0.000879600     0.976196
865.0  3.86500E-05  5.06000E-06  6.33000E-06  3.19250E-06  1.72000E-06  0.000487000  0.000724000  0.000993000     0.999420
866.0  3.89200E-05  4.78400E-06  5.27600E-06  3.24400E-06  1.68733E-06  0.000421600  0.000759000   0.00110640     0.998882
867.0  3.91900E-05  4.50800E-06  4.22200E-06  3.29550E-06  1.65467E-06  0.000356200  0.000794000   0.00121980     0.983208
868.0  3.94600E-05  4.23200E-06  3.16800E-06  3.34700E-06  1.62200E-06  0.000290800  0.000829000   0.00133320     0.970200
869.0  3.97300E-05  3.95600E-06  2.11400E-06  3.39850E-06  1.58933E-06  0.000225400  0.000864000   0.00144660     0.961159
870.0  4.00000E-05  3.68000E-06  1.06000E-06  3.45000E-06  1.55667E-06  0.000160000  0.000899000   0.00156000     0.945038
871.0  3.94600E-05  4.14100E-06  1.27100E-06  3.41600E-06  1.52400E-06  0.000158700  0.000821500   0.00141151     0.892395
872.0  3.89200E-05  4.60200E-06  1.48200E-06  3.38200E-06  1.49133E-06  0.000157400  0.000744000   0.00126302     0.809532
873.0  3.83800E-05  5.06300E-06  1.69300E-06  3.34800E-06  1.45867E-06  0.000156100  0.000666500   0.00111453     0.709702
874.0  3.78400E-05  5.52400E-06  1.90400E-06  3.31400E-06  1.42600E-06  0.000154800  0.000589000  0.000966040     0.600418
875.0  3.73000E-05  5.98500E-06  2.11500E-06  3.28000E-06  1.39333E-06  0.000153500  0.000511500  0.000817550     0.479187
876.0  3.67600E-05  6.44600E-06  2.32600E-06  3.24600E-06  1.36067E-06  0.000152200  0.000434000  0.000669060     0.340899
877.0  3.62200E-05  6.90700E-06  2.53700E-06  3.21200E-06  1.32800E-06  0.000150900  0.000356500  0.000520570     0.198547
878.0  3.56800E-05  7.36800E-06  2.74800E-06  3.17800E-06  1.29533E-06  0.000149600  0.000279000  0.000372080    0.0979004
879.0  3.51400E-05  7.82900E-06  2.95900E-06  3.14400E-06  1.26267E-06  0.000148300  0.000201500  0.000223590    0.0476532
880.0  3.46000E-05  8.29000E-06  3.17000E-06  3.11000E-06  1.23000E-06  0.000147000  0.000124000  7.51000E-05    0.0275497
881.0  3.24700E-05  8.75100E-06  3.38100E-06  2.90300E-06  1.26650E-06  0.000144400  0.000121600  7.27500E-05    0.0171928
882.0  3.03400E-05  9.21200E-06  3.59200E-06  2.69600E-06  1.30300E-06  0.000141800  0.000119200  7.04000E-05    0.0113144
883.0  2.82100E-05  9.67300E-06  3.80300E-06  2.48900E-06  1.33950E-06  0.000139200  0.000116800  6.80500E-05   0.00842920
884.0  2.60800E-05  1.01340E-05  4.01400E-06  2.28200E-06  1.37600E-06  0.000136600  0.000114400  6.57000E-05   0.00630966
885.0  2.39500E-05  1.05950E-05  4.22500E-06  2.07500E-06  1.41250E-06  0.000134000  0.000112000  6.33500E-05   0.00472308
886.0  2.18200E-05  1.10560E-05  4.43600E-06  1.86800E-06  1.44900E-06  0.000131400  0.000109600  6.10000E-05   0.00353545
887.0  1.96900E-05  1.15170E-05  4.64700E-06  1.66100E-06  1.48550E-06  0.000128800  0.000107200  5.86500E-05   0.00264645 begin_of_the_skype_highlighting              00264645      end_of_the_skype_highlighting
888.0  1.75600E-05  1.19780E-05  4.85800E-06  1.45400E-06  1.52200E-06  0.000126200  0.000104800  5.63000E-05   0.00198100
889.0  1.54300E-05  1.24390E-05  5.06900E-06  1.24700E-06  1.55850E-06  0.000123600  0.000102400  5.39500E-05   0.00148287
890.0  1.33000E-05  1.29000E-05  5.28000E-06  1.04000E-06  1.59500E-06  0.000121000  1.00000E-04  5.16000E-05   0.00111000
891.0  1.38300E-05  1.21620E-05  4.91100E-06  1.31600E-06  1.63150E-06  0.000121200  0.000100400  4.96100E-05   0.00102050
892.0  1.43600E-05  1.14240E-05  4.54200E-06  1.59200E-06  1.66800E-06  0.000121400  0.000100800  4.76200E-05  0.000931000
893.0  1.48900E-05  1.06860E-05  4.17300E-06  1.86800E-06  1.70450E-06  0.000121600  0.000101200  4.56300E-05  0.000841500
894.0  1.54200E-05  9.94800E-06  3.80400E-06  2.14400E-06  1.74100E-06  0.000121800  0.000101600  4.36400E-05  0.000752000
895.0  1.59500E-05  9.21000E-06  3.43500E-06  2.42000E-06  1.77750E-06  0.000122000  0.000102000  4.16500E-05  0.000662500
896.0  1.64800E-05  8.47200E-06  3.06600E-06  2.69600E-06  1.81400E-06  0.000122200  0.000102400  3.96600E-05  0.000573000
897.0  1.70100E-05  7.73400E-06  2.69700E-06  2.97200E-06  1.85050E-06  0.000122400  0.000102800  3.76700E-05  0.000483500
898.0  1.75400E-05  6.99600E-06  2.32800E-06  3.24800E-06  1.88700E-06  0.000122600  0.000103200  3.56800E-05  0.000394000
899.0  1.80700E-05  6.25800E-06  1.95900E-06  3.52400E-06  1.92350E-06  0.000122800  0.000103600  3.36900E-05  0.000304500
900.0  1.86000E-05  5.52000E-06  1.59000E-06  3.80000E-06  1.96000E-06  0.000123000  0.000104000  3.17000E-05  0.000215000
901.0  1.72730E-05  5.15200E-06  1.69500E-06  3.90300E-06  1.96000E-06  0.000127500  0.000106700  3.13000E-05  0.000204100
902.0  1.59460E-05  4.78400E-06  1.80000E-06  4.00600E-06  1.96000E-06  0.000132000  0.000109400  3.09000E-05  0.000193200
903.0  1.46190E-05  4.41600E-06  1.90500E-06  4.10900E-06  1.96000E-06  0.000136500  0.000112100  3.05000E-05  0.000182300
904.0  1.32920E-05  4.04800E-06  2.01000E-06  4.21200E-06  1.96000E-06  0.000141000  0.000114800  3.01000E-05  0.000171400
905.0  1.19650E-05  3.68000E-06  2.11500E-06  4.31500E-06  1.96000E-06  0.000145500  0.000117500  2.97000E-05  0.000160500
906.0  1.06380E-05  3.31200E-06  2.22000E-06  4.41800E-06  1.96000E-06  0.000150000  0.000120200  2.93000E-05  0.000149600
907.0  9.31100E-06  2.94400E-06  2.32500E-06  4.52100E-06  1.96000E-06  0.000154500  0.000122900  2.89000E-05  0.000138700
908.0  7.98400E-06  2.57600E-06  2.43000E-06  4.62400E-06  1.96000E-06  0.000159000  0.000125600  2.85000E-05  0.000127800
909.0  6.65700E-06  2.20800E-06  2.53500E-06  4.72700E-06  1.96000E-06  0.000163500  0.000128300  2.81000E-05  0.000116900
910.0  5.33000E-06  1.84000E-06  2.64000E-06  4.83000E-06  1.96000E-06  0.000168000  0.000131000  2.77000E-05  0.000106000
911.0  9.85700E-06  1.93200E-06  2.64000E-06  4.69200E-06  1.96000E-06  0.000183200  0.000134200  2.73800E-05  0.000102540
912.0  1.43840E-05  2.02400E-06  2.64000E-06  4.55400E-06  1.96000E-06  0.000198400  0.000137400  2.70600E-05  9.90800E-05
913.0  1.89110E-05  2.11600E-06  2.64000E-06  4.41600E-06  1.96000E-06  0.000213600  0.000140600  2.67400E-05  9.56200E-05
914.0  2.34380E-05  2.20800E-06  2.64000E-06  4.27800E-06  1.96000E-06  0.000228800  0.000143800  2.64200E-05  9.21600E-05
915.0  2.79650E-05  2.30000E-06  2.64000E-06  4.14000E-06  1.96000E-06  0.000244000  0.000147000  2.61000E-05  8.87000E-05
916.0  3.24920E-05  2.39200E-06  2.64000E-06  4.00200E-06  1.96000E-06  0.000259200  0.000150200  2.57800E-05  8.52400E-05
917.0  3.70190E-05  2.48400E-06  2.64000E-06  3.86400E-06  1.96000E-06  0.000274400  0.000153400  2.54600E-05  8.17800E-05
918.0  4.15460E-05  2.57600E-06  2.64000E-06  3.72600E-06  1.96000E-06  0.000289600  0.000156600  2.51400E-05  7.83200E-05
919.0  4.60730E-05  2.66800E-06  2.64000E-06  3.58800E-06  1.96000E-06  0.000304800  0.000159800  2.48200E-05  7.48600E-05
920.0  5.06000E-05  2.76000E-06  2.64000E-06  3.45000E-06  1.96000E-06  0.000320000  0.000163000  2.45000E-05  7.14000E-05
921.0  4.68700E-05  3.12800E-06  2.85200E-06  3.31200E-06  1.96000E-06  0.000305500  0.000165200  2.42900E-05  7.21900E-05
922.0  4.31400E-05  3.49600E-06  3.06400E-06  3.17400E-06  1.96000E-06  0.000291000  0.000167400  2.40800E-05  7.29800E-05
923.0  3.94100E-05  3.86400E-06  3.27600E-06  3.03600E-06  1.96000E-06  0.000276500  0.000169600  2.38700E-05  7.37700E-05
924.0  3.56800E-05  4.23200E-06  3.48800E-06  2.89800E-06  1.96000E-06  0.000262000  0.000171800  2.36600E-05  7.45600E-05
925.0  3.19500E-05  4.60000E-06  3.70000E-06  2.76000E-06  1.96000E-06  0.000247500  0.000174000  2.34500E-05  7.53500E-05
926.0  2.82200E-05  4.96800E-06  3.91200E-06  2.62200E-06  1.96000E-06  0.000233000  0.000176200  2.32400E-05  7.61400E-05
927.0  2.44900E-05  5.33600E-06  4.12400E-06  2.48400E-06  1.96000E-06  0.000218500  0.000178400  2.30300E-05  7.69300E-05
928.0  2.07600E-05  5.70400E-06  4.33600E-06  2.34600E-06  1.96000E-06  0.000204000  0.000180600  2.28200E-05  7.77200E-05
929.0  1.70300E-05  6.07200E-06  4.54800E-06  2.20800E-06  1.96000E-06  0.000189500  0.000182800  2.26100E-05  7.85100E-05
930.0  1.33000E-05  6.44000E-06  4.76000E-06  2.07000E-06  1.96000E-06  0.000175000  0.000185000  2.24000E-05  7.93000E-05
931.0  1.43700E-05  6.34800E-06  4.81200E-06  2.07000E-06  1.96000E-06  0.000170700  0.000182100  2.18000E-05  7.54200E-05
932.0  1.54400E-05  6.25600E-06  4.86400E-06  2.07000E-06  1.96000E-06  0.000166400  0.000179200  2.12000E-05  7.15400E-05
933.0  1.65100E-05  6.16400E-06  4.91600E-06  2.07000E-06  1.96000E-06  0.000162100  0.000176300  2.06000E-05  6.76600E-05
934.0  1.75800E-05  6.07200E-06  4.96800E-06  2.07000E-06  1.96000E-06  0.000157800  0.000173400  2.00000E-05  6.37800E-05
935.0  1.86500E-05  5.98000E-06  5.02000E-06  2.07000E-06  1.96000E-06  0.000153500  0.000170500  1.94000E-05  5.99000E-05
936.0  1.97200E-05  5.88800E-06  5.07200E-06  2.07000E-06  1.96000E-06  0.000149200  0.000167600  1.88000E-05  5.60200E-05
937.0  2.07900E-05  5.79600E-06  5.12400E-06  2.07000E-06  1.96000E-06  0.000144900  0.000164700  1.82000E-05  5.21400E-05
938.0  2.18600E-05  5.70400E-06  5.17600E-06  2.07000E-06  1.96000E-06  0.000140600  0.000161800  1.76000E-05  4.82600E-05
939.0  2.29300E-05  5.61200E-06  5.22800E-06  2.07000E-06  1.96000E-06  0.000136300  0.000158900  1.70000E-05  4.43800E-05
940.0  2.40000E-05  5.52000E-06  5.28000E-06  2.07000E-06  1.96000E-06  0.000132000  0.000156000  1.64000E-05  4.05000E-05
941.0  2.77300E-05  5.88800E-06  5.22750E-06  2.07000E-06  2.03400E-06  0.000135200  0.000155500  1.58200E-05  4.81500E-05
942.0  3.14600E-05  6.25600E-06  5.17500E-06  2.07000E-06  2.10800E-06  0.000138400  0.000155000  1.52400E-05  5.58000E-05
943.0  3.51900E-05  6.62400E-06  5.12250E-06  2.07000E-06  2.18200E-06  0.000141600  0.000154500  1.46600E-05  6.34500E-05
944.0  3.89200E-05  6.99200E-06  5.07000E-06  2.07000E-06  2.25600E-06  0.000144800  0.000154000  1.40800E-05  7.11000E-05
945.0  4.26500E-05  7.36000E-06  5.01750E-06  2.07000E-06  2.33000E-06  0.000148000  0.000153500  1.35000E-05  7.87500E-05
946.0  4.63800E-05  7.72800E-06  4.96500E-06  2.07000E-06  2.40400E-06  0.000151200  0.000153000  1.29200E-05  8.64000E-05
947.0  5.01100E-05  8.09600E-06  4.91250E-06  2.07000E-06  2.47800E-06  0.000154400  0.000152500  1.23400E-05  9.40500E-05
948.0  5.38400E-05  8.46400E-06  4.86000E-06  2.07000E-06  2.55200E-06  0.000157600  0.000152000  1.17600E-05  0.000101700
949.0  5.75700E-05  8.83200E-06  4.80750E-06  2.07000E-06  2.62600E-06  0.000160800  0.000151500  1.11800E-05  0.000109350
950.0  6.13000E-05  9.20000E-06  4.75500E-06  2.07000E-06  2.70000E-06  0.000164000  0.000151000  1.06000E-05  0.000117000
951.0  5.59690E-05  8.92400E-06  4.70250E-06  2.20800E-06  2.62600E-06  0.000167000  0.000149700  1.07900E-05  0.000115400
952.0  5.06380E-05  8.64800E-06  4.65000E-06  2.34600E-06  2.55200E-06  0.000170000  0.000148400  1.09800E-05  0.000113800
953.0  4.53070E-05  8.37200E-06  4.59750E-06  2.48400E-06  2.47800E-06  0.000173000  0.000147100  1.11700E-05  0.000112200
954.0  3.99760E-05  8.09600E-06  4.54500E-06  2.62200E-06  2.40400E-06  0.000176000  0.000145800  1.13600E-05  0.000110600
955.0  3.46450E-05  7.82000E-06  4.49250E-06  2.76000E-06  2.33000E-06  0.000179000  0.000144500  1.15500E-05  0.000109000
956.0  2.93140E-05  7.54400E-06  4.44000E-06  2.89800E-06  2.25600E-06  0.000182000  0.000143200  1.17400E-05  0.000107400
957.0  2.39830E-05  7.26800E-06  4.38750E-06  3.03600E-06  2.18200E-06  0.000185000  0.000141900  1.19300E-05  0.000105800
958.0  1.86520E-05  6.99200E-06  4.33500E-06  3.17400E-06  2.10800E-06  0.000188000  0.000140600  1.21200E-05  0.000104200
959.0  1.33210E-05  6.71600E-06  4.28250E-06  3.31200E-06  2.03400E-06  0.000191000  0.000139300  1.23100E-05  0.000102600
960.0  7.99000E-06  6.44000E-06  4.23000E-06  3.45000E-06  1.96000E-06  0.000194000  0.000138000  1.25000E-05  0.000101000
961.0  7.45700E-06  6.25600E-06  4.07100E-06  3.48500E-06  1.91100E-06  0.000184800  0.000135800  1.18280E-05  0.000113500
962.0  6.92400E-06  6.07200E-06  3.91200E-06  3.52000E-06  1.86200E-06  0.000175600  0.000133600  1.11560E-05  0.000126000
963.0  6.39100E-06  5.88800E-06  3.75300E-06  3.55500E-06  1.81300E-06  0.000166400  0.000131400  1.04840E-05  0.000138500
964.0  5.85800E-06  5.70400E-06  3.59400E-06  3.59000E-06  1.76400E-06  0.000157200  0.000129200  9.81200E-06  0.000151000
965.0  5.32500E-06  5.52000E-06  3.43500E-06  3.62500E-06  1.71500E-06  0.000148000  0.000127000  9.14000E-06  0.000163500
966.0  4.79200E-06  5.33600E-06  3.27600E-06  3.66000E-06  1.66600E-06  0.000138800  0.000124800  8.46800E-06  0.000176000
967.0  4.25900E-06  5.15200E-06  3.11700E-06  3.69500E-06  1.61700E-06  0.000129600  0.000122600  7.79600E-06  0.000188500
968.0  3.72600E-06  4.96800E-06  2.95800E-06  3.73000E-06  1.56800E-06  0.000120400  0.000120400  7.12400E-06  0.000201000
969.0  3.19300E-06  4.78400E-06  2.79900E-06  3.76500E-06  1.51900E-06  0.000111200  0.000118200  6.45200E-06  0.000213500
970.0  2.66000E-06  4.60000E-06  2.64000E-06  3.80000E-06  1.47000E-06  0.000102000  0.000116000  5.78000E-06  0.000226000
971.0  6.39400E-06  4.66133E-06  2.58700E-06  3.66200E-06  1.44600E-06  0.000100490  0.000114400  6.17300E-06  0.000235200
972.0  1.01280E-05  4.72267E-06  2.53400E-06  3.52400E-06  1.42200E-06  9.89800E-05  0.000112800  6.56600E-06  0.000244400
973.0  1.38620E-05  4.78400E-06  2.48100E-06  3.38600E-06  1.39800E-06  9.74700E-05  0.000111200  6.95900E-06  0.000253600
974.0  1.75960E-05  4.84533E-06  2.42800E-06  3.24800E-06  1.37400E-06  9.59600E-05  0.000109600  7.35200E-06  0.000262800
975.0  2.13300E-05  4.90667E-06  2.37500E-06  3.11000E-06  1.35000E-06  9.44500E-05  0.000108000  7.74500E-06  0.000272000
976.0  2.50640E-05  4.96800E-06  2.32200E-06  2.97200E-06  1.32600E-06  9.29400E-05  0.000106400  8.13800E-06  0.000281200
977.0  2.87980E-05  5.02933E-06  2.26900E-06  2.83400E-06  1.30200E-06  9.14300E-05  0.000104800  8.53100E-06  0.000290400
978.0  3.25320E-05  5.09067E-06  2.21600E-06  2.69600E-06  1.27800E-06  8.99200E-05  0.000103200  8.92400E-06  0.000299600
979.0  3.62660E-05  5.15200E-06  2.16300E-06  2.55800E-06  1.25400E-06  8.84100E-05  0.000101600  9.31700E-06  0.000308800
980.0  4.00000E-05  5.21333E-06  2.11000E-06  2.42000E-06  1.23000E-06  8.69000E-05  1.00000E-04  9.71000E-06  0.000318000
981.0  3.97300E-05  5.27467E-06  2.48000E-06  2.55800E-06  1.37700E-06  8.83100E-05  9.86900E-05  9.20100E-06  0.000304500
982.0  3.94600E-05  5.33600E-06  2.85000E-06  2.69600E-06  1.52400E-06  8.97200E-05  9.73800E-05  8.69200E-06  0.000291000
983.0  3.91900E-05  5.39733E-06  3.22000E-06  2.83400E-06  1.67100E-06  9.11300E-05  9.60700E-05  8.18300E-06  0.000277500
984.0  3.89200E-05  5.45867E-06  3.59000E-06  2.97200E-06  1.81800E-06  9.25400E-05  9.47600E-05  7.67400E-06  0.000264000
985.0  3.86500E-05  5.52000E-06  3.96000E-06  3.11000E-06  1.96500E-06  9.39500E-05  9.34500E-05  7.16500E-06  0.000250500
986.0  3.83800E-05  5.58133E-06  4.33000E-06  3.24800E-06  2.11200E-06  9.53600E-05  9.21400E-05  6.65600E-06  0.000237000
987.0  3.81100E-05  5.64267E-06  4.70000E-06  3.38600E-06  2.25900E-06  9.67700E-05  9.08300E-05  6.14700E-06  0.000223500
988.0  3.78400E-05  5.70400E-06  5.07000E-06  3.52400E-06  2.40600E-06  9.81800E-05  8.95200E-05  5.63800E-06  0.000210000
989.0  3.75700E-05  5.76533E-06  5.44000E-06  3.66200E-06  2.55300E-06  9.95900E-05  8.82100E-05  5.12900E-06  0.000196500
990.0  3.73000E-05  5.82667E-06  5.81000E-06  3.80000E-06  2.70000E-06  0.000101000  8.69000E-05  4.62000E-06  0.000183000
991.0  3.99600E-05  5.88800E-06  5.33500E-06  3.52400E-06  2.77400E-06  0.000107000  8.68000E-05  4.92100E-06  0.000180400
992.0  4.26200E-05  5.94933E-06  4.86000E-06  3.24800E-06  2.84800E-06  0.000113000  8.67000E-05  5.22200E-06  0.000177800
993.0  4.52800E-05  6.01067E-06  4.38500E-06  2.97200E-06  2.92200E-06  0.000119000  8.66000E-05  5.52300E-06  0.000175200
994.0  4.79400E-05  6.07200E-06  3.91000E-06  2.69600E-06  2.99600E-06  0.000125000  8.65000E-05  5.82400E-06  0.000172600
995.0  5.06000E-05  6.13333E-06  3.43500E-06  2.42000E-06  3.07000E-06  0.000131000  8.64000E-05  6.12500E-06  0.000170000
996.0  5.32600E-05  6.19467E-06  2.96000E-06  2.14400E-06  3.14400E-06  0.000137000  8.63000E-05  6.42600E-06  0.000167400
997.0  5.59200E-05  6.25600E-06  2.48500E-06  1.86800E-06  3.21800E-06  0.000143000  8.62000E-05  6.72700E-06  0.000164800
998.0  5.85800E-05  6.31733E-06  2.01000E-06  1.59200E-06  3.29200E-06  0.000149000  8.61000E-05  7.02800E-06  0.000162200
999.0  6.12400E-05  6.37867E-06  1.53500E-06  1.31600E-06  3.36600E-06  0.000155000  8.60000E-05  7.32900E-06  0.000159600
1000.0  6.39000E-05  6.44000E-06  1.06000E-06  1.04000E-06  3.44000E-06  0.000161000  8.59000E-05  7.63000E-06  0.000157000
1001.0  6.09700E-05  6.44000E-06  1.06000E-06  1.14300E-06  3.51400E-06  0.000149360  8.27300E-05  7.45650E-06  0.000160200
1002.0  5.80400E-05  6.44000E-06  1.06000E-06  1.24600E-06  3.58800E-06  0.000137720  7.95600E-05  7.28300E-06  0.000163400
1003.0  5.51100E-05  6.44000E-06  1.06000E-06  1.34900E-06  3.66200E-06  0.000126080  7.63900E-05  7.10950E-06  0.000166600
1004.0  5.21800E-05  6.44000E-06  1.06000E-06  1.45200E-06  3.73600E-06  0.000114440  7.32200E-05  6.93600E-06  0.000169800
1005.0  4.92500E-05  6.44000E-06  1.06000E-06  1.55500E-06  3.81000E-06  0.000102800  7.00500E-05  6.76250E-06  0.000173000
1006.0  4.63200E-05  6.44000E-06  1.06000E-06  1.65800E-06  3.88400E-06  9.11600E-05  6.68800E-05  6.58900E-06  0.000176200
1007.0  4.33900E-05  6.44000E-06  1.06000E-06  1.76100E-06  3.95800E-06  7.95200E-05  6.37100E-05  6.41550E-06  0.000179400
1008.0  4.04600E-05  6.44000E-06  1.06000E-06  1.86400E-06  4.03200E-06  6.78800E-05  6.05400E-05  6.24200E-06  0.000182600
1009.0  3.75300E-05  6.44000E-06  1.06000E-06  1.96700E-06  4.10600E-06  5.62400E-05  5.73700E-05  6.06850E-06  0.000185800
1010.0  3.46000E-05  6.44000E-06  1.06000E-06  2.07000E-06  4.18000E-06  4.46000E-05  5.42000E-05  5.89500E-06  0.000189000
1011.0  3.51400E-05  7.54600E-06  1.74700E-06  2.13900E-06  4.15500E-06  4.41000E-05  5.41500E-05  5.72150E-06  0.000208700
1012.0  3.56800E-05  8.65200E-06  2.43400E-06  2.20800E-06  4.13000E-06  4.36000E-05  5.41000E-05  5.54800E-06  0.000228400
1013.0  3.62200E-05  9.75800E-06  3.12100E-06  2.27700E-06  4.10500E-06  4.31000E-05  5.40500E-05  5.37450E-06  0.000248100
1014.0  3.67600E-05  1.08640E-05  3.80800E-06  2.34600E-06  4.08000E-06  4.26000E-05  5.40000E-05  5.20100E-06  0.000267800
1015.0  3.73000E-05  1.19700E-05  4.49500E-06  2.41500E-06  4.05500E-06  4.21000E-05  5.39500E-05  5.02750E-06  0.000287500
1016.0  3.78400E-05  1.30760E-05  5.18200E-06  2.48400E-06  4.03000E-06  4.16000E-05  5.39000E-05  4.85400E-06  0.000307200
1017.0  3.83800E-05  1.41820E-05  5.86900E-06  2.55300E-06  4.00500E-06  4.11000E-05  5.38500E-05  4.68050E-06  0.000326900
1018.0  3.89200E-05  1.52880E-05  6.55600E-06  2.62200E-06  3.98000E-06  4.06000E-05  5.38000E-05  4.50700E-06  0.000346600
1019.0  3.94600E-05  1.63940E-05  7.24300E-06  2.69100E-06  3.95500E-06  4.01000E-05  5.37500E-05  4.33350E-06  0.000366300
1020.0  4.00000E-05  1.75000E-05  7.93000E-06  2.76000E-06  3.93000E-06  3.96000E-05  5.37000E-05  4.16000E-06  0.000386000
1021.0  3.90650E-05  1.63940E-05  7.93000E-06  2.58800E-06  3.81950E-06  4.88400E-05  5.61700E-05  4.25250E-06  0.000367100
1022.0  3.81300E-05  1.52880E-05  7.93000E-06  2.41600E-06  3.70900E-06  5.80800E-05  5.86400E-05  4.34500E-06  0.000348200
1023.0  3.71950E-05  1.41820E-05  7.93000E-06  2.24400E-06  3.59850E-06  6.73200E-05  6.11100E-05  4.43750E-06  0.000329300
1024.0  3.62600E-05  1.30760E-05  7.93000E-06  2.07200E-06  3.48800E-06  7.65600E-05  6.35800E-05  4.53000E-06  0.000310400
1025.0  3.53250E-05  1.19700E-05  7.93000E-06  1.90000E-06  3.37750E-06  8.58000E-05  6.60500E-05  4.62250E-06  0.000291500
1026.0  3.43900E-05  1.08640E-05  7.93000E-06  1.72800E-06  3.26700E-06  9.50400E-05  6.85200E-05  4.71500E-06  0.000272600
1027.0  3.34550E-05  9.75800E-06  7.93000E-06  1.55600E-06  3.15650E-06  0.000104280  7.09900E-05  4.80750E-06  0.000253700
1028.0  3.25200E-05  8.65200E-06  7.93000E-06  1.38400E-06  3.04600E-06  0.000113520  7.34600E-05  4.90000E-06  0.000234800
1029.0  3.15850E-05  7.54600E-06  7.93000E-06  1.21200E-06  2.93550E-06  0.000122760  7.59300E-05  4.99250E-06  0.000215900
1030.0  3.06500E-05  6.44000E-06  7.93000E-06  1.04000E-06  2.82500E-06  0.000132000  7.84000E-05  5.08500E-06  0.000197000
1031.0  2.97150E-05  6.44000E-06  7.93000E-06  1.38500E-06  2.71450E-06  0.000121490  7.50100E-05  5.17750E-06  0.000212300
1032.0  2.87800E-05  6.44000E-06  7.93000E-06  1.73000E-06  2.60400E-06  0.000110980  7.16200E-05  5.27000E-06  0.000227600
1033.0  2.78450E-05  6.44000E-06  7.93000E-06  2.07500E-06  2.49350E-06  0.000100470  6.82300E-05  5.36250E-06  0.000242900
1034.0  2.69100E-05  6.44000E-06  7.93000E-06  2.42000E-06  2.38300E-06  8.99600E-05  6.48400E-05  5.45500E-06  0.000258200
1035.0  2.59750E-05  6.44000E-06  7.93000E-06  2.76500E-06  2.27250E-06  7.94500E-05  6.14500E-05  5.54750E-06  0.000273500
1036.0  2.50400E-05  6.44000E-06  7.93000E-06  3.11000E-06  2.16200E-06  6.89400E-05  5.80600E-05  5.64000E-06  0.000288800
1037.0  2.41050E-05  6.44000E-06  7.93000E-06  3.45500E-06  2.05150E-06  5.84300E-05  5.46700E-05  5.73250E-06  0.000304100
1038.0  2.31700E-05  6.44000E-06  7.93000E-06  3.80000E-06  1.94100E-06  4.79200E-05  5.12800E-05  5.82500E-06  0.000319400
1039.0  2.22350E-05  6.44000E-06  7.93000E-06  4.14500E-06  1.83050E-06  3.74100E-05  4.78900E-05  5.91750E-06  0.000334700
1040.0  2.13000E-05  6.44000E-06  7.93000E-06  4.49000E-06  1.72000E-06  2.69000E-05  4.45000E-05  6.01000E-06  0.000350000
1041.0  2.61000E-05  6.62400E-06  7.56000E-06  4.45500E-06  1.89200E-06  2.55700E-05  4.44300E-05  5.61700E-06  0.000335900
1042.0  3.09000E-05  6.80800E-06  7.19000E-06  4.42000E-06  2.06400E-06  2.42400E-05  4.43600E-05  5.22400E-06  0.000321800
1043.0  3.57000E-05  6.99200E-06  6.82000E-06  4.38500E-06  2.23600E-06  2.29100E-05  4.42900E-05  4.83100E-06  0.000307700
1044.0  4.05000E-05  7.17600E-06  6.45000E-06  4.35000E-06  2.40800E-06  2.15800E-05  4.42200E-05  4.43800E-06  0.000293600
1045.0  4.53000E-05  7.36000E-06  6.08000E-06  4.31500E-06  2.58000E-06  2.02500E-05  4.41500E-05  4.04500E-06  0.000279500
1046.0  5.01000E-05  7.54400E-06  5.71000E-06  4.28000E-06  2.75200E-06  1.89200E-05  4.40800E-05  3.65200E-06  0.000265400
1047.0  5.49000E-05  7.72800E-06  5.34000E-06  4.24500E-06  2.92400E-06  1.75900E-05  4.40100E-05  3.25900E-06  0.000251300
1048.0  5.97000E-05  7.91200E-06  4.97000E-06  4.21000E-06  3.09600E-06  1.62600E-05  4.39400E-05  2.86600E-06  0.000237200
1049.0  6.45000E-05  8.09600E-06  4.60000E-06  4.17500E-06  3.26800E-06  1.49300E-05  4.38700E-05  2.47300E-06  0.000223100
1050.0  6.93000E-05  8.28000E-06  4.23000E-06  4.14000E-06  3.44000E-06  1.36000E-05  4.38000E-05  2.08000E-06  0.000209000
1051.0  6.67650E-05  8.37200E-06  4.17700E-06  3.93300E-06  3.61200E-06  1.34200E-05  5.63200E-05  2.79700E-06  0.000203200
1052.0  6.42300E-05  8.46400E-06  4.12400E-06  3.72600E-06  3.78400E-06  1.32400E-05  6.88400E-05  3.51400E-06  0.000197400
1053.0  6.16950E-05  8.55600E-06  4.07100E-06  3.51900E-06  3.95600E-06  1.30600E-05  8.13600E-05  4.23100E-06  0.000191600
1054.0  5.91600E-05  8.64800E-06  4.01800E-06  3.31200E-06  4.12800E-06  1.28800E-05  9.38800E-05  4.94800E-06  0.000185800
1055.0  5.66250E-05  8.74000E-06  3.96500E-06  3.10500E-06  4.30000E-06  1.27000E-05  0.000106400  5.66500E-06  0.000180000
1056.0  5.40900E-05  8.83200E-06  3.91200E-06  2.89800E-06  4.47200E-06  1.25200E-05  0.000118920  6.38200E-06  0.000174200
1057.0  5.15550E-05  8.92400E-06  3.85900E-06  2.69100E-06  4.64400E-06  1.23400E-05  0.000131440  7.09900E-06  0.000168400
1058.0  4.90200E-05  9.01600E-06  3.80600E-06  2.48400E-06  4.81600E-06  1.21600E-05  0.000143960  7.81600E-06  0.000162600
1059.0  4.64850E-05  9.10800E-06  3.75300E-06  2.27700E-06  4.98800E-06  1.19800E-05  0.000156480  8.53300E-06  0.000156800
1060.0  4.39500E-05  9.20000E-06  3.70000E-06  2.07000E-06  5.16000E-06  1.18000E-05  0.000169000  9.25000E-06  0.000151000
1061.0  4.14150E-05  8.87800E-06  3.85800E-06  2.00100E-06  4.84000E-06  1.21900E-05  0.000153600  9.01900E-06  0.000147600
1062.0  3.88800E-05  8.55600E-06  4.01600E-06  1.93200E-06  4.52000E-06  1.25800E-05  0.000138200  8.78800E-06  0.000144200
1063.0  3.63450E-05  8.23400E-06  4.17400E-06  1.86300E-06  4.20000E-06  1.29700E-05  0.000122800  8.55700E-06  0.000140800
1064.0  3.38100E-05  7.91200E-06  4.33200E-06  1.79400E-06  3.88000E-06  1.33600E-05  0.000107400  8.32600E-06  0.000137400
1065.0  3.12750E-05  7.59000E-06  4.49000E-06  1.72500E-06  3.56000E-06  1.37500E-05  9.20000E-05  8.09500E-06  0.000134000
1066.0  2.87400E-05  7.26800E-06  4.64800E-06  1.65600E-06  3.24000E-06  1.41400E-05  7.66000E-05  7.86400E-06  0.000130600
1067.0  2.62050E-05  6.94600E-06  4.80600E-06  1.58700E-06  2.92000E-06  1.45300E-05  6.12000E-05  7.63300E-06  0.000127200
1068.0  2.36700E-05  6.62400E-06  4.96400E-06  1.51800E-06  2.60000E-06  1.49200E-05  4.58000E-05  7.40200E-06  0.000123800
1069.0  2.11350E-05  6.30200E-06  5.12200E-06  1.44900E-06  2.28000E-06  1.53100E-05  3.04000E-05  7.17100E-06  0.000120400
1070.0  1.86000E-05  5.98000E-06  5.28000E-06  1.38000E-06  1.96000E-06  1.57000E-05  1.50000E-05  6.94000E-06  0.000117000
1071.0  1.80700E-05  5.65800E-06  5.09550E-06  1.48400E-06  1.91100E-06  1.51900E-05  1.45600E-05  6.38500E-06  0.000123900
1072.0  1.75400E-05  5.33600E-06  4.91100E-06  1.58800E-06  1.86200E-06  1.46800E-05  1.41200E-05  5.83000E-06  0.000130800
1073.0  1.70100E-05  5.01400E-06  4.72650E-06  1.69200E-06  1.81300E-06  1.41700E-05  1.36800E-05  5.27500E-06  0.000137700
1074.0  1.64800E-05  4.69200E-06  4.54200E-06  1.79600E-06  1.76400E-06  1.36600E-05  1.32400E-05  4.72000E-06  0.000144600
1075.0  1.59500E-05  4.37000E-06  4.35750E-06  1.90000E-06  1.71500E-06  1.31500E-05  1.28000E-05  4.16500E-06  0.000151500
1076.0  1.54200E-05  4.04800E-06  4.17300E-06  2.00400E-06  1.66600E-06  1.26400E-05  1.23600E-05  3.61000E-06  0.000158400
1077.0  1.48900E-05  3.72600E-06  3.98850E-06  2.10800E-06  1.61700E-06  1.21300E-05  1.19200E-05  3.05500E-06  0.000165300
1078.0  1.43600E-05  3.40400E-06  3.80400E-06  2.21200E-06  1.56800E-06  1.16200E-05  1.14800E-05  2.50000E-06  0.000172200
1079.0  1.38300E-05  3.08200E-06  3.61950E-06  2.31600E-06  1.51900E-06  1.11100E-05  1.10400E-05  1.94500E-06  0.000179100
1080.0  1.33000E-05  2.76000E-06  3.43500E-06  2.42000E-06  1.47000E-06  1.06000E-05  1.06000E-05  1.39000E-06  0.000186000
1081.0  1.25030E-05  3.86400E-06  3.25050E-06  2.28200E-06  1.76500E-06  1.06600E-05  1.06500E-05  1.73600E-06  0.000197500
1082.0  1.17060E-05  4.96800E-06  3.06600E-06  2.14400E-06  2.06000E-06  1.07200E-05  1.07000E-05  2.08200E-06  0.000209000
1083.0  1.09090E-05  6.07200E-06  2.88150E-06  2.00600E-06  2.35500E-06  1.07800E-05  1.07500E-05  2.42800E-06  0.000220500
1084.0  1.01120E-05  7.17600E-06  2.69700E-06  1.86800E-06  2.65000E-06  1.08400E-05  1.08000E-05  2.77400E-06  0.000232000
1085.0  9.31500E-06  8.28000E-06  2.51250E-06  1.73000E-06  2.94500E-06  1.09000E-05  1.08500E-05  3.12000E-06  0.000243500
1086.0  8.51800E-06  9.38400E-06  2.32800E-06  1.59200E-06  3.24000E-06  1.09600E-05  1.09000E-05  3.46600E-06  0.000255000
1087.0  7.72100E-06  1.04880E-05  2.14350E-06  1.45400E-06  3.53500E-06  1.10200E-05  1.09500E-05  3.81200E-06  0.000266500
1088.0  6.92400E-06  1.15920E-05  1.95900E-06  1.31600E-06  3.83000E-06  1.10800E-05  1.10000E-05  4.15800E-06  0.000278000
1089.0  6.12700E-06  1.26960E-05  1.77450E-06  1.17800E-06  4.12500E-06  1.11400E-05  1.10500E-05  4.50400E-06  0.000289500
1090.0  5.33000E-06  1.38000E-05  1.59000E-06  1.04000E-06  4.42000E-06  1.12000E-05  1.11000E-05  4.85000E-06  0.000301000
1091.0  6.39700E-06  1.28800E-05  1.59000E-06  1.04000E-06  4.34600E-06  1.15900E-05  1.20700E-05  5.05900E-06  0.000282600
1092.0  7.46400E-06  1.19600E-05  1.59000E-06  1.04000E-06  4.27200E-06  1.19800E-05  1.30400E-05  5.26800E-06  0.000264200
1093.0  8.53100E-06  1.10400E-05  1.59000E-06  1.04000E-06  4.19800E-06  1.23700E-05  1.40100E-05  5.47700E-06  0.000245800
1094.0  9.59800E-06  1.01200E-05  1.59000E-06  1.04000E-06  4.12400E-06  1.27600E-05  1.49800E-05  5.68600E-06  0.000227400
1095.0  1.06650E-05  9.20000E-06  1.59000E-06  1.04000E-06  4.05000E-06  1.31500E-05  1.59500E-05  5.89500E-06  0.000209000
1096.0  1.17320E-05  8.28000E-06  1.59000E-06  1.04000E-06  3.97600E-06  1.35400E-05  1.69200E-05  6.10400E-06  0.000190600
1097.0  1.27990E-05  7.36000E-06  1.59000E-06  1.04000E-06  3.90200E-06  1.39300E-05  1.78900E-05  6.31300E-06  0.000172200
1098.0  1.38660E-05  6.44000E-06  1.59000E-06  1.04000E-06  3.82800E-06  1.43200E-05  1.88600E-05  6.52200E-06  0.000153800
1099.0  1.49330E-05  5.52000E-06  1.59000E-06  1.04000E-06  3.75400E-06  1.47100E-05  1.98300E-05  6.73100E-06  0.000135400
1100.0  1.60000E-05  4.60000E-06  1.59000E-06  1.04000E-06  3.68000E-06  1.51000E-05  2.08000E-05  6.94000E-06  0.000117000
