/begin_header
/missing=-999
!
! Spectral response functions for MODIS Aqua bands 1 - 7 (detector averaged) based on values from MCST
! wavlength range 380 - 2199nm
!
/delimiter=space
/fields=wavelength,RSR1,RSR2,RSR3,RSR4,RSR5,RSR6,RSR7
/end_header
380 -999 -999 -999 -999 -999 -999 -999 
381 -999 -999 -999 -999 -999 -999 -999
382 -999 -999 -999 -999 -999 -999 -999
383 -999 -999 -999 -999 -999 -999 -999
384 -999 -999 -999 -999 -999 -999 -999
385 -999 -999 -999 -999 -999 -999 -999
386 -999 -999 -999 -999 -999 -999 -999
387 -999 -999 -999 -999 -999 -999 -999
388 -999 -999 -999 -999 -999 -999 -999
389 -999 -999 -999 -999 -999 -999 -999
390 -999 -999 -999 -999 -999 -999 -999
391 -999 -999 -999 -999 -999 -999 -999
392 -999 -999 -999 -999 -999 -999 -999
393 -999 -999 -999 -999 -999 -999 -999
394 -999 -999 -999 -999 -999 -999 -999
395 -999 -999 -999 -999 -999 -999 -999
396 -999 -999 -999 -999 -999 -999 -999
397 -999 -999 -999 -999 -999 -999 -999
398 -999 -999 -999 -999 -999 -999 -999
399 -999 -999 -999 -999 -999 -999 -999
400 -999 -999 -999 -999 -999 -999 -999
401 -999 -999 -999 -999 -999 -999 -999
402 -999 -999 -999 -999 -999 -999 -999
403 -999 -999 -999 -999 -999 -999 -999
404 -999 -999 -999 -999 -999 -999 -999
405 -999 -999 -999 -999 -999 -999 -999
406 -999 -999 -999 -999 -999 -999 -999
407 -999 -999 -999 -999 -999 -999 -999
408 -999 -999 -999 -999 -999 -999 -999
409 -999 -999 -999 -999 -999 -999 -999
410 -999 -999 -999 -999 -999 -999 -999
411 -999 -999 -999 -999 -999 -999 -999
412 -999 -999 -999 -999 -999 -999 -999
413 -999 -999 -999 -999 -999 -999 -999
414 -999 -999 -999 -999 -999 -999 -999
415 -999 -999 -999 -999 -999 -999 -999
416 -999 -999 -999 -999 -999 -999 -999
417 -999 -999 -999 -999 -999 -999 -999
418 -999 -999 -999 -999 -999 -999 -999
419 -999 -999 -999 -999 -999 -999 -999
420 -999 -999 -999 -999 -999 -999 -999
421 -999 -999 -999 -999 -999 -999 -999
422 -999 -999 -999 -999 -999 -999 -999
423 -999 -999 -999 -999 -999 -999 -999
424 -999 -999 -999 -999 -999 -999 -999
425 -999 -999 -999 -999 -999 -999 -999
426 -999 -999 -999 -999 -999 -999 -999
427 -999 -999 -999 -999 -999 -999 -999
428 -999 -999 -999 -999 -999 -999 -999
429 -999 -999 -999 -999 -999 -999 -999
430 -999 -999 -999 -999 -999 -999 -999
431 -999 -999 -999 -999 -999 -999 -999
432 -999 -999 -999 -999 -999 -999 -999
433 -999 -999 -999 -999 -999 -999 -999
434 -999 -999 -999 -999 -999 -999 -999
435 -999 -999 -999 -999 -999 -999 -999
436 -999 -999 -999 -999 -999 -999 -999
437 -999 -999 -999 -999 -999 -999 -999
438 -999 -999 -999 -999 -999 -999 -999
439 -999 -999 -999 -999 -999 -999 -999
440 -999 -999 -999 -999 -999 -999 -999
441 -999 -999 -999 -999 -999 -999 -999
442 -999 -999 -999 -999 -999 -999 -999
443 -999 -999 -999 -999 -999 -999 -999
444 -999 -999 -999 -999 -999 -999 -999
445 -999 -999 -999 -999 -999 -999 -999
446 -999 -999 -999 -999 -999 -999 -999
447 -999 -999 -999 -999 -999 -999 -999
448 -999 -999 -999 -999 -999 -999 -999
449 -999 -999 -999 -999 -999 -999 -999
450 -999 -999 -999 -999 -999 -999 -999
451 -999 -999 -999 -999 -999 -999 -999
452 -999 -999 0.0162 -999 -999 -999 -999
453 -999 -999 0.03811 -999 -999 -999 -999
454 -999 -999 0.09152 -999 -999 -999 -999
455 -999 -999 0.19656 -999 -999 -999 -999
456 -999 -999 0.36074 -999 -999 -999 -999
457 -999 -999 0.56673 -999 -999 -999 -999
458 -999 -999 0.76415 -999 -999 -999 -999
459 -999 -999 0.91403 -999 -999 -999 -999
460 -999 -999 0.98628 -999 -999 -999 -999
461 -999 -999 0.9994 -999 -999 -999 -999
462 -999 -999 0.96375 -999 -999 -999 -999
463 -999 -999 0.9103 -999 -999 -999 -999
464 -999 -999 0.86804 -999 -999 -999 -999
465 -999 -999 0.85392 -999 -999 -999 -999
466 -999 -999 0.8574 -999 -999 -999 -999
467 -999 -999 0.8663 -999 -999 -999 -999
468 -999 -999 0.8814 -999 -999 -999 -999
469 -999 -999 0.9054 -999 -999 -999 -999
470 -999 -999 0.92127 -999 -999 -999 -999
471 -999 -999 0.91911 -999 -999 -999 -999
472 -999 -999 0.88962 -999 -999 -999 -999
473 -999 -999 0.82768 -999 -999 -999 -999
474 -999 -999 0.72468 -999 -999 -999 -999
475 -999 -999 0.59029 -999 -999 -999 -999
476 -999 -999 0.43109 -999 -999 -999 -999
477 -999 -999 0.27701 -999 -999 -999 -999
478 -999 -999 0.15092 -999 -999 -999 -999
479 -999 -999 0.07036 -999 -999 -999 -999
480 -999 -999 0.02998 -999 -999 -999 -999
481 -999 -999 0.01299 -999 -999 -999 -999
482 -999 -999 -999 -999 -999 -999 -999
483 -999 -999 -999 -999 -999 -999 -999
484 -999 -999 -999 -999 -999 -999 -999
485 -999 -999 -999 -999 -999 -999 -999
486 -999 -999 -999 -999 -999 -999 -999
487 -999 -999 -999 -999 -999 -999 -999
488 -999 -999 -999 -999 -999 -999 -999
489 -999 -999 -999 -999 -999 -999 -999
490 -999 -999 -999 -999 -999 -999 -999
491 -999 -999 -999 -999 -999 -999 -999
492 -999 -999 -999 -999 -999 -999 -999
493 -999 -999 -999 -999 -999 -999 -999
494 -999 -999 -999 -999 -999 -999 -999
495 -999 -999 -999 -999 -999 -999 -999
496 -999 -999 -999 -999 -999 -999 -999
497 -999 -999 -999 -999 -999 -999 -999
498 -999 -999 -999 -999 -999 -999 -999
499 -999 -999 -999 -999 -999 -999 -999
500 -999 -999 -999 -999 -999 -999 -999
501 -999 -999 -999 -999 -999 -999 -999
502 -999 -999 -999 -999 -999 -999 -999
503 -999 -999 -999 -999 -999 -999 -999
504 -999 -999 -999 -999 -999 -999 -999
505 -999 -999 -999 -999 -999 -999 -999
506 -999 -999 -999 -999 -999 -999 -999
507 -999 -999 -999 -999 -999 -999 -999
508 -999 -999 -999 -999 -999 -999 -999
509 -999 -999 -999 -999 -999 -999 -999
510 -999 -999 -999 -999 -999 -999 -999
511 -999 -999 -999 -999 -999 -999 -999
512 -999 -999 -999 -999 -999 -999 -999
513 -999 -999 -999 -999 -999 -999 -999
514 -999 -999 -999 -999 -999 -999 -999
515 -999 -999 -999 -999 -999 -999 -999
516 -999 -999 -999 -999 -999 -999 -999
517 -999 -999 -999 -999 -999 -999 -999
518 -999 -999 -999 -999 -999 -999 -999
519 -999 -999 -999 -999 -999 -999 -999
520 -999 -999 -999 -999 -999 -999 -999
521 -999 -999 -999 -999 -999 -999 -999
522 -999 -999 -999 -999 -999 -999 -999
523 -999 -999 -999 -999 -999 -999 -999
524 -999 -999 -999 -999 -999 -999 -999
525 -999 -999 -999 -999 -999 -999 -999
526 -999 -999 -999 -999 -999 -999 -999
527 -999 -999 -999 -999 -999 -999 -999
528 -999 -999 -999 -999 -999 -999 -999
529 -999 -999 -999 -999 -999 -999 -999
530 -999 -999 -999 -999 -999 -999 -999
531 -999 -999 -999 -999 -999 -999 -999
532 -999 -999 -999 -999 -999 -999 -999
533 -999 -999 -999 -999 -999 -999 -999
534 -999 -999 -999 -999 -999 -999 -999
535 -999 -999 -999 -999 -999 -999 -999
536 -999 -999 -999 -999 -999 -999 -999
537 -999 -999 -999 -999 -999 -999 -999
538 -999 -999 -999 -999 -999 -999 -999
539 -999 -999 -999 0.01633 -999 -999 -999
540 -999 -999 -999 0.04011 -999 -999 -999
541 -999 -999 -999 0.09007 -999 -999 -999
542 -999 -999 -999 0.17839 -999 -999 -999
543 -999 -999 -999 0.30928 -999 -999 -999
544 -999 -999 -999 0.47299 -999 -999 -999
545 -999 -999 -999 0.65195 -999 -999 -999
546 -999 -999 -999 0.80749 -999 -999 -999
547 -999 -999 -999 0.91824 -999 -999 -999
548 -999 -999 -999 0.97327 -999 -999 -999
549 -999 -999 -999 0.99081 -999 -999 -999
550 -999 -999 -999 0.99606 -999 -999 -999
551 -999 -999 -999 0.99969 -999 -999 -999
552 -999 -999 -999 0.99433 -999 -999 -999
553 -999 -999 -999 0.98695 -999 -999 -999
554 -999 -999 -999 0.98603 -999 -999 -999
555 -999 -999 -999 0.98572 -999 -999 -999
556 -999 -999 -999 0.98405 -999 -999 -999
557 -999 -999 -999 0.98085 -999 -999 -999
558 -999 -999 -999 0.97582 -999 -999 -999
559 -999 -999 -999 0.96046 -999 -999 -999
560 -999 -999 -999 0.9321 -999 -999 -999
561 -999 -999 -999 0.87025 -999 -999 -999
562 -999 -999 -999 0.77134 -999 -999 -999
563 -999 -999 -999 0.64028 -999 -999 -999
564 -999 -999 -999 0.48469 -999 -999 -999
565 -999 -999 -999 0.31567 -999 -999 -999
566 -999 -999 -999 0.17097 -999 -999 -999
567 -999 -999 -999 0.0752 -999 -999 -999
568 -999 -999 -999 0.02839 -999 -999 -999
569 -999 -999 -999 0.01044 -999 -999 -999
570 -999 -999 -999 -999 -999 -999 -999
571 -999 -999 -999 -999 -999 -999 -999
572 -999 -999 -999 -999 -999 -999 -999
573 -999 -999 -999 -999 -999 -999 -999
574 -999 -999 -999 -999 -999 -999 -999
575 -999 -999 -999 -999 -999 -999 -999
576 -999 -999 -999 -999 -999 -999 -999
577 -999 -999 -999 -999 -999 -999 -999
578 -999 -999 -999 -999 -999 -999 -999
579 -999 -999 -999 -999 -999 -999 -999
580 -999 -999 -999 -999 -999 -999 -999
581 -999 -999 -999 -999 -999 -999 -999
582 -999 -999 -999 -999 -999 -999 -999
583 -999 -999 -999 -999 -999 -999 -999
584 -999 -999 -999 -999 -999 -999 -999
585 -999 -999 -999 -999 -999 -999 -999
586 -999 -999 -999 -999 -999 -999 -999
587 -999 -999 -999 -999 -999 -999 -999
588 -999 -999 -999 -999 -999 -999 -999
589 -999 -999 -999 -999 -999 -999 -999
590 -999 -999 -999 -999 -999 -999 -999
591 -999 -999 -999 -999 -999 -999 -999
592 -999 -999 -999 -999 -999 -999 -999
593 -999 -999 -999 -999 -999 -999 -999
594 -999 -999 -999 -999 -999 -999 -999
595 -999 -999 -999 -999 -999 -999 -999
596 -999 -999 -999 -999 -999 -999 -999
597 -999 -999 -999 -999 -999 -999 -999
598 -999 -999 -999 -999 -999 -999 -999
599 -999 -999 -999 -999 -999 -999 -999
600 -999 -999 -999 -999 -999 -999 -999
601 -999 -999 -999 -999 -999 -999 -999
602 -999 -999 -999 -999 -999 -999 -999
603 -999 -999 -999 -999 -999 -999 -999
604 -999 -999 -999 -999 -999 -999 -999
605 -999 -999 -999 -999 -999 -999 -999
606 -999 -999 -999 -999 -999 -999 -999
607 -999 -999 -999 -999 -999 -999 -999
608 -999 -999 -999 -999 -999 -999 -999
609 -999 -999 -999 -999 -999 -999 -999
610 -999 -999 -999 -999 -999 -999 -999
611 -999 -999 -999 -999 -999 -999 -999
612 -999 -999 -999 -999 -999 -999 -999
613 -999 -999 -999 -999 -999 -999 -999
614 0.01508 -999 -999 -999 -999 -999 -999
615 0.02807 -999 -999 -999 -999 -999 -999
616 0.07301 -999 -999 -999 -999 -999 -999
617 0.11795 -999 -999 -999 -999 -999 -999
618 0.17119 -999 -999 -999 -999 -999 -999
619 0.27389 -999 -999 -999 -999 -999 -999
620 0.37699 -999 -999 -999 -999 -999 -999
621 0.48296 -999 -999 -999 -999 -999 -999
622 0.58894 -999 -999 -999 -999 -999 -999
623 0.68603 -999 -999 -999 -999 -999 -999
624 0.73067 -999 -999 -999 -999 -999 -999
625 0.7699 -999 -999 -999 -999 -999 -999
626 0.77429 -999 -999 -999 -999 -999 -999
627 0.77869 -999 -999 -999 -999 -999 -999
628 0.78279 -999 -999 -999 -999 -999 -999
629 0.78493 -999 -999 -999 -999 -999 -999
630 0.78695 -999 -999 -999 -999 -999 -999
631 0.78829 -999 -999 -999 -999 -999 -999
632 0.78964 -999 -999 -999 -999 -999 -999
633 0.7912 -999 -999 -999 -999 -999 -999
634 0.79425 -999 -999 -999 -999 -999 -999
635 0.79757 -999 -999 -999 -999 -999 -999
636 0.80253 -999 -999 -999 -999 -999 -999
637 0.80749 -999 -999 -999 -999 -999 -999
638 0.81257 -999 -999 -999 -999 -999 -999
639 0.81831 -999 -999 -999 -999 -999 -999
640 0.82398 -999 -999 -999 -999 -999 -999
641 0.82923 -999 -999 -999 -999 -999 -999
642 0.83448 -999 -999 -999 -999 -999 -999
643 0.84021 -999 -999 -999 -999 -999 -999
644 0.8491 -999 -999 -999 -999 -999 -999
645 0.85865 -999 -999 -999 -999 -999 -999
646 0.8721 -999 -999 -999 -999 -999 -999
647 0.88555 -999 -999 -999 -999 -999 -999
648 0.89853 -999 -999 -999 -999 -999 -999
649 0.90855 -999 -999 -999 -999 -999 -999
650 0.91952 -999 -999 -999 -999 -999 -999
651 0.93715 -999 -999 -999 -999 -999 -999
652 0.95479 -999 -999 -999 -999 -999 -999
653 0.97171 -999 -999 -999 -999 -999 -999
654 0.98344 -999 -999 -999 -999 -999 -999
655 0.9938 -999 -999 -999 -999 -999 -999
656 0.99596 -999 -999 -999 -999 -999 -999
657 0.99813 -999 -999 -999 -999 -999 -999
658 0.99751 -999 -999 -999 -999 -999 -999
659 0.97905 -999 -999 -999 -999 -999 -999
660 0.95684 -999 -999 -999 -999 -999 -999
661 0.90751 -999 -999 -999 -999 -999 -999
662 0.85819 -999 -999 -999 -999 -999 -999
663 0.80985 -999 -999 -999 -999 -999 -999
664 0.76739 -999 -999 -999 -999 -999 -999
665 0.72271 -999 -999 -999 -999 -999 -999
666 0.66488 -999 -999 -999 -999 -999 -999
667 0.60704 -999 -999 -999 -999 -999 -999
668 0.54696 -999 -999 -999 -999 -999 -999
669 0.4727 -999 -999 -999 -999 -999 -999
670 0.39879 -999 -999 -999 -999 -999 -999
671 0.32717 -999 -999 -999 -999 -999 -999
672 0.25555 -999 -999 -999 -999 -999 -999
673 0.18746 -999 -999 -999 -999 -999 -999
674 0.14145 -999 -999 -999 -999 -999 -999
675 0.09847 -999 -999 -999 -999 -999 -999
676 0.07646 -999 -999 -999 -999 -999 -999
677 0.05446 -999 -999 -999 -999 -999 -999
678 0.034 -999 -999 -999 -999 -999 -999
679 0.02444 -999 -999 -999 -999 -999 -999
680 0.01564 -999 -999 -999 -999 -999 -999
681 0.01195 -999 -999 -999 -999 -999 -999
682 -999 -999 -999 -999 -999 -999 -999
683 -999 -999 -999 -999 -999 -999 -999
684 -999 -999 -999 -999 -999 -999 -999
685 -999 -999 -999 -999 -999 -999 -999
686 -999 -999 -999 -999 -999 -999 -999
687 -999 -999 -999 -999 -999 -999 -999
688 -999 -999 -999 -999 -999 -999 -999
689 -999 -999 -999 -999 -999 -999 -999
690 -999 -999 -999 -999 -999 -999 -999
691 -999 -999 -999 -999 -999 -999 -999
692 -999 -999 -999 -999 -999 -999 -999
693 -999 -999 -999 -999 -999 -999 -999
694 -999 -999 -999 -999 -999 -999 -999
695 -999 -999 -999 -999 -999 -999 -999
696 -999 -999 -999 -999 -999 -999 -999
697 -999 -999 -999 -999 -999 -999 -999
698 -999 -999 -999 -999 -999 -999 -999
699 -999 -999 -999 -999 -999 -999 -999
700 -999 -999 -999 -999 -999 -999 -999
701 -999 -999 -999 -999 -999 -999 -999
702 -999 -999 -999 -999 -999 -999 -999
703 -999 -999 -999 -999 -999 -999 -999
704 -999 -999 -999 -999 -999 -999 -999
705 -999 -999 -999 -999 -999 -999 -999
706 -999 -999 -999 -999 -999 -999 -999
707 -999 -999 -999 -999 -999 -999 -999
708 -999 -999 -999 -999 -999 -999 -999
709 -999 -999 -999 -999 -999 -999 -999
710 -999 -999 -999 -999 -999 -999 -999
711 -999 -999 -999 -999 -999 -999 -999
712 -999 -999 -999 -999 -999 -999 -999
713 -999 -999 -999 -999 -999 -999 -999
714 -999 -999 -999 -999 -999 -999 -999
715 -999 -999 -999 -999 -999 -999 -999
716 -999 -999 -999 -999 -999 -999 -999
717 -999 -999 -999 -999 -999 -999 -999
718 -999 -999 -999 -999 -999 -999 -999
719 -999 -999 -999 -999 -999 -999 -999
720 -999 -999 -999 -999 -999 -999 -999
721 -999 -999 -999 -999 -999 -999 -999
722 -999 -999 -999 -999 -999 -999 -999
723 -999 -999 -999 -999 -999 -999 -999
724 -999 -999 -999 -999 -999 -999 -999
725 -999 -999 -999 -999 -999 -999 -999
726 -999 -999 -999 -999 -999 -999 -999
727 -999 -999 -999 -999 -999 -999 -999
728 -999 -999 -999 -999 -999 -999 -999
729 -999 -999 -999 -999 -999 -999 -999
730 -999 -999 -999 -999 -999 -999 -999
731 -999 -999 -999 -999 -999 -999 -999
732 -999 -999 -999 -999 -999 -999 -999
733 -999 -999 -999 -999 -999 -999 -999
734 -999 -999 -999 -999 -999 -999 -999
735 -999 -999 -999 -999 -999 -999 -999
736 -999 -999 -999 -999 -999 -999 -999
737 -999 -999 -999 -999 -999 -999 -999
738 -999 -999 -999 -999 -999 -999 -999
739 -999 -999 -999 -999 -999 -999 -999
740 -999 -999 -999 -999 -999 -999 -999
741 -999 -999 -999 -999 -999 -999 -999
742 -999 -999 -999 -999 -999 -999 -999
743 -999 -999 -999 -999 -999 -999 -999
744 -999 -999 -999 -999 -999 -999 -999
745 -999 -999 -999 -999 -999 -999 -999
746 -999 -999 -999 -999 -999 -999 -999
747 -999 -999 -999 -999 -999 -999 -999
748 -999 -999 -999 -999 -999 -999 -999
749 -999 -999 -999 -999 -999 -999 -999
750 -999 -999 -999 -999 -999 -999 -999
751 -999 -999 -999 -999 -999 -999 -999
752 -999 -999 -999 -999 -999 -999 -999
753 -999 -999 -999 -999 -999 -999 -999
754 -999 -999 -999 -999 -999 -999 -999
755 -999 -999 -999 -999 -999 -999 -999
756 -999 -999 -999 -999 -999 -999 -999
757 -999 -999 -999 -999 -999 -999 -999
758 -999 -999 -999 -999 -999 -999 -999
759 -999 -999 -999 -999 -999 -999 -999
760 -999 -999 -999 -999 -999 -999 -999
761 -999 -999 -999 -999 -999 -999 -999
762 -999 -999 -999 -999 -999 -999 -999
763 -999 -999 -999 -999 -999 -999 -999
764 -999 -999 -999 -999 -999 -999 -999
765 -999 -999 -999 -999 -999 -999 -999
766 -999 -999 -999 -999 -999 -999 -999
767 -999 -999 -999 -999 -999 -999 -999
768 -999 -999 -999 -999 -999 -999 -999
769 -999 -999 -999 -999 -999 -999 -999
770 -999 -999 -999 -999 -999 -999 -999
771 -999 -999 -999 -999 -999 -999 -999
772 -999 -999 -999 -999 -999 -999 -999
773 -999 -999 -999 -999 -999 -999 -999
774 -999 -999 -999 -999 -999 -999 -999
775 -999 -999 -999 -999 -999 -999 -999
776 -999 -999 -999 -999 -999 -999 -999
777 -999 -999 -999 -999 -999 -999 -999
778 -999 -999 -999 -999 -999 -999 -999
779 -999 -999 -999 -999 -999 -999 -999
780 -999 -999 -999 -999 -999 -999 -999
781 -999 -999 -999 -999 -999 -999 -999
782 -999 -999 -999 -999 -999 -999 -999
783 -999 -999 -999 -999 -999 -999 -999
784 -999 -999 -999 -999 -999 -999 -999
785 -999 -999 -999 -999 -999 -999 -999
786 -999 -999 -999 -999 -999 -999 -999
787 -999 -999 -999 -999 -999 -999 -999
788 -999 -999 -999 -999 -999 -999 -999
789 -999 -999 -999 -999 -999 -999 -999
790 -999 -999 -999 -999 -999 -999 -999
791 -999 -999 -999 -999 -999 -999 -999
792 -999 -999 -999 -999 -999 -999 -999
793 -999 -999 -999 -999 -999 -999 -999
794 -999 -999 -999 -999 -999 -999 -999
795 -999 -999 -999 -999 -999 -999 -999
796 -999 -999 -999 -999 -999 -999 -999
797 -999 -999 -999 -999 -999 -999 -999
798 -999 -999 -999 -999 -999 -999 -999
799 -999 -999 -999 -999 -999 -999 -999
800 -999 -999 -999 -999 -999 -999 -999
801 -999 -999 -999 -999 -999 -999 -999
802 -999 -999 -999 -999 -999 -999 -999
803 -999 -999 -999 -999 -999 -999 -999
804 -999 -999 -999 -999 -999 -999 -999
805 -999 -999 -999 -999 -999 -999 -999
806 -999 -999 -999 -999 -999 -999 -999
807 -999 -999 -999 -999 -999 -999 -999
808 -999 -999 -999 -999 -999 -999 -999
809 -999 -999 -999 -999 -999 -999 -999
810 -999 -999 -999 -999 -999 -999 -999
811 -999 -999 -999 -999 -999 -999 -999
812 -999 -999 -999 -999 -999 -999 -999
813 -999 -999 -999 -999 -999 -999 -999
814 -999 -999 -999 -999 -999 -999 -999
815 -999 -999 -999 -999 -999 -999 -999
816 -999 -999 -999 -999 -999 -999 -999
817 -999 -999 -999 -999 -999 -999 -999
818 -999 -999 -999 -999 -999 -999 -999
819 -999 -999 -999 -999 -999 -999 -999
820 -999 0.01046 -999 -999 -999 -999 -999
821 -999 0.01539 -999 -999 -999 -999 -999
822 -999 0.02062 -999 -999 -999 -999 -999
823 -999 0.02585 -999 -999 -999 -999 -999
824 -999 0.03532 -999 -999 -999 -999 -999
825 -999 0.04527 -999 -999 -999 -999 -999
826 -999 0.06001 -999 -999 -999 -999 -999
827 -999 0.0753 -999 -999 -999 -999 -999
828 -999 0.09058 -999 -999 -999 -999 -999
829 -999 0.11117 -999 -999 -999 -999 -999
830 -999 0.13231 -999 -999 -999 -999 -999
831 -999 0.16031 -999 -999 -999 -999 -999
832 -999 0.18899 -999 -999 -999 -999 -999
833 -999 0.21767 -999 -999 -999 -999 -999
834 -999 0.25697 -999 -999 -999 -999 -999
835 -999 0.29725 -999 -999 -999 -999 -999
836 -999 0.35818 -999 -999 -999 -999 -999
837 -999 0.42094 -999 -999 -999 -999 -999
838 -999 0.48369 -999 -999 -999 -999 -999
839 -999 0.56435 -999 -999 -999 -999 -999
840 -999 0.64668 -999 -999 -999 -999 -999
841 -999 0.71891 -999 -999 -999 -999 -999
842 -999 0.79014 -999 -999 -999 -999 -999
843 -999 0.86136 -999 -999 -999 -999 -999
844 -999 0.91546 -999 -999 -999 -999 -999
845 -999 0.96775 -999 -999 -999 -999 -999
846 -999 0.98107 -999 -999 -999 -999 -999
847 -999 0.99011 -999 -999 -999 -999 -999
848 -999 0.99916 -999 -999 -999 -999 -999
849 -999 0.99292 -999 -999 -999 -999 -999
850 -999 0.98512 -999 -999 -999 -999 -999
851 -999 0.97981 -999 -999 -999 -999 -999
852 -999 0.97474 -999 -999 -999 -999 -999
853 -999 0.96967 -999 -999 -999 -999 -999
854 -999 0.96801 -999 -999 -999 -999 -999
855 -999 0.96665 -999 -999 -999 -999 -999
856 -999 0.96742 -999 -999 -999 -999 -999
857 -999 0.96843 -999 -999 -999 -999 -999
858 -999 0.96943 -999 -999 -999 -999 -999
859 -999 0.9679 -999 -999 -999 -999 -999
860 -999 0.96614 -999 -999 -999 -999 -999
861 -999 0.97189 -999 -999 -999 -999 -999
862 -999 0.97834 -999 -999 -999 -999 -999
863 -999 0.98479 -999 -999 -999 -999 -999
864 -999 0.98336 -999 -999 -999 -999 -999
865 -999 0.9811 -999 -999 -999 -999 -999
866 -999 0.97379 -999 -999 -999 -999 -999
867 -999 0.96597 -999 -999 -999 -999 -999
868 -999 0.95815 -999 -999 -999 -999 -999
869 -999 0.93526 -999 -999 -999 -999 -999
870 -999 0.91074 -999 -999 -999 -999 -999
871 -999 0.86532 -999 -999 -999 -999 -999
872 -999 0.81809 -999 -999 -999 -999 -999
873 -999 0.77086 -999 -999 -999 -999 -999
874 -999 0.70284 -999 -999 -999 -999 -999
875 -999 0.633 -999 -999 -999 -999 -999
876 -999 0.54159 -999 -999 -999 -999 -999
877 -999 0.44806 -999 -999 -999 -999 -999
878 -999 0.35453 -999 -999 -999 -999 -999
879 -999 0.27694 -999 -999 -999 -999 -999
880 -999 0.20118 -999 -999 -999 -999 -999
881 -999 0.16185 -999 -999 -999 -999 -999
882 -999 0.12599 -999 -999 -999 -999 -999
883 -999 0.09012 -999 -999 -999 -999 -999
884 -999 0.07376 -999 -999 -999 -999 -999
885 -999 0.05918 -999 -999 -999 -999 -999
886 -999 0.05168 -999 -999 -999 -999 -999
887 -999 0.04494 -999 -999 -999 -999 -999
888 -999 0.0382 -999 -999 -999 -999 -999
889 -999 0.03447 -999 -999 -999 -999 -999
890 -999 0.03105 -999 -999 -999 -999 -999
891 -999 0.02849 -999 -999 -999 -999 -999
892 -999 0.02599 -999 -999 -999 -999 -999
893 -999 0.0235 -999 -999 -999 -999 -999
894 -999 0.02129 -999 -999 -999 -999 -999
895 -999 0.01912 -999 -999 -999 -999 -999
896 -999 0.01695 -999 -999 -999 -999 -999
897 -999 0.01478 -999 -999 -999 -999 -999
898 -999 0.01261 -999 -999 -999 -999 -999
899 -999 0.01059 -999 -999 -999 -999 -999
900 -999 -999 -999 -999 -999 -999 -999
901 -999 -999 -999 -999 -999 -999 -999
902 -999 -999 -999 -999 -999 -999 -999
903 -999 -999 -999 -999 -999 -999 -999
904 -999 -999 -999 -999 -999 -999 -999
905 -999 -999 -999 -999 -999 -999 -999
906 -999 -999 -999 -999 -999 -999 -999
907 -999 -999 -999 -999 -999 -999 -999
908 -999 -999 -999 -999 -999 -999 -999
909 -999 -999 -999 -999 -999 -999 -999
910 -999 -999 -999 -999 -999 -999 -999
911 -999 -999 -999 -999 -999 -999 -999
912 -999 -999 -999 -999 -999 -999 -999
913 -999 -999 -999 -999 -999 -999 -999
914 -999 -999 -999 -999 -999 -999 -999
915 -999 -999 -999 -999 -999 -999 -999
916 -999 -999 -999 -999 -999 -999 -999
917 -999 -999 -999 -999 -999 -999 -999
918 -999 -999 -999 -999 -999 -999 -999
919 -999 -999 -999 -999 -999 -999 -999
920 -999 -999 -999 -999 -999 -999 -999
921 -999 -999 -999 -999 -999 -999 -999
922 -999 -999 -999 -999 -999 -999 -999
923 -999 -999 -999 -999 -999 -999 -999
924 -999 -999 -999 -999 -999 -999 -999
925 -999 -999 -999 -999 -999 -999 -999
926 -999 -999 -999 -999 -999 -999 -999
927 -999 -999 -999 -999 -999 -999 -999
928 -999 -999 -999 -999 -999 -999 -999
929 -999 -999 -999 -999 -999 -999 -999
930 -999 -999 -999 -999 -999 -999 -999
931 -999 -999 -999 -999 -999 -999 -999
932 -999 -999 -999 -999 -999 -999 -999
933 -999 -999 -999 -999 -999 -999 -999
934 -999 -999 -999 -999 -999 -999 -999
935 -999 -999 -999 -999 -999 -999 -999
936 -999 -999 -999 -999 -999 -999 -999
937 -999 -999 -999 -999 -999 -999 -999
938 -999 -999 -999 -999 -999 -999 -999
939 -999 -999 -999 -999 -999 -999 -999
940 -999 -999 -999 -999 -999 -999 -999
941 -999 -999 -999 -999 -999 -999 -999
942 -999 -999 -999 -999 -999 -999 -999
943 -999 -999 -999 -999 -999 -999 -999
944 -999 -999 -999 -999 -999 -999 -999
945 -999 -999 -999 -999 -999 -999 -999
946 -999 -999 -999 -999 -999 -999 -999
947 -999 -999 -999 -999 -999 -999 -999
948 -999 -999 -999 -999 -999 -999 -999
949 -999 -999 -999 -999 -999 -999 -999
950 -999 -999 -999 -999 -999 -999 -999
951 -999 -999 -999 -999 -999 -999 -999
952 -999 -999 -999 -999 -999 -999 -999
953 -999 -999 -999 -999 -999 -999 -999
954 -999 -999 -999 -999 -999 -999 -999
955 -999 -999 -999 -999 -999 -999 -999
956 -999 -999 -999 -999 -999 -999 -999
957 -999 -999 -999 -999 -999 -999 -999
958 -999 -999 -999 -999 -999 -999 -999
959 -999 -999 -999 -999 -999 -999 -999
960 -999 -999 -999 -999 -999 -999 -999
961 -999 -999 -999 -999 -999 -999 -999
962 -999 -999 -999 -999 -999 -999 -999
963 -999 -999 -999 -999 -999 -999 -999
964 -999 -999 -999 -999 -999 -999 -999
965 -999 -999 -999 -999 -999 -999 -999
966 -999 -999 -999 -999 -999 -999 -999
967 -999 -999 -999 -999 -999 -999 -999
968 -999 -999 -999 -999 -999 -999 -999
969 -999 -999 -999 -999 -999 -999 -999
970 -999 -999 -999 -999 -999 -999 -999
971 -999 -999 -999 -999 -999 -999 -999
972 -999 -999 -999 -999 -999 -999 -999
973 -999 -999 -999 -999 -999 -999 -999
974 -999 -999 -999 -999 -999 -999 -999
975 -999 -999 -999 -999 -999 -999 -999
976 -999 -999 -999 -999 -999 -999 -999
977 -999 -999 -999 -999 -999 -999 -999
978 -999 -999 -999 -999 -999 -999 -999
979 -999 -999 -999 -999 -999 -999 -999
980 -999 -999 -999 -999 -999 -999 -999
981 -999 -999 -999 -999 -999 -999 -999
982 -999 -999 -999 -999 -999 -999 -999
983 -999 -999 -999 -999 -999 -999 -999
984 -999 -999 -999 -999 -999 -999 -999
985 -999 -999 -999 -999 -999 -999 -999
986 -999 -999 -999 -999 -999 -999 -999
987 -999 -999 -999 -999 -999 -999 -999
988 -999 -999 -999 -999 -999 -999 -999
989 -999 -999 -999 -999 -999 -999 -999
990 -999 -999 -999 -999 -999 -999 -999
991 -999 -999 -999 -999 -999 -999 -999
992 -999 -999 -999 -999 -999 -999 -999
993 -999 -999 -999 -999 -999 -999 -999
994 -999 -999 -999 -999 -999 -999 -999
995 -999 -999 -999 -999 -999 -999 -999
996 -999 -999 -999 -999 -999 -999 -999
997 -999 -999 -999 -999 -999 -999 -999
998 -999 -999 -999 -999 -999 -999 -999
999 -999 -999 -999 -999 -999 -999 -999
1000 -999 -999 -999 -999 -999 -999 -999
1001 -999 -999 -999 -999 -999 -999 -999
1002 -999 -999 -999 -999 -999 -999 -999
1003 -999 -999 -999 -999 -999 -999 -999
1004 -999 -999 -999 -999 -999 -999 -999
1005 -999 -999 -999 -999 -999 -999 -999
1006 -999 -999 -999 -999 -999 -999 -999
1007 -999 -999 -999 -999 -999 -999 -999
1008 -999 -999 -999 -999 -999 -999 -999
1009 -999 -999 -999 -999 -999 -999 -999
1010 -999 -999 -999 -999 -999 -999 -999
1011 -999 -999 -999 -999 -999 -999 -999
1012 -999 -999 -999 -999 -999 -999 -999
1013 -999 -999 -999 -999 -999 -999 -999
1014 -999 -999 -999 -999 -999 -999 -999
1015 -999 -999 -999 -999 -999 -999 -999
1016 -999 -999 -999 -999 -999 -999 -999
1017 -999 -999 -999 -999 -999 -999 -999
1018 -999 -999 -999 -999 -999 -999 -999
1019 -999 -999 -999 -999 -999 -999 -999
1020 -999 -999 -999 -999 -999 -999 -999
1021 -999 -999 -999 -999 -999 -999 -999
1022 -999 -999 -999 -999 -999 -999 -999
1023 -999 -999 -999 -999 -999 -999 -999
1024 -999 -999 -999 -999 -999 -999 -999
1025 -999 -999 -999 -999 -999 -999 -999
1026 -999 -999 -999 -999 -999 -999 -999
1027 -999 -999 -999 -999 -999 -999 -999
1028 -999 -999 -999 -999 -999 -999 -999
1029 -999 -999 -999 -999 -999 -999 -999
1030 -999 -999 -999 -999 -999 -999 -999
1031 -999 -999 -999 -999 -999 -999 -999
1032 -999 -999 -999 -999 -999 -999 -999
1033 -999 -999 -999 -999 -999 -999 -999
1034 -999 -999 -999 -999 -999 -999 -999
1035 -999 -999 -999 -999 -999 -999 -999
1036 -999 -999 -999 -999 -999 -999 -999
1037 -999 -999 -999 -999 -999 -999 -999
1038 -999 -999 -999 -999 -999 -999 -999
1039 -999 -999 -999 -999 -999 -999 -999
1040 -999 -999 -999 -999 -999 -999 -999
1041 -999 -999 -999 -999 -999 -999 -999
1042 -999 -999 -999 -999 -999 -999 -999
1043 -999 -999 -999 -999 -999 -999 -999
1044 -999 -999 -999 -999 -999 -999 -999
1045 -999 -999 -999 -999 -999 -999 -999
1046 -999 -999 -999 -999 -999 -999 -999
1047 -999 -999 -999 -999 -999 -999 -999
1048 -999 -999 -999 -999 -999 -999 -999
1049 -999 -999 -999 -999 -999 -999 -999
1050 -999 -999 -999 -999 -999 -999 -999
1051 -999 -999 -999 -999 -999 -999 -999
1052 -999 -999 -999 -999 -999 -999 -999
1053 -999 -999 -999 -999 -999 -999 -999
1054 -999 -999 -999 -999 -999 -999 -999
1055 -999 -999 -999 -999 -999 -999 -999
1056 -999 -999 -999 -999 -999 -999 -999
1057 -999 -999 -999 -999 -999 -999 -999
1058 -999 -999 -999 -999 -999 -999 -999
1059 -999 -999 -999 -999 -999 -999 -999
1060 -999 -999 -999 -999 -999 -999 -999
1061 -999 -999 -999 -999 -999 -999 -999
1062 -999 -999 -999 -999 -999 -999 -999
1063 -999 -999 -999 -999 -999 -999 -999
1064 -999 -999 -999 -999 -999 -999 -999
1065 -999 -999 -999 -999 -999 -999 -999
1066 -999 -999 -999 -999 -999 -999 -999
1067 -999 -999 -999 -999 -999 -999 -999
1068 -999 -999 -999 -999 -999 -999 -999
1069 -999 -999 -999 -999 -999 -999 -999
1070 -999 -999 -999 -999 -999 -999 -999
1071 -999 -999 -999 -999 -999 -999 -999
1072 -999 -999 -999 -999 -999 -999 -999
1073 -999 -999 -999 -999 -999 -999 -999
1074 -999 -999 -999 -999 -999 -999 -999
1075 -999 -999 -999 -999 -999 -999 -999
1076 -999 -999 -999 -999 -999 -999 -999
1077 -999 -999 -999 -999 -999 -999 -999
1078 -999 -999 -999 -999 -999 -999 -999
1079 -999 -999 -999 -999 -999 -999 -999
1080 -999 -999 -999 -999 -999 -999 -999
1081 -999 -999 -999 -999 -999 -999 -999
1082 -999 -999 -999 -999 -999 -999 -999
1083 -999 -999 -999 -999 -999 -999 -999
1084 -999 -999 -999 -999 -999 -999 -999
1085 -999 -999 -999 -999 -999 -999 -999
1086 -999 -999 -999 -999 -999 -999 -999
1087 -999 -999 -999 -999 -999 -999 -999
1088 -999 -999 -999 -999 -999 -999 -999
1089 -999 -999 -999 -999 -999 -999 -999
1090 -999 -999 -999 -999 -999 -999 -999
1091 -999 -999 -999 -999 -999 -999 -999
1092 -999 -999 -999 -999 -999 -999 -999
1093 -999 -999 -999 -999 -999 -999 -999
1094 -999 -999 -999 -999 -999 -999 -999
1095 -999 -999 -999 -999 -999 -999 -999
1096 -999 -999 -999 -999 -999 -999 -999
1097 -999 -999 -999 -999 -999 -999 -999
1098 -999 -999 -999 -999 -999 -999 -999
1099 -999 -999 -999 -999 -999 -999 -999
1100 -999 -999 -999 -999 -999 -999 -999
1101 -999 -999 -999 -999 -999 -999 -999
1102 -999 -999 -999 -999 -999 -999 -999
1103 -999 -999 -999 -999 -999 -999 -999
1104 -999 -999 -999 -999 -999 -999 -999
1105 -999 -999 -999 -999 -999 -999 -999
1106 -999 -999 -999 -999 -999 -999 -999
1107 -999 -999 -999 -999 -999 -999 -999
1108 -999 -999 -999 -999 -999 -999 -999
1109 -999 -999 -999 -999 -999 -999 -999
1110 -999 -999 -999 -999 -999 -999 -999
1111 -999 -999 -999 -999 -999 -999 -999
1112 -999 -999 -999 -999 -999 -999 -999
1113 -999 -999 -999 -999 -999 -999 -999
1114 -999 -999 -999 -999 -999 -999 -999
1115 -999 -999 -999 -999 -999 -999 -999
1116 -999 -999 -999 -999 -999 -999 -999
1117 -999 -999 -999 -999 -999 -999 -999
1118 -999 -999 -999 -999 -999 -999 -999
1119 -999 -999 -999 -999 -999 -999 -999
1120 -999 -999 -999 -999 -999 -999 -999
1121 -999 -999 -999 -999 -999 -999 -999
1122 -999 -999 -999 -999 -999 -999 -999
1123 -999 -999 -999 -999 -999 -999 -999
1124 -999 -999 -999 -999 -999 -999 -999
1125 -999 -999 -999 -999 -999 -999 -999
1126 -999 -999 -999 -999 -999 -999 -999
1127 -999 -999 -999 -999 -999 -999 -999
1128 -999 -999 -999 -999 -999 -999 -999
1129 -999 -999 -999 -999 -999 -999 -999
1130 -999 -999 -999 -999 -999 -999 -999
1131 -999 -999 -999 -999 -999 -999 -999
1132 -999 -999 -999 -999 -999 -999 -999
1133 -999 -999 -999 -999 -999 -999 -999
1134 -999 -999 -999 -999 -999 -999 -999
1135 -999 -999 -999 -999 -999 -999 -999
1136 -999 -999 -999 -999 -999 -999 -999
1137 -999 -999 -999 -999 -999 -999 -999
1138 -999 -999 -999 -999 -999 -999 -999
1139 -999 -999 -999 -999 -999 -999 -999
1140 -999 -999 -999 -999 -999 -999 -999
1141 -999 -999 -999 -999 -999 -999 -999
1142 -999 -999 -999 -999 -999 -999 -999
1143 -999 -999 -999 -999 -999 -999 -999
1144 -999 -999 -999 -999 -999 -999 -999
1145 -999 -999 -999 -999 -999 -999 -999
1146 -999 -999 -999 -999 -999 -999 -999
1147 -999 -999 -999 -999 -999 -999 -999
1148 -999 -999 -999 -999 -999 -999 -999
1149 -999 -999 -999 -999 -999 -999 -999
1150 -999 -999 -999 -999 -999 -999 -999
1151 -999 -999 -999 -999 -999 -999 -999
1152 -999 -999 -999 -999 -999 -999 -999
1153 -999 -999 -999 -999 -999 -999 -999
1154 -999 -999 -999 -999 -999 -999 -999
1155 -999 -999 -999 -999 -999 -999 -999
1156 -999 -999 -999 -999 -999 -999 -999
1157 -999 -999 -999 -999 -999 -999 -999
1158 -999 -999 -999 -999 -999 -999 -999
1159 -999 -999 -999 -999 -999 -999 -999
1160 -999 -999 -999 -999 -999 -999 -999
1161 -999 -999 -999 -999 -999 -999 -999
1162 -999 -999 -999 -999 -999 -999 -999
1163 -999 -999 -999 -999 -999 -999 -999
1164 -999 -999 -999 -999 -999 -999 -999
1165 -999 -999 -999 -999 -999 -999 -999
1166 -999 -999 -999 -999 -999 -999 -999
1167 -999 -999 -999 -999 -999 -999 -999
1168 -999 -999 -999 -999 -999 -999 -999
1169 -999 -999 -999 -999 -999 -999 -999
1170 -999 -999 -999 -999 -999 -999 -999
1171 -999 -999 -999 -999 -999 -999 -999
1172 -999 -999 -999 -999 -999 -999 -999
1173 -999 -999 -999 -999 -999 -999 -999
1174 -999 -999 -999 -999 -999 -999 -999
1175 -999 -999 -999 -999 -999 -999 -999
1176 -999 -999 -999 -999 -999 -999 -999
1177 -999 -999 -999 -999 -999 -999 -999
1178 -999 -999 -999 -999 -999 -999 -999
1179 -999 -999 -999 -999 -999 -999 -999
1180 -999 -999 -999 -999 -999 -999 -999
1181 -999 -999 -999 -999 -999 -999 -999
1182 -999 -999 -999 -999 -999 -999 -999
1183 -999 -999 -999 -999 -999 -999 -999
1184 -999 -999 -999 -999 -999 -999 -999
1185 -999 -999 -999 -999 -999 -999 -999
1186 -999 -999 -999 -999 -999 -999 -999
1187 -999 -999 -999 -999 -999 -999 -999
1188 -999 -999 -999 -999 -999 -999 -999
1189 -999 -999 -999 -999 -999 -999 -999
1190 -999 -999 -999 -999 -999 -999 -999
1191 -999 -999 -999 -999 -999 -999 -999
1192 -999 -999 -999 -999 -999 -999 -999
1193 -999 -999 -999 -999 -999 -999 -999
1194 -999 -999 -999 -999 -999 -999 -999
1195 -999 -999 -999 -999 -999 -999 -999
1196 -999 -999 -999 -999 -999 -999 -999
1197 -999 -999 -999 -999 -999 -999 -999
1198 -999 -999 -999 -999 -999 -999 -999
1199 -999 -999 -999 -999 -999 -999 -999
1200 -999 -999 -999 -999 -999 -999 -999
1201 -999 -999 -999 -999 -999 -999 -999
1202 -999 -999 -999 -999 -999 -999 -999
1203 -999 -999 -999 -999 -999 -999 -999
1204 -999 -999 -999 -999 -999 -999 -999
1205 -999 -999 -999 -999 -999 -999 -999
1206 -999 -999 -999 -999 -999 -999 -999
1207 -999 -999 -999 -999 -999 -999 -999
1208 -999 -999 -999 -999 -999 -999 -999
1209 -999 -999 -999 -999 -999 -999 -999
1210 -999 -999 -999 -999 -999 -999 -999
1211 -999 -999 -999 -999 -999 -999 -999
1212 -999 -999 -999 -999 -999 -999 -999
1213 -999 -999 -999 -999 -999 -999 -999
1214 -999 -999 -999 -999 0.01222 -999 -999
1215 -999 -999 -999 -999 0.01581 -999 -999
1216 -999 -999 -999 -999 0.02043 -999 -999
1217 -999 -999 -999 -999 0.02653 -999 -999
1218 -999 -999 -999 -999 0.03387 -999 -999
1219 -999 -999 -999 -999 0.04305 -999 -999
1220 -999 -999 -999 -999 0.05587 -999 -999
1221 -999 -999 -999 -999 0.07188 -999 -999
1222 -999 -999 -999 -999 0.09304 -999 -999
1223 -999 -999 -999 -999 0.12145 -999 -999
1224 -999 -999 -999 -999 0.15471 -999 -999
1225 -999 -999 -999 -999 0.19486 -999 -999
1226 -999 -999 -999 -999 0.24658 -999 -999
1227 -999 -999 -999 -999 0.3041 -999 -999
1228 -999 -999 -999 -999 0.36872 -999 -999
1229 -999 -999 -999 -999 0.43523 -999 -999
1230 -999 -999 -999 -999 0.50475 -999 -999
1231 -999 -999 -999 -999 0.58095 -999 -999
1232 -999 -999 -999 -999 0.66212 -999 -999
1233 -999 -999 -999 -999 0.73894 -999 -999
1234 -999 -999 -999 -999 0.8023 -999 -999
1235 -999 -999 -999 -999 0.8474 -999 -999
1236 -999 -999 -999 -999 0.88805 -999 -999
1237 -999 -999 -999 -999 0.93082 -999 -999
1238 -999 -999 -999 -999 0.96114 -999 -999
1239 -999 -999 -999 -999 0.9816 -999 -999
1240 -999 -999 -999 -999 0.9854 -999 -999
1241 -999 -999 -999 -999 0.98675 -999 -999
1242 -999 -999 -999 -999 0.98965 -999 -999
1243 -999 -999 -999 -999 0.99821 -999 -999
1244 -999 -999 -999 -999 0.99141 -999 -999
1245 -999 -999 -999 -999 0.97463 -999 -999
1246 -999 -999 -999 -999 0.94454 -999 -999
1247 -999 -999 -999 -999 0.90927 -999 -999
1248 -999 -999 -999 -999 0.86987 -999 -999
1249 -999 -999 -999 -999 0.82456 -999 -999
1250 -999 -999 -999 -999 0.76061 -999 -999
1251 -999 -999 -999 -999 0.68945 -999 -999
1252 -999 -999 -999 -999 0.61227 -999 -999
1253 -999 -999 -999 -999 0.52406 -999 -999
1254 -999 -999 -999 -999 0.43337 -999 -999
1255 -999 -999 -999 -999 0.34327 -999 -999
1256 -999 -999 -999 -999 0.27687 -999 -999
1257 -999 -999 -999 -999 0.22288 -999 -999
1258 -999 -999 -999 -999 0.18213 -999 -999
1259 -999 -999 -999 -999 0.14196 -999 -999
1260 -999 -999 -999 -999 0.10511 -999 -999
1261 -999 -999 -999 -999 0.07592 -999 -999
1262 -999 -999 -999 -999 0.0594 -999 -999
1263 -999 -999 -999 -999 0.04838 -999 -999
1264 -999 -999 -999 -999 0.04127 -999 -999
1265 -999 -999 -999 -999 0.03478 -999 -999
1266 -999 -999 -999 -999 0.02827 -999 -999
1267 -999 -999 -999 -999 0.02128 -999 -999
1268 -999 -999 -999 -999 0.01692 -999 -999
1269 -999 -999 -999 -999 0.01384 -999 -999
1270 -999 -999 -999 -999 0.01206 -999 -999
1271 -999 -999 -999 -999 0.01047 -999 -999
1272 -999 -999 -999 -999 -999 -999 -999
1273 -999 -999 -999 -999 -999 -999 -999
1274 -999 -999 -999 -999 -999 -999 -999
1275 -999 -999 -999 -999 -999 -999 -999
1276 -999 -999 -999 -999 -999 -999 -999
1277 -999 -999 -999 -999 -999 -999 -999
1278 -999 -999 -999 -999 -999 -999 -999
1279 -999 -999 -999 -999 -999 -999 -999
1280 -999 -999 -999 -999 -999 -999 -999
1281 -999 -999 -999 -999 -999 -999 -999
1282 -999 -999 -999 -999 -999 -999 -999
1283 -999 -999 -999 -999 -999 -999 -999
1284 -999 -999 -999 -999 -999 -999 -999
1285 -999 -999 -999 -999 -999 -999 -999
1286 -999 -999 -999 -999 -999 -999 -999
1287 -999 -999 -999 -999 -999 -999 -999
1288 -999 -999 -999 -999 -999 -999 -999
1289 -999 -999 -999 -999 -999 -999 -999
1290 -999 -999 -999 -999 -999 -999 -999
1291 -999 -999 -999 -999 -999 -999 -999
1292 -999 -999 -999 -999 -999 -999 -999
1293 -999 -999 -999 -999 -999 -999 -999
1294 -999 -999 -999 -999 -999 -999 -999
1295 -999 -999 -999 -999 -999 -999 -999
1296 -999 -999 -999 -999 -999 -999 -999
1297 -999 -999 -999 -999 -999 -999 -999
1298 -999 -999 -999 -999 -999 -999 -999
1299 -999 -999 -999 -999 -999 -999 -999
1300 -999 -999 -999 -999 -999 -999 -999
1301 -999 -999 -999 -999 -999 -999 -999
1302 -999 -999 -999 -999 -999 -999 -999
1303 -999 -999 -999 -999 -999 -999 -999
1304 -999 -999 -999 -999 -999 -999 -999
1305 -999 -999 -999 -999 -999 -999 -999
1306 -999 -999 -999 -999 -999 -999 -999
1307 -999 -999 -999 -999 -999 -999 -999
1308 -999 -999 -999 -999 -999 -999 -999
1309 -999 -999 -999 -999 -999 -999 -999
1310 -999 -999 -999 -999 -999 -999 -999
1311 -999 -999 -999 -999 -999 -999 -999
1312 -999 -999 -999 -999 -999 -999 -999
1313 -999 -999 -999 -999 -999 -999 -999
1314 -999 -999 -999 -999 -999 -999 -999
1315 -999 -999 -999 -999 -999 -999 -999
1316 -999 -999 -999 -999 -999 -999 -999
1317 -999 -999 -999 -999 -999 -999 -999
1318 -999 -999 -999 -999 -999 -999 -999
1319 -999 -999 -999 -999 -999 -999 -999
1320 -999 -999 -999 -999 -999 -999 -999
1321 -999 -999 -999 -999 -999 -999 -999
1322 -999 -999 -999 -999 -999 -999 -999
1323 -999 -999 -999 -999 -999 -999 -999
1324 -999 -999 -999 -999 -999 -999 -999
1325 -999 -999 -999 -999 -999 -999 -999
1326 -999 -999 -999 -999 -999 -999 -999
1327 -999 -999 -999 -999 -999 -999 -999
1328 -999 -999 -999 -999 -999 -999 -999
1329 -999 -999 -999 -999 -999 -999 -999
1330 -999 -999 -999 -999 -999 -999 -999
1331 -999 -999 -999 -999 -999 -999 -999
1332 -999 -999 -999 -999 -999 -999 -999
1333 -999 -999 -999 -999 -999 -999 -999
1334 -999 -999 -999 -999 -999 -999 -999
1335 -999 -999 -999 -999 -999 -999 -999
1336 -999 -999 -999 -999 -999 -999 -999
1337 -999 -999 -999 -999 -999 -999 -999
1338 -999 -999 -999 -999 -999 -999 -999
1339 -999 -999 -999 -999 -999 -999 -999
1340 -999 -999 -999 -999 -999 -999 -999
1341 -999 -999 -999 -999 -999 -999 -999
1342 -999 -999 -999 -999 -999 -999 -999
1343 -999 -999 -999 -999 -999 -999 -999
1344 -999 -999 -999 -999 -999 -999 -999
1345 -999 -999 -999 -999 -999 -999 -999
1346 -999 -999 -999 -999 -999 -999 -999
1347 -999 -999 -999 -999 -999 -999 -999
1348 -999 -999 -999 -999 -999 -999 -999
1349 -999 -999 -999 -999 -999 -999 -999
1350 -999 -999 -999 -999 -999 -999 -999
1351 -999 -999 -999 -999 -999 -999 -999
1352 -999 -999 -999 -999 -999 -999 -999
1353 -999 -999 -999 -999 -999 -999 -999
1354 -999 -999 -999 -999 -999 -999 -999
1355 -999 -999 -999 -999 -999 -999 -999
1356 -999 -999 -999 -999 -999 -999 -999
1357 -999 -999 -999 -999 -999 -999 -999
1358 -999 -999 -999 -999 -999 -999 -999
1359 -999 -999 -999 -999 -999 -999 -999
1360 -999 -999 -999 -999 -999 -999 -999
1361 -999 -999 -999 -999 -999 -999 -999
1362 -999 -999 -999 -999 -999 -999 -999
1363 -999 -999 -999 -999 -999 -999 -999
1364 -999 -999 -999 -999 -999 -999 -999
1365 -999 -999 -999 -999 -999 -999 -999
1366 -999 -999 -999 -999 -999 -999 -999
1367 -999 -999 -999 -999 -999 -999 -999
1368 -999 -999 -999 -999 -999 -999 -999
1369 -999 -999 -999 -999 -999 -999 -999
1370 -999 -999 -999 -999 -999 -999 -999
1371 -999 -999 -999 -999 -999 -999 -999
1372 -999 -999 -999 -999 -999 -999 -999
1373 -999 -999 -999 -999 -999 -999 -999
1374 -999 -999 -999 -999 -999 -999 -999
1375 -999 -999 -999 -999 -999 -999 -999
1376 -999 -999 -999 -999 -999 -999 -999
1377 -999 -999 -999 -999 -999 -999 -999
1378 -999 -999 -999 -999 -999 -999 -999
1379 -999 -999 -999 -999 -999 -999 -999
1380 -999 -999 -999 -999 -999 -999 -999
1381 -999 -999 -999 -999 -999 -999 -999
1382 -999 -999 -999 -999 -999 -999 -999
1383 -999 -999 -999 -999 -999 -999 -999
1384 -999 -999 -999 -999 -999 -999 -999
1385 -999 -999 -999 -999 -999 -999 -999
1386 -999 -999 -999 -999 -999 -999 -999
1387 -999 -999 -999 -999 -999 -999 -999
1388 -999 -999 -999 -999 -999 -999 -999
1389 -999 -999 -999 -999 -999 -999 -999
1390 -999 -999 -999 -999 -999 -999 -999
1391 -999 -999 -999 -999 -999 -999 -999
1392 -999 -999 -999 -999 -999 -999 -999
1393 -999 -999 -999 -999 -999 -999 -999
1394 -999 -999 -999 -999 -999 -999 -999
1395 -999 -999 -999 -999 -999 -999 -999
1396 -999 -999 -999 -999 -999 -999 -999
1397 -999 -999 -999 -999 -999 -999 -999
1398 -999 -999 -999 -999 -999 -999 -999
1399 -999 -999 -999 -999 -999 -999 -999
1400 -999 -999 -999 -999 -999 -999 -999
1401 -999 -999 -999 -999 -999 -999 -999
1402 -999 -999 -999 -999 -999 -999 -999
1403 -999 -999 -999 -999 -999 -999 -999
1404 -999 -999 -999 -999 -999 -999 -999
1405 -999 -999 -999 -999 -999 -999 -999
1406 -999 -999 -999 -999 -999 -999 -999
1407 -999 -999 -999 -999 -999 -999 -999
1408 -999 -999 -999 -999 -999 -999 -999
1409 -999 -999 -999 -999 -999 -999 -999
1410 -999 -999 -999 -999 -999 -999 -999
1411 -999 -999 -999 -999 -999 -999 -999
1412 -999 -999 -999 -999 -999 -999 -999
1413 -999 -999 -999 -999 -999 -999 -999
1414 -999 -999 -999 -999 -999 -999 -999
1415 -999 -999 -999 -999 -999 -999 -999
1416 -999 -999 -999 -999 -999 -999 -999
1417 -999 -999 -999 -999 -999 -999 -999
1418 -999 -999 -999 -999 -999 -999 -999
1419 -999 -999 -999 -999 -999 -999 -999
1420 -999 -999 -999 -999 -999 -999 -999
1421 -999 -999 -999 -999 -999 -999 -999
1422 -999 -999 -999 -999 -999 -999 -999
1423 -999 -999 -999 -999 -999 -999 -999
1424 -999 -999 -999 -999 -999 -999 -999
1425 -999 -999 -999 -999 -999 -999 -999
1426 -999 -999 -999 -999 -999 -999 -999
1427 -999 -999 -999 -999 -999 -999 -999
1428 -999 -999 -999 -999 -999 -999 -999
1429 -999 -999 -999 -999 -999 -999 -999
1430 -999 -999 -999 -999 -999 -999 -999
1431 -999 -999 -999 -999 -999 -999 -999
1432 -999 -999 -999 -999 -999 -999 -999
1433 -999 -999 -999 -999 -999 -999 -999
1434 -999 -999 -999 -999 -999 -999 -999
1435 -999 -999 -999 -999 -999 -999 -999
1436 -999 -999 -999 -999 -999 -999 -999
1437 -999 -999 -999 -999 -999 -999 -999
1438 -999 -999 -999 -999 -999 -999 -999
1439 -999 -999 -999 -999 -999 -999 -999
1440 -999 -999 -999 -999 -999 -999 -999
1441 -999 -999 -999 -999 -999 -999 -999
1442 -999 -999 -999 -999 -999 -999 -999
1443 -999 -999 -999 -999 -999 -999 -999
1444 -999 -999 -999 -999 -999 -999 -999
1445 -999 -999 -999 -999 -999 -999 -999
1446 -999 -999 -999 -999 -999 -999 -999
1447 -999 -999 -999 -999 -999 -999 -999
1448 -999 -999 -999 -999 -999 -999 -999
1449 -999 -999 -999 -999 -999 -999 -999
1450 -999 -999 -999 -999 -999 -999 -999
1451 -999 -999 -999 -999 -999 -999 -999
1452 -999 -999 -999 -999 -999 -999 -999
1453 -999 -999 -999 -999 -999 -999 -999
1454 -999 -999 -999 -999 -999 -999 -999
1455 -999 -999 -999 -999 -999 -999 -999
1456 -999 -999 -999 -999 -999 -999 -999
1457 -999 -999 -999 -999 -999 -999 -999
1458 -999 -999 -999 -999 -999 -999 -999
1459 -999 -999 -999 -999 -999 -999 -999
1460 -999 -999 -999 -999 -999 -999 -999
1461 -999 -999 -999 -999 -999 -999 -999
1462 -999 -999 -999 -999 -999 -999 -999
1463 -999 -999 -999 -999 -999 -999 -999
1464 -999 -999 -999 -999 -999 -999 -999
1465 -999 -999 -999 -999 -999 -999 -999
1466 -999 -999 -999 -999 -999 -999 -999
1467 -999 -999 -999 -999 -999 -999 -999
1468 -999 -999 -999 -999 -999 -999 -999
1469 -999 -999 -999 -999 -999 -999 -999
1470 -999 -999 -999 -999 -999 -999 -999
1471 -999 -999 -999 -999 -999 -999 -999
1472 -999 -999 -999 -999 -999 -999 -999
1473 -999 -999 -999 -999 -999 -999 -999
1474 -999 -999 -999 -999 -999 -999 -999
1475 -999 -999 -999 -999 -999 -999 -999
1476 -999 -999 -999 -999 -999 -999 -999
1477 -999 -999 -999 -999 -999 -999 -999
1478 -999 -999 -999 -999 -999 -999 -999
1479 -999 -999 -999 -999 -999 -999 -999
1480 -999 -999 -999 -999 -999 -999 -999
1481 -999 -999 -999 -999 -999 -999 -999
1482 -999 -999 -999 -999 -999 -999 -999
1483 -999 -999 -999 -999 -999 -999 -999
1484 -999 -999 -999 -999 -999 -999 -999
1485 -999 -999 -999 -999 -999 -999 -999
1486 -999 -999 -999 -999 -999 -999 -999
1487 -999 -999 -999 -999 -999 -999 -999
1488 -999 -999 -999 -999 -999 -999 -999
1489 -999 -999 -999 -999 -999 -999 -999
1490 -999 -999 -999 -999 -999 -999 -999
1491 -999 -999 -999 -999 -999 -999 -999
1492 -999 -999 -999 -999 -999 -999 -999
1493 -999 -999 -999 -999 -999 -999 -999
1494 -999 -999 -999 -999 -999 -999 -999
1495 -999 -999 -999 -999 -999 -999 -999
1496 -999 -999 -999 -999 -999 -999 -999
1497 -999 -999 -999 -999 -999 -999 -999
1498 -999 -999 -999 -999 -999 -999 -999
1499 -999 -999 -999 -999 -999 -999 -999
1500 -999 -999 -999 -999 -999 -999 -999
1501 -999 -999 -999 -999 -999 -999 -999
1502 -999 -999 -999 -999 -999 -999 -999
1503 -999 -999 -999 -999 -999 -999 -999
1504 -999 -999 -999 -999 -999 -999 -999
1505 -999 -999 -999 -999 -999 -999 -999
1506 -999 -999 -999 -999 -999 -999 -999
1507 -999 -999 -999 -999 -999 -999 -999
1508 -999 -999 -999 -999 -999 -999 -999
1509 -999 -999 -999 -999 -999 -999 -999
1510 -999 -999 -999 -999 -999 -999 -999
1511 -999 -999 -999 -999 -999 -999 -999
1512 -999 -999 -999 -999 -999 -999 -999
1513 -999 -999 -999 -999 -999 -999 -999
1514 -999 -999 -999 -999 -999 -999 -999
1515 -999 -999 -999 -999 -999 -999 -999
1516 -999 -999 -999 -999 -999 -999 -999
1517 -999 -999 -999 -999 -999 -999 -999
1518 -999 -999 -999 -999 -999 -999 -999
1519 -999 -999 -999 -999 -999 -999 -999
1520 -999 -999 -999 -999 -999 -999 -999
1521 -999 -999 -999 -999 -999 -999 -999
1522 -999 -999 -999 -999 -999 -999 -999
1523 -999 -999 -999 -999 -999 -999 -999
1524 -999 -999 -999 -999 -999 -999 -999
1525 -999 -999 -999 -999 -999 -999 -999
1526 -999 -999 -999 -999 -999 -999 -999
1527 -999 -999 -999 -999 -999 -999 -999
1528 -999 -999 -999 -999 -999 -999 -999
1529 -999 -999 -999 -999 -999 -999 -999
1530 -999 -999 -999 -999 -999 -999 -999
1531 -999 -999 -999 -999 -999 -999 -999
1532 -999 -999 -999 -999 -999 -999 -999
1533 -999 -999 -999 -999 -999 -999 -999
1534 -999 -999 -999 -999 -999 -999 -999
1535 -999 -999 -999 -999 -999 -999 -999
1536 -999 -999 -999 -999 -999 -999 -999
1537 -999 -999 -999 -999 -999 -999 -999
1538 -999 -999 -999 -999 -999 -999 -999
1539 -999 -999 -999 -999 -999 -999 -999
1540 -999 -999 -999 -999 -999 -999 -999
1541 -999 -999 -999 -999 -999 -999 -999
1542 -999 -999 -999 -999 -999 -999 -999
1543 -999 -999 -999 -999 -999 -999 -999
1544 -999 -999 -999 -999 -999 -999 -999
1545 -999 -999 -999 -999 -999 -999 -999
1546 -999 -999 -999 -999 -999 -999 -999
1547 -999 -999 -999 -999 -999 -999 -999
1548 -999 -999 -999 -999 -999 -999 -999
1549 -999 -999 -999 -999 -999 -999 -999
1550 -999 -999 -999 -999 -999 -999 -999
1551 -999 -999 -999 -999 -999 -999 -999
1552 -999 -999 -999 -999 -999 -999 -999
1553 -999 -999 -999 -999 -999 -999 -999
1554 -999 -999 -999 -999 -999 -999 -999
1555 -999 -999 -999 -999 -999 -999 -999
1556 -999 -999 -999 -999 -999 -999 -999
1557 -999 -999 -999 -999 -999 -999 -999
1558 -999 -999 -999 -999 -999 -999 -999
1559 -999 -999 -999 -999 -999 -999 -999
1560 -999 -999 -999 -999 -999 -999 -999
1561 -999 -999 -999 -999 -999 -999 -999
1562 -999 -999 -999 -999 -999 -999 -999
1563 -999 -999 -999 -999 -999 -999 -999
1564 -999 -999 -999 -999 -999 -999 -999
1565 -999 -999 -999 -999 -999 -999 -999
1566 -999 -999 -999 -999 -999 -999 -999
1567 -999 -999 -999 -999 -999 -999 -999
1568 -999 -999 -999 -999 -999 -999 -999
1569 -999 -999 -999 -999 -999 -999 -999
1570 -999 -999 -999 -999 -999 -999 -999
1571 -999 -999 -999 -999 -999 -999 -999
1572 -999 -999 -999 -999 -999 -999 -999
1573 -999 -999 -999 -999 -999 -999 -999
1574 -999 -999 -999 -999 -999 -999 -999
1575 -999 -999 -999 -999 -999 -999 -999
1576 -999 -999 -999 -999 -999 -999 -999
1577 -999 -999 -999 -999 -999 -999 -999
1578 -999 -999 -999 -999 -999 -999 -999
1579 -999 -999 -999 -999 -999 -999 -999
1580 -999 -999 -999 -999 -999 -999 -999
1581 -999 -999 -999 -999 -999 -999 -999
1582 -999 -999 -999 -999 -999 -999 -999
1583 -999 -999 -999 -999 -999 -999 -999
1584 -999 -999 -999 -999 -999 -999 -999
1585 -999 -999 -999 -999 -999 -999 -999
1586 -999 -999 -999 -999 -999 -999 -999
1587 -999 -999 -999 -999 -999 -999 -999
1588 -999 -999 -999 -999 -999 -999 -999
1589 -999 -999 -999 -999 -999 -999 -999
1590 -999 -999 -999 -999 -999 -999 -999
1591 -999 -999 -999 -999 -999 -999 -999
1592 -999 -999 -999 -999 -999 -999 -999
1593 -999 -999 -999 -999 -999 -999 -999
1594 -999 -999 -999 -999 -999 -999 -999
1595 -999 -999 -999 -999 -999 -999 -999
1596 -999 -999 -999 -999 -999 0.01096 -999
1597 -999 -999 -999 -999 -999 0.01344 -999
1598 -999 -999 -999 -999 -999 0.01675 -999
1599 -999 -999 -999 -999 -999 0.02019 -999
1600 -999 -999 -999 -999 -999 0.02596 -999
1601 -999 -999 -999 -999 -999 0.03203 -999
1602 -999 -999 -999 -999 -999 0.04113 -999
1603 -999 -999 -999 -999 -999 0.05066 -999
1604 -999 -999 -999 -999 -999 0.06584 -999
1605 -999 -999 -999 -999 -999 0.08177 -999
1606 -999 -999 -999 -999 -999 0.10508 -999
1607 -999 -999 -999 -999 -999 0.12965 -999
1608 -999 -999 -999 -999 -999 0.16509 -999
1609 -999 -999 -999 -999 -999 0.20185 -999
1610 -999 -999 -999 -999 -999 0.25125 -999
1611 -999 -999 -999 -999 -999 0.30214 -999
1612 -999 -999 -999 -999 -999 0.36197 -999
1613 -999 -999 -999 -999 -999 0.42322 -999
1614 -999 -999 -999 -999 -999 0.48728 -999
1615 -999 -999 -999 -999 -999 0.5517 -999
1616 -999 -999 -999 -999 -999 0.61909 -999
1617 -999 -999 -999 -999 -999 0.68692 -999
1618 -999 -999 -999 -999 -999 0.75364 -999
1619 -999 -999 -999 -999 -999 0.82018 -999
1620 -999 -999 -999 -999 -999 0.88082 -999
1621 -999 -999 -999 -999 -999 0.94076 -999
1622 -999 -999 -999 -999 -999 0.97111 -999
1623 -999 -999 -999 -999 -999 0.99722 -999
1624 -999 -999 -999 -999 -999 0.99686 -999
1625 -999 -999 -999 -999 -999 0.99335 -999
1626 -999 -999 -999 -999 -999 0.9868 -999
1627 -999 -999 -999 -999 -999 0.97972 -999
1628 -999 -999 -999 -999 -999 0.97528 -999
1629 -999 -999 -999 -999 -999 0.97116 -999
1630 -999 -999 -999 -999 -999 0.9629 -999
1631 -999 -999 -999 -999 -999 0.95404 -999
1632 -999 -999 -999 -999 -999 0.93781 -999
1633 -999 -999 -999 -999 -999 0.92065 -999
1634 -999 -999 -999 -999 -999 0.8931 -999
1635 -999 -999 -999 -999 -999 0.86426 -999
1636 -999 -999 -999 -999 -999 0.82132 -999
1637 -999 -999 -999 -999 -999 0.77646 -999
1638 -999 -999 -999 -999 -999 0.72112 -999
1639 -999 -999 -999 -999 -999 0.6641 -999
1640 -999 -999 -999 -999 -999 0.60357 -999
1641 -999 -999 -999 -999 -999 0.54261 -999
1642 -999 -999 -999 -999 -999 0.48536 -999
1643 -999 -999 -999 -999 -999 0.42868 -999
1644 -999 -999 -999 -999 -999 0.38166 -999
1645 -999 -999 -999 -999 -999 0.3358 -999
1646 -999 -999 -999 -999 -999 0.29148 -999
1647 -999 -999 -999 -999 -999 0.24739 -999
1648 -999 -999 -999 -999 -999 0.1999 -999
1649 -999 -999 -999 -999 -999 0.1519 -999
1650 -999 -999 -999 -999 -999 0.11741 -999
1651 -999 -999 -999 -999 -999 0.08496 -999
1652 -999 -999 -999 -999 -999 0.06911 -999
1653 -999 -999 -999 -999 -999 0.05542 -999
1654 -999 -999 -999 -999 -999 0.04733 -999
1655 -999 -999 -999 -999 -999 0.04009 -999
1656 -999 -999 -999 -999 -999 0.03435 -999
1657 -999 -999 -999 -999 -999 0.02885 -999
1658 -999 -999 -999 -999 -999 0.02362 -999
1659 -999 -999 -999 -999 -999 0.01843 -999
1660 -999 -999 -999 -999 -999 0.01373 -999
1661 -999 -999 -999 -999 -999 -999 -999
1662 -999 -999 -999 -999 -999 -999 -999
1663 -999 -999 -999 -999 -999 -999 -999
1664 -999 -999 -999 -999 -999 -999 -999
1665 -999 -999 -999 -999 -999 -999 -999
1666 -999 -999 -999 -999 -999 -999 -999
1667 -999 -999 -999 -999 -999 -999 -999
1668 -999 -999 -999 -999 -999 -999 -999
1669 -999 -999 -999 -999 -999 -999 -999
1670 -999 -999 -999 -999 -999 -999 -999
1671 -999 -999 -999 -999 -999 -999 -999
1672 -999 -999 -999 -999 -999 -999 -999
1673 -999 -999 -999 -999 -999 -999 -999
1674 -999 -999 -999 -999 -999 -999 -999
1675 -999 -999 -999 -999 -999 -999 -999
1676 -999 -999 -999 -999 -999 -999 -999
1677 -999 -999 -999 -999 -999 -999 -999
1678 -999 -999 -999 -999 -999 -999 -999
1679 -999 -999 -999 -999 -999 -999 -999
1680 -999 -999 -999 -999 -999 -999 -999
1681 -999 -999 -999 -999 -999 -999 -999
1682 -999 -999 -999 -999 -999 -999 -999
1683 -999 -999 -999 -999 -999 -999 -999
1684 -999 -999 -999 -999 -999 -999 -999
1685 -999 -999 -999 -999 -999 -999 -999
1686 -999 -999 -999 -999 -999 -999 -999
1687 -999 -999 -999 -999 -999 -999 -999
1688 -999 -999 -999 -999 -999 -999 -999
1689 -999 -999 -999 -999 -999 -999 -999
1690 -999 -999 -999 -999 -999 -999 -999
1691 -999 -999 -999 -999 -999 -999 -999
1692 -999 -999 -999 -999 -999 -999 -999
1693 -999 -999 -999 -999 -999 -999 -999
1694 -999 -999 -999 -999 -999 -999 -999
1695 -999 -999 -999 -999 -999 -999 -999
1696 -999 -999 -999 -999 -999 -999 -999
1697 -999 -999 -999 -999 -999 -999 -999
1698 -999 -999 -999 -999 -999 -999 -999
1699 -999 -999 -999 -999 -999 -999 -999
1700 -999 -999 -999 -999 -999 -999 -999
1701 -999 -999 -999 -999 -999 -999 -999
1702 -999 -999 -999 -999 -999 -999 -999
1703 -999 -999 -999 -999 -999 -999 -999
1704 -999 -999 -999 -999 -999 -999 -999
1705 -999 -999 -999 -999 -999 -999 -999
1706 -999 -999 -999 -999 -999 -999 -999
1707 -999 -999 -999 -999 -999 -999 -999
1708 -999 -999 -999 -999 -999 -999 -999
1709 -999 -999 -999 -999 -999 -999 -999
1710 -999 -999 -999 -999 -999 -999 -999
1711 -999 -999 -999 -999 -999 -999 -999
1712 -999 -999 -999 -999 -999 -999 -999
1713 -999 -999 -999 -999 -999 -999 -999
1714 -999 -999 -999 -999 -999 -999 -999
1715 -999 -999 -999 -999 -999 -999 -999
1716 -999 -999 -999 -999 -999 -999 -999
1717 -999 -999 -999 -999 -999 -999 -999
1718 -999 -999 -999 -999 -999 -999 -999
1719 -999 -999 -999 -999 -999 -999 -999
1720 -999 -999 -999 -999 -999 -999 -999
1721 -999 -999 -999 -999 -999 -999 -999
1722 -999 -999 -999 -999 -999 -999 -999
1723 -999 -999 -999 -999 -999 -999 -999
1724 -999 -999 -999 -999 -999 -999 -999
1725 -999 -999 -999 -999 -999 -999 -999
1726 -999 -999 -999 -999 -999 -999 -999
1727 -999 -999 -999 -999 -999 -999 -999
1728 -999 -999 -999 -999 -999 -999 -999
1729 -999 -999 -999 -999 -999 -999 -999
1730 -999 -999 -999 -999 -999 -999 -999
1731 -999 -999 -999 -999 -999 -999 -999
1732 -999 -999 -999 -999 -999 -999 -999
1733 -999 -999 -999 -999 -999 -999 -999
1734 -999 -999 -999 -999 -999 -999 -999
1735 -999 -999 -999 -999 -999 -999 -999
1736 -999 -999 -999 -999 -999 -999 -999
1737 -999 -999 -999 -999 -999 -999 -999
1738 -999 -999 -999 -999 -999 -999 -999
1739 -999 -999 -999 -999 -999 -999 -999
1740 -999 -999 -999 -999 -999 -999 -999
1741 -999 -999 -999 -999 -999 -999 -999
1742 -999 -999 -999 -999 -999 -999 -999
1743 -999 -999 -999 -999 -999 -999 -999
1744 -999 -999 -999 -999 -999 -999 -999
1745 -999 -999 -999 -999 -999 -999 -999
1746 -999 -999 -999 -999 -999 -999 -999
1747 -999 -999 -999 -999 -999 -999 -999
1748 -999 -999 -999 -999 -999 -999 -999
1749 -999 -999 -999 -999 -999 -999 -999
1750 -999 -999 -999 -999 -999 -999 -999
1751 -999 -999 -999 -999 -999 -999 -999
1752 -999 -999 -999 -999 -999 -999 -999
1753 -999 -999 -999 -999 -999 -999 -999
1754 -999 -999 -999 -999 -999 -999 -999
1755 -999 -999 -999 -999 -999 -999 -999
1756 -999 -999 -999 -999 -999 -999 -999
1757 -999 -999 -999 -999 -999 -999 -999
1758 -999 -999 -999 -999 -999 -999 -999
1759 -999 -999 -999 -999 -999 -999 -999
1760 -999 -999 -999 -999 -999 -999 -999
1761 -999 -999 -999 -999 -999 -999 -999
1762 -999 -999 -999 -999 -999 -999 -999
1763 -999 -999 -999 -999 -999 -999 -999
1764 -999 -999 -999 -999 -999 -999 -999
1765 -999 -999 -999 -999 -999 -999 -999
1766 -999 -999 -999 -999 -999 -999 -999
1767 -999 -999 -999 -999 -999 -999 -999
1768 -999 -999 -999 -999 -999 -999 -999
1769 -999 -999 -999 -999 -999 -999 -999
1770 -999 -999 -999 -999 -999 -999 -999
1771 -999 -999 -999 -999 -999 -999 -999
1772 -999 -999 -999 -999 -999 -999 -999
1773 -999 -999 -999 -999 -999 -999 -999
1774 -999 -999 -999 -999 -999 -999 -999
1775 -999 -999 -999 -999 -999 -999 -999
1776 -999 -999 -999 -999 -999 -999 -999
1777 -999 -999 -999 -999 -999 -999 -999
1778 -999 -999 -999 -999 -999 -999 -999
1779 -999 -999 -999 -999 -999 -999 -999
1780 -999 -999 -999 -999 -999 -999 -999
1781 -999 -999 -999 -999 -999 -999 -999
1782 -999 -999 -999 -999 -999 -999 -999
1783 -999 -999 -999 -999 -999 -999 -999
1784 -999 -999 -999 -999 -999 -999 -999
1785 -999 -999 -999 -999 -999 -999 -999
1786 -999 -999 -999 -999 -999 -999 -999
1787 -999 -999 -999 -999 -999 -999 -999
1788 -999 -999 -999 -999 -999 -999 -999
1789 -999 -999 -999 -999 -999 -999 -999
1790 -999 -999 -999 -999 -999 -999 -999
1791 -999 -999 -999 -999 -999 -999 -999
1792 -999 -999 -999 -999 -999 -999 -999
1793 -999 -999 -999 -999 -999 -999 -999
1794 -999 -999 -999 -999 -999 -999 -999
1795 -999 -999 -999 -999 -999 -999 -999
1796 -999 -999 -999 -999 -999 -999 -999
1797 -999 -999 -999 -999 -999 -999 -999
1798 -999 -999 -999 -999 -999 -999 -999
1799 -999 -999 -999 -999 -999 -999 -999
1800 -999 -999 -999 -999 -999 -999 -999
1801 -999 -999 -999 -999 -999 -999 -999
1802 -999 -999 -999 -999 -999 -999 -999
1803 -999 -999 -999 -999 -999 -999 -999
1804 -999 -999 -999 -999 -999 -999 -999
1805 -999 -999 -999 -999 -999 -999 -999
1806 -999 -999 -999 -999 -999 -999 -999
1807 -999 -999 -999 -999 -999 -999 -999
1808 -999 -999 -999 -999 -999 -999 -999
1809 -999 -999 -999 -999 -999 -999 -999
1810 -999 -999 -999 -999 -999 -999 -999
1811 -999 -999 -999 -999 -999 -999 -999
1812 -999 -999 -999 -999 -999 -999 -999
1813 -999 -999 -999 -999 -999 -999 -999
1814 -999 -999 -999 -999 -999 -999 -999
1815 -999 -999 -999 -999 -999 -999 -999
1816 -999 -999 -999 -999 -999 -999 -999
1817 -999 -999 -999 -999 -999 -999 -999
1818 -999 -999 -999 -999 -999 -999 -999
1819 -999 -999 -999 -999 -999 -999 -999
1820 -999 -999 -999 -999 -999 -999 -999
1821 -999 -999 -999 -999 -999 -999 -999
1822 -999 -999 -999 -999 -999 -999 -999
1823 -999 -999 -999 -999 -999 -999 -999
1824 -999 -999 -999 -999 -999 -999 -999
1825 -999 -999 -999 -999 -999 -999 -999
1826 -999 -999 -999 -999 -999 -999 -999
1827 -999 -999 -999 -999 -999 -999 -999
1828 -999 -999 -999 -999 -999 -999 -999
1829 -999 -999 -999 -999 -999 -999 -999
1830 -999 -999 -999 -999 -999 -999 -999
1831 -999 -999 -999 -999 -999 -999 -999
1832 -999 -999 -999 -999 -999 -999 -999
1833 -999 -999 -999 -999 -999 -999 -999
1834 -999 -999 -999 -999 -999 -999 -999
1835 -999 -999 -999 -999 -999 -999 -999
1836 -999 -999 -999 -999 -999 -999 -999
1837 -999 -999 -999 -999 -999 -999 -999
1838 -999 -999 -999 -999 -999 -999 -999
1839 -999 -999 -999 -999 -999 -999 -999
1840 -999 -999 -999 -999 -999 -999 -999
1841 -999 -999 -999 -999 -999 -999 -999
1842 -999 -999 -999 -999 -999 -999 -999
1843 -999 -999 -999 -999 -999 -999 -999
1844 -999 -999 -999 -999 -999 -999 -999
1845 -999 -999 -999 -999 -999 -999 -999
1846 -999 -999 -999 -999 -999 -999 -999
1847 -999 -999 -999 -999 -999 -999 -999
1848 -999 -999 -999 -999 -999 -999 -999
1849 -999 -999 -999 -999 -999 -999 -999
1850 -999 -999 -999 -999 -999 -999 -999
1851 -999 -999 -999 -999 -999 -999 -999
1852 -999 -999 -999 -999 -999 -999 -999
1853 -999 -999 -999 -999 -999 -999 -999
1854 -999 -999 -999 -999 -999 -999 -999
1855 -999 -999 -999 -999 -999 -999 -999
1856 -999 -999 -999 -999 -999 -999 -999
1857 -999 -999 -999 -999 -999 -999 -999
1858 -999 -999 -999 -999 -999 -999 -999
1859 -999 -999 -999 -999 -999 -999 -999
1860 -999 -999 -999 -999 -999 -999 -999
1861 -999 -999 -999 -999 -999 -999 -999
1862 -999 -999 -999 -999 -999 -999 -999
1863 -999 -999 -999 -999 -999 -999 -999
1864 -999 -999 -999 -999 -999 -999 -999
1865 -999 -999 -999 -999 -999 -999 -999
1866 -999 -999 -999 -999 -999 -999 -999
1867 -999 -999 -999 -999 -999 -999 -999
1868 -999 -999 -999 -999 -999 -999 -999
1869 -999 -999 -999 -999 -999 -999 -999
1870 -999 -999 -999 -999 -999 -999 -999
1871 -999 -999 -999 -999 -999 -999 -999
1872 -999 -999 -999 -999 -999 -999 -999
1873 -999 -999 -999 -999 -999 -999 -999
1874 -999 -999 -999 -999 -999 -999 -999
1875 -999 -999 -999 -999 -999 -999 -999
1876 -999 -999 -999 -999 -999 -999 -999
1877 -999 -999 -999 -999 -999 -999 -999
1878 -999 -999 -999 -999 -999 -999 -999
1879 -999 -999 -999 -999 -999 -999 -999
1880 -999 -999 -999 -999 -999 -999 -999
1881 -999 -999 -999 -999 -999 -999 -999
1882 -999 -999 -999 -999 -999 -999 -999
1883 -999 -999 -999 -999 -999 -999 -999
1884 -999 -999 -999 -999 -999 -999 -999
1885 -999 -999 -999 -999 -999 -999 -999
1886 -999 -999 -999 -999 -999 -999 -999
1887 -999 -999 -999 -999 -999 -999 -999
1888 -999 -999 -999 -999 -999 -999 -999
1889 -999 -999 -999 -999 -999 -999 -999
1890 -999 -999 -999 -999 -999 -999 -999
1891 -999 -999 -999 -999 -999 -999 -999
1892 -999 -999 -999 -999 -999 -999 -999
1893 -999 -999 -999 -999 -999 -999 -999
1894 -999 -999 -999 -999 -999 -999 -999
1895 -999 -999 -999 -999 -999 -999 -999
1896 -999 -999 -999 -999 -999 -999 -999
1897 -999 -999 -999 -999 -999 -999 -999
1898 -999 -999 -999 -999 -999 -999 -999
1899 -999 -999 -999 -999 -999 -999 -999
1900 -999 -999 -999 -999 -999 -999 -999
1901 -999 -999 -999 -999 -999 -999 -999
1902 -999 -999 -999 -999 -999 -999 -999
1903 -999 -999 -999 -999 -999 -999 -999
1904 -999 -999 -999 -999 -999 -999 -999
1905 -999 -999 -999 -999 -999 -999 -999
1906 -999 -999 -999 -999 -999 -999 -999
1907 -999 -999 -999 -999 -999 -999 -999
1908 -999 -999 -999 -999 -999 -999 -999
1909 -999 -999 -999 -999 -999 -999 -999
1910 -999 -999 -999 -999 -999 -999 -999
1911 -999 -999 -999 -999 -999 -999 -999
1912 -999 -999 -999 -999 -999 -999 -999
1913 -999 -999 -999 -999 -999 -999 -999
1914 -999 -999 -999 -999 -999 -999 -999
1915 -999 -999 -999 -999 -999 -999 -999
1916 -999 -999 -999 -999 -999 -999 -999
1917 -999 -999 -999 -999 -999 -999 -999
1918 -999 -999 -999 -999 -999 -999 -999
1919 -999 -999 -999 -999 -999 -999 -999
1920 -999 -999 -999 -999 -999 -999 -999
1921 -999 -999 -999 -999 -999 -999 -999
1922 -999 -999 -999 -999 -999 -999 -999
1923 -999 -999 -999 -999 -999 -999 -999
1924 -999 -999 -999 -999 -999 -999 -999
1925 -999 -999 -999 -999 -999 -999 -999
1926 -999 -999 -999 -999 -999 -999 -999
1927 -999 -999 -999 -999 -999 -999 -999
1928 -999 -999 -999 -999 -999 -999 -999
1929 -999 -999 -999 -999 -999 -999 -999
1930 -999 -999 -999 -999 -999 -999 -999
1931 -999 -999 -999 -999 -999 -999 -999
1932 -999 -999 -999 -999 -999 -999 -999
1933 -999 -999 -999 -999 -999 -999 -999
1934 -999 -999 -999 -999 -999 -999 -999
1935 -999 -999 -999 -999 -999 -999 -999
1936 -999 -999 -999 -999 -999 -999 -999
1937 -999 -999 -999 -999 -999 -999 -999
1938 -999 -999 -999 -999 -999 -999 -999
1939 -999 -999 -999 -999 -999 -999 -999
1940 -999 -999 -999 -999 -999 -999 -999
1941 -999 -999 -999 -999 -999 -999 -999
1942 -999 -999 -999 -999 -999 -999 -999
1943 -999 -999 -999 -999 -999 -999 -999
1944 -999 -999 -999 -999 -999 -999 -999
1945 -999 -999 -999 -999 -999 -999 -999
1946 -999 -999 -999 -999 -999 -999 -999
1947 -999 -999 -999 -999 -999 -999 -999
1948 -999 -999 -999 -999 -999 -999 -999
1949 -999 -999 -999 -999 -999 -999 -999
1950 -999 -999 -999 -999 -999 -999 -999
1951 -999 -999 -999 -999 -999 -999 -999
1952 -999 -999 -999 -999 -999 -999 -999
1953 -999 -999 -999 -999 -999 -999 -999
1954 -999 -999 -999 -999 -999 -999 -999
1955 -999 -999 -999 -999 -999 -999 -999
1956 -999 -999 -999 -999 -999 -999 -999
1957 -999 -999 -999 -999 -999 -999 -999
1958 -999 -999 -999 -999 -999 -999 -999
1959 -999 -999 -999 -999 -999 -999 -999
1960 -999 -999 -999 -999 -999 -999 -999
1961 -999 -999 -999 -999 -999 -999 -999
1962 -999 -999 -999 -999 -999 -999 -999
1963 -999 -999 -999 -999 -999 -999 -999
1964 -999 -999 -999 -999 -999 -999 -999
1965 -999 -999 -999 -999 -999 -999 -999
1966 -999 -999 -999 -999 -999 -999 -999
1967 -999 -999 -999 -999 -999 -999 -999
1968 -999 -999 -999 -999 -999 -999 -999
1969 -999 -999 -999 -999 -999 -999 -999
1970 -999 -999 -999 -999 -999 -999 -999
1971 -999 -999 -999 -999 -999 -999 -999
1972 -999 -999 -999 -999 -999 -999 -999
1973 -999 -999 -999 -999 -999 -999 -999
1974 -999 -999 -999 -999 -999 -999 -999
1975 -999 -999 -999 -999 -999 -999 -999
1976 -999 -999 -999 -999 -999 -999 -999
1977 -999 -999 -999 -999 -999 -999 -999
1978 -999 -999 -999 -999 -999 -999 -999
1979 -999 -999 -999 -999 -999 -999 -999
1980 -999 -999 -999 -999 -999 -999 -999
1981 -999 -999 -999 -999 -999 -999 -999
1982 -999 -999 -999 -999 -999 -999 -999
1983 -999 -999 -999 -999 -999 -999 -999
1984 -999 -999 -999 -999 -999 -999 -999
1985 -999 -999 -999 -999 -999 -999 -999
1986 -999 -999 -999 -999 -999 -999 -999
1987 -999 -999 -999 -999 -999 -999 -999
1988 -999 -999 -999 -999 -999 -999 -999
1989 -999 -999 -999 -999 -999 -999 -999
1990 -999 -999 -999 -999 -999 -999 -999
1991 -999 -999 -999 -999 -999 -999 -999
1992 -999 -999 -999 -999 -999 -999 -999
1993 -999 -999 -999 -999 -999 -999 -999
1994 -999 -999 -999 -999 -999 -999 -999
1995 -999 -999 -999 -999 -999 -999 -999
1996 -999 -999 -999 -999 -999 -999 -999
1997 -999 -999 -999 -999 -999 -999 -999
1998 -999 -999 -999 -999 -999 -999 -999
1999 -999 -999 -999 -999 -999 -999 -999
2000 -999 -999 -999 -999 -999 -999 -999
2001 -999 -999 -999 -999 -999 -999 -999
2002 -999 -999 -999 -999 -999 -999 -999
2003 -999 -999 -999 -999 -999 -999 -999
2004 -999 -999 -999 -999 -999 -999 -999
2005 -999 -999 -999 -999 -999 -999 -999
2006 -999 -999 -999 -999 -999 -999 -999
2007 -999 -999 -999 -999 -999 -999 -999
2008 -999 -999 -999 -999 -999 -999 -999
2009 -999 -999 -999 -999 -999 -999 -999
2010 -999 -999 -999 -999 -999 -999 -999
2011 -999 -999 -999 -999 -999 -999 -999
2012 -999 -999 -999 -999 -999 -999 -999
2013 -999 -999 -999 -999 -999 -999 -999
2014 -999 -999 -999 -999 -999 -999 -999
2015 -999 -999 -999 -999 -999 -999 -999
2016 -999 -999 -999 -999 -999 -999 -999
2017 -999 -999 -999 -999 -999 -999 -999
2018 -999 -999 -999 -999 -999 -999 -999
2019 -999 -999 -999 -999 -999 -999 -999
2020 -999 -999 -999 -999 -999 -999 -999
2021 -999 -999 -999 -999 -999 -999 -999
2022 -999 -999 -999 -999 -999 -999 -999
2023 -999 -999 -999 -999 -999 -999 -999
2024 -999 -999 -999 -999 -999 -999 -999
2025 -999 -999 -999 -999 -999 -999 -999
2026 -999 -999 -999 -999 -999 -999 -999
2027 -999 -999 -999 -999 -999 -999 -999
2028 -999 -999 -999 -999 -999 -999 -999
2029 -999 -999 -999 -999 -999 -999 -999
2030 -999 -999 -999 -999 -999 -999 -999
2031 -999 -999 -999 -999 -999 -999 -999
2032 -999 -999 -999 -999 -999 -999 -999
2033 -999 -999 -999 -999 -999 -999 -999
2034 -999 -999 -999 -999 -999 -999 -999
2035 -999 -999 -999 -999 -999 -999 -999
2036 -999 -999 -999 -999 -999 -999 -999
2037 -999 -999 -999 -999 -999 -999 -999
2038 -999 -999 -999 -999 -999 -999 -999
2039 -999 -999 -999 -999 -999 -999 -999
2040 -999 -999 -999 -999 -999 -999 -999
2041 -999 -999 -999 -999 -999 -999 -999
2042 -999 -999 -999 -999 -999 -999 -999
2043 -999 -999 -999 -999 -999 -999 -999
2044 -999 -999 -999 -999 -999 -999 -999
2045 -999 -999 -999 -999 -999 -999 -999
2046 -999 -999 -999 -999 -999 -999 -999
2047 -999 -999 -999 -999 -999 -999 -999
2048 -999 -999 -999 -999 -999 -999 -999
2049 -999 -999 -999 -999 -999 -999 -999
2050 -999 -999 -999 -999 -999 -999 -999
2051 -999 -999 -999 -999 -999 -999 -999
2052 -999 -999 -999 -999 -999 -999 -999
2053 -999 -999 -999 -999 -999 -999 -999
2054 -999 -999 -999 -999 -999 -999 -999
2055 -999 -999 -999 -999 -999 -999 -999
2056 -999 -999 -999 -999 -999 -999 -999
2057 -999 -999 -999 -999 -999 -999 -999
2058 -999 -999 -999 -999 -999 -999 0.01
2059 -999 -999 -999 -999 -999 -999 0.01032
2060 -999 -999 -999 -999 -999 -999 0.0109
2061 -999 -999 -999 -999 -999 -999 0.0124
2062 -999 -999 -999 -999 -999 -999 0.01455
2063 -999 -999 -999 -999 -999 -999 0.01671
2064 -999 -999 -999 -999 -999 -999 0.01887
2065 -999 -999 -999 -999 -999 -999 0.02103
2066 -999 -999 -999 -999 -999 -999 0.02429
2067 -999 -999 -999 -999 -999 -999 0.02895
2068 -999 -999 -999 -999 -999 -999 0.03361
2069 -999 -999 -999 -999 -999 -999 0.03826
2070 -999 -999 -999 -999 -999 -999 0.04292
2071 -999 -999 -999 -999 -999 -999 0.05008
2072 -999 -999 -999 -999 -999 -999 0.06059
2073 -999 -999 -999 -999 -999 -999 0.0711
2074 -999 -999 -999 -999 -999 -999 0.08161
2075 -999 -999 -999 -999 -999 -999 0.09211
2076 -999 -999 -999 -999 -999 -999 0.10913
2077 -999 -999 -999 -999 -999 -999 0.13471
2078 -999 -999 -999 -999 -999 -999 0.1603
2079 -999 -999 -999 -999 -999 -999 0.18588
2080 -999 -999 -999 -999 -999 -999 0.21146
2081 -999 -999 -999 -999 -999 -999 0.24528
2082 -999 -999 -999 -999 -999 -999 0.28908
2083 -999 -999 -999 -999 -999 -999 0.33288
2084 -999 -999 -999 -999 -999 -999 0.37668
2085 -999 -999 -999 -999 -999 -999 0.42048
2086 -999 -999 -999 -999 -999 -999 0.46826
2087 -999 -999 -999 -999 -999 -999 0.52114
2088 -999 -999 -999 -999 -999 -999 0.57402
2089 -999 -999 -999 -999 -999 -999 0.6269
2090 -999 -999 -999 -999 -999 -999 0.67979
2091 -999 -999 -999 -999 -999 -999 0.72797
2092 -999 -999 -999 -999 -999 -999 0.77021
2093 -999 -999 -999 -999 -999 -999 0.81245
2094 -999 -999 -999 -999 -999 -999 0.85469
2095 -999 -999 -999 -999 -999 -999 0.89692
2096 -999 -999 -999 -999 -999 -999 0.92613
2097 -999 -999 -999 -999 -999 -999 0.93915
2098 -999 -999 -999 -999 -999 -999 0.95218
2099 -999 -999 -999 -999 -999 -999 0.9652
2100 -999 -999 -999 -999 -999 -999 0.97822
2101 -999 -999 -999 -999 -999 -999 0.98672
2102 -999 -999 -999 -999 -999 -999 0.98964
2103 -999 -999 -999 -999 -999 -999 0.99255
2104 -999 -999 -999 -999 -999 -999 0.99546
2105 -999 -999 -999 -999 -999 -999 0.99837
2106 -999 -999 -999 -999 -999 -999 0.9927
2107 -999 -999 -999 -999 -999 -999 0.97616
2108 -999 -999 -999 -999 -999 -999 0.95962
2109 -999 -999 -999 -999 -999 -999 0.94308
2110 -999 -999 -999 -999 -999 -999 0.92654
2111 -999 -999 -999 -999 -999 -999 0.91325
2112 -999 -999 -999 -999 -999 -999 0.90397
2113 -999 -999 -999 -999 -999 -999 0.89468
2114 -999 -999 -999 -999 -999 -999 0.8854
2115 -999 -999 -999 -999 -999 -999 0.87611
2116 -999 -999 -999 -999 -999 -999 0.86415
2117 -999 -999 -999 -999 -999 -999 0.84886
2118 -999 -999 -999 -999 -999 -999 0.83357
2119 -999 -999 -999 -999 -999 -999 0.81828
2120 -999 -999 -999 -999 -999 -999 0.803
2121 -999 -999 -999 -999 -999 -999 0.78706
2122 -999 -999 -999 -999 -999 -999 0.77023
2123 -999 -999 -999 -999 -999 -999 0.75341
2124 -999 -999 -999 -999 -999 -999 0.73659
2125 -999 -999 -999 -999 -999 -999 0.71977
2126 -999 -999 -999 -999 -999 -999 0.70433
2127 -999 -999 -999 -999 -999 -999 0.69055
2128 -999 -999 -999 -999 -999 -999 0.67677
2129 -999 -999 -999 -999 -999 -999 0.66299
2130 -999 -999 -999 -999 -999 -999 0.64921
2131 -999 -999 -999 -999 -999 -999 0.6345
2132 -999 -999 -999 -999 -999 -999 0.61858
2133 -999 -999 -999 -999 -999 -999 0.60266
2134 -999 -999 -999 -999 -999 -999 0.58674
2135 -999 -999 -999 -999 -999 -999 0.57081
2136 -999 -999 -999 -999 -999 -999 0.55518
2137 -999 -999 -999 -999 -999 -999 0.53989
2138 -999 -999 -999 -999 -999 -999 0.52461
2139 -999 -999 -999 -999 -999 -999 0.50933
2140 -999 -999 -999 -999 -999 -999 0.49405
2141 -999 -999 -999 -999 -999 -999 0.47672
2142 -999 -999 -999 -999 -999 -999 0.45684
2143 -999 -999 -999 -999 -999 -999 0.43695
2144 -999 -999 -999 -999 -999 -999 0.41707
2145 -999 -999 -999 -999 -999 -999 0.39718
2146 -999 -999 -999 -999 -999 -999 0.37563
2147 -999 -999 -999 -999 -999 -999 0.35205
2148 -999 -999 -999 -999 -999 -999 0.32847
2149 -999 -999 -999 -999 -999 -999 0.30489
2150 -999 -999 -999 -999 -999 -999 0.28131
2151 -999 -999 -999 -999 -999 -999 0.25785
2152 -999 -999 -999 -999 -999 -999 0.23455
2153 -999 -999 -999 -999 -999 -999 0.21125
2154 -999 -999 -999 -999 -999 -999 0.18795
2155 -999 -999 -999 -999 -999 -999 0.16465
2156 -999 -999 -999 -999 -999 -999 0.14512
2157 -999 -999 -999 -999 -999 -999 0.13026
2158 -999 -999 -999 -999 -999 -999 0.11539
2159 -999 -999 -999 -999 -999 -999 0.10053
2160 -999 -999 -999 -999 -999 -999 0.08566
2161 -999 -999 -999 -999 -999 -999 0.07402
2162 -999 -999 -999 -999 -999 -999 0.06659
2163 -999 -999 -999 -999 -999 -999 0.05916
2164 -999 -999 -999 -999 -999 -999 0.05173
2165 -999 -999 -999 -999 -999 -999 0.0443
2166 -999 -999 -999 -999 -999 -999 0.03826
2167 -999 -999 -999 -999 -999 -999 0.03395
2168 -999 -999 -999 -999 -999 -999 0.02963
2169 -999 -999 -999 -999 -999 -999 0.02532
2170 -999 -999 -999 -999 -999 -999 0.021
2171 -999 -999 -999 -999 -999 -999 0.01771
2172 -999 -999 -999 -999 -999 -999 0.01565
2173 -999 -999 -999 -999 -999 -999 0.01359
2174 -999 -999 -999 -999 -999 -999 0.01153
2175 -999 -999 -999 -999 -999 -999 0.01036
2176 -999 -999 -999 -999 -999 -999 -999
2177 -999 -999 -999 -999 -999 -999 -999
2178 -999 -999 -999 -999 -999 -999 -999
2179 -999 -999 -999 -999 -999 -999 -999
2180 -999 -999 -999 -999 -999 -999 -999
2181 -999 -999 -999 -999 -999 -999 -999
2182 -999 -999 -999 -999 -999 -999 -999
2183 -999 -999 -999 -999 -999 -999 -999
2184 -999 -999 -999 -999 -999 -999 -999
2185 -999 -999 -999 -999 -999 -999 -999
2186 -999 -999 -999 -999 -999 -999 -999
2187 -999 -999 -999 -999 -999 -999 -999
2188 -999 -999 -999 -999 -999 -999 -999
2189 -999 -999 -999 -999 -999 -999 -999
2190 -999 -999 -999 -999 -999 -999 -999
2191 -999 -999 -999 -999 -999 -999 -999
2192 -999 -999 -999 -999 -999 -999 -999
2193 -999 -999 -999 -999 -999 -999 -999
2194 -999 -999 -999 -999 -999 -999 -999
2195 -999 -999 -999 -999 -999 -999 -999
2196 -999 -999 -999 -999 -999 -999 -999
2197 -999 -999 -999 -999 -999 -999 -999
2198 -999 -999 -999 -999 -999 -999 -999
2199 -999 -999 -999 -999 -999 -999 -999
